Time,Channel A,Channel B
(ms),(mV),(V)

-2.36458661,0.39370080,-0.07874016
-2.36417861,0.78740160,0.00000000
-2.36377061,0.78740160,-0.07874016
-2.36336261,0.78740160,0.00000000
-2.36295461,0.39370080,-0.07874016
-2.36254661,0.39370080,0.00000000
-2.36213861,0.39370080,0.00000000
-2.36173061,0.78740160,-0.07874016
-2.36132262,0.39370080,0.00000000
-2.36091462,0.78740160,0.00000000
-2.36050662,0.78740160,-0.07874016
-2.36009862,0.39370080,-0.07874016
-2.35969062,0.39370080,0.00000000
-2.35928262,0.78740160,0.00000000
-2.35887462,0.78740160,0.00000000
-2.35846662,0.78740160,0.00000000
-2.35805862,0.39370080,0.00000000
-2.35765062,0.78740160,-0.07874016
-2.35724262,0.39370080,0.00000000
-2.35683462,0.39370080,0.00000000
-2.35642662,0.78740160,0.00000000
-2.35601862,0.39370080,0.00000000
-2.35561062,0.39370080,-0.07874016
-2.35520262,0.39370080,0.00000000
-2.35479462,0.78740160,-0.07874016
-2.35438662,0.39370080,0.00000000
-2.35397862,0.78740160,0.00000000
-2.35357062,0.39370080,0.00000000
-2.35316262,0.39370080,-0.07874016
-2.35275462,0.39370080,-0.07874016
-2.35234662,0.39370080,0.00000000
-2.35193862,0.39370080,0.00000000
-2.35153062,0.39370080,0.00000000
-2.35112262,0.39370080,0.00000000
-2.35071462,0.78740160,0.00000000
-2.35030662,0.39370080,0.00000000
-2.34989862,0.78740160,-0.07874016
-2.34949062,0.39370080,-0.07874016
-2.34908262,0.39370080,-0.07874016
-2.34867462,0.78740160,-0.07874016
-2.34826662,0.39370080,0.00000000
-2.34785862,0.78740160,-0.07874016
-2.34745062,0.78740160,0.00000000
-2.34704262,0.39370080,0.00000000
-2.34663462,0.78740160,0.00000000
-2.34622662,0.39370080,0.00000000
-2.34581862,0.39370080,0.00000000
-2.34541062,0.78740160,-0.07874016
-2.34500262,0.78740160,0.00000000
-2.34459462,0.39370080,0.00000000
-2.34418662,0.78740160,0.00000000
-2.34377862,0.39370080,-0.07874016
-2.34337062,0.78740160,-0.07874016
-2.34296262,0.39370080,0.00000000
-2.34255462,0.39370080,0.00000000
-2.34214662,0.78740160,0.00000000
-2.34173862,0.39370080,0.00000000
-2.34133062,0.39370080,0.00000000
-2.34092262,0.78740160,-0.07874016
-2.34051462,0.39370080,0.00000000
-2.34010662,0.78740160,-0.07874016
-2.33969862,0.39370080,0.00000000
-2.33929062,0.39370080,0.00000000
-2.33888262,0.78740160,-0.07874016
-2.33847462,0.78740160,-0.07874016
-2.33806662,0.39370080,0.00000000
-2.33765862,0.78740160,0.00000000
-2.33725062,0.39370080,0.00000000
-2.33684262,0.78740160,0.00000000
-2.33643462,0.78740160,0.00000000
-2.33602662,0.39370080,0.00000000
-2.33561862,0.78740160,-0.07874016
-2.33521062,0.78740160,-0.07874016
-2.33480262,0.39370080,0.00000000
-2.33439462,0.39370080,-0.07874016
-2.33398662,0.39370080,0.00000000
-2.33357862,0.78740160,0.00000000
-2.33317062,0.39370080,0.00000000
-2.33276262,0.78740160,0.00000000
-2.33235462,0.39370080,0.00000000
-2.33194662,0.78740160,0.00000000
-2.33153862,0.39370080,0.00000000
-2.33113062,0.39370080,0.00000000
-2.33072262,0.39370080,0.00000000
-2.33031462,0.78740160,-0.07874016
-2.32990662,0.39370080,0.00000000
-2.32949862,0.39370080,0.00000000
-2.32909062,0.39370080,0.00000000
-2.32868262,0.39370080,0.00000000
-2.32827462,0.39370080,0.00000000
-2.32786662,0.39370080,0.00000000
-2.32745862,0.39370080,0.00000000
-2.32705062,0.78740160,0.00000000
-2.32664262,0.39370080,0.00000000
-2.32623462,0.78740160,0.00000000
-2.32582662,0.78740160,0.00000000
-2.32541862,0.78740160,-0.07874016
-2.32501062,0.39370080,-0.07874016
-2.32460262,0.78740160,0.00000000
-2.32419462,0.39370080,0.00000000
-2.32378662,0.39370080,0.00000000
-2.32337862,0.39370080,0.00000000
-2.32297062,0.39370080,-0.07874016
-2.32256262,0.00000000,0.00000000
-2.32215462,0.39370080,0.00000000
-2.32174662,0.39370080,-0.07874016
-2.32133862,0.39370080,0.00000000
-2.32093062,0.39370080,0.00000000
-2.32052262,0.39370080,-0.07874016
-2.32011462,0.39370080,-0.07874016
-2.31970662,0.39370080,0.00000000
-2.31929862,0.39370080,0.00000000
-2.31889062,0.78740160,0.00000000
-2.31848262,0.78740160,-0.07874016
-2.31807462,0.39370080,0.00000000
-2.31766662,0.78740160,0.00000000
-2.31725862,0.39370080,0.00000000
-2.31685062,0.39370080,0.00000000
-2.31644262,0.39370080,0.00000000
-2.31603462,0.39370080,0.00000000
-2.31562662,0.78740160,-0.07874016
-2.31521862,0.78740160,-0.07874016
-2.31481062,0.78740160,-0.07874016
-2.31440262,0.78740160,0.00000000
-2.31399462,0.39370080,-0.07874016
-2.31358662,0.78740160,0.00000000
-2.31317862,0.39370080,0.00000000
-2.31277062,0.39370080,0.00000000
-2.31236262,0.78740160,0.00000000
-2.31195462,0.39370080,-0.07874016
-2.31154662,0.39370080,-0.07874016
-2.31113862,0.39370080,0.00000000
-2.31073062,0.78740160,-0.07874016
-2.31032262,0.39370080,0.00000000
-2.30991462,0.78740160,-0.07874016
-2.30950662,0.39370080,0.00000000
-2.30909862,0.39370080,-0.07874016
-2.30869062,0.39370080,0.00000000
-2.30828262,0.78740160,0.00000000
-2.30787462,0.39370080,0.00000000
-2.30746662,0.78740160,0.00000000
-2.30705862,0.39370080,0.00000000
-2.30665062,0.39370080,0.00000000
-2.30624262,0.78740160,0.00000000
-2.30583462,0.39370080,0.00000000
-2.30542662,0.39370080,0.00000000
-2.30501862,0.39370080,0.00000000
-2.30461062,0.39370080,0.00000000
-2.30420262,0.39370080,0.00000000
-2.30379462,0.39370080,0.00000000
-2.30338662,0.39370080,-0.07874016
-2.30297862,0.39370080,0.00000000
-2.30257062,0.39370080,0.00000000
-2.30216262,0.39370080,-0.07874016
-2.30175462,0.78740160,0.00000000
-2.30134662,0.39370080,0.00000000
-2.30093862,0.39370080,0.00000000
-2.30053062,0.39370080,0.00000000
-2.30012262,0.00000000,0.00000000
-2.29971462,0.39370080,0.00000000
-2.29930662,0.39370080,-0.07874016
-2.29889862,0.39370080,0.00000000
-2.29849062,0.39370080,0.00000000
-2.29808262,0.78740160,-0.07874016
-2.29767462,0.39370080,-0.07874016
-2.29726662,0.39370080,0.00000000
-2.29685862,0.39370080,-0.07874016
-2.29645062,0.39370080,0.00000000
-2.29604262,0.39370080,-0.07874016
-2.29563462,0.39370080,0.00000000
-2.29522662,0.78740160,0.00000000
-2.29481862,0.78740160,0.00000000
-2.29441062,0.39370080,0.00000000
-2.29400262,0.39370080,0.00000000
-2.29359462,0.39370080,-0.07874016
-2.29318662,0.39370080,0.00000000
-2.29277862,0.78740160,-0.07874016
-2.29237062,0.78740160,-0.07874016
-2.29196262,0.39370080,-0.07874016
-2.29155462,0.39370080,0.00000000
-2.29114662,0.39370080,0.00000000
-2.29073862,0.39370080,0.00000000
-2.29033062,0.39370080,0.00000000
-2.28992262,0.39370080,-0.07874016
-2.28951462,0.78740160,-0.07874016
-2.28910662,0.78740160,0.00000000
-2.28869862,0.78740160,0.00000000
-2.28829062,0.78740160,0.00000000
-2.28788262,0.39370080,0.00000000
-2.28747462,0.78740160,0.00000000
-2.28706662,0.39370080,0.00000000
-2.28665862,0.39370080,-0.07874016
-2.28625062,0.78740160,-0.07874016
-2.28584262,0.39370080,0.00000000
-2.28543462,0.78740160,-0.07874016
-2.28502662,0.39370080,0.00000000
-2.28461862,0.39370080,0.00000000
-2.28421062,0.00000000,0.00000000
-2.28380262,0.39370080,-0.07874016
-2.28339462,0.39370080,0.00000000
-2.28298662,0.39370080,-0.07874016
-2.28257862,0.39370080,0.00000000
-2.28217062,0.39370080,-0.07874016
-2.28176262,0.39370080,0.00000000
-2.28135462,0.39370080,-0.07874016
-2.28094662,0.39370080,0.00000000
-2.28053862,0.39370080,-0.07874016
-2.28013062,0.39370080,-0.07874016
-2.27972262,0.39370080,0.00000000
-2.27931462,1.18110200,0.00000000
-2.27890662,0.39370080,0.00000000
-2.27849862,0.78740160,0.00000000
-2.27809062,0.78740160,-0.07874016
-2.27768262,0.39370080,0.00000000
-2.27727462,0.39370080,0.00000000
-2.27686662,0.39370080,0.00000000
-2.27645862,0.39370080,0.00000000
-2.27605062,0.39370080,0.00000000
-2.27564262,0.39370080,0.00000000
-2.27523462,0.39370080,0.00000000
-2.27482662,0.39370080,0.00000000
-2.27441862,0.39370080,-0.07874016
-2.27401062,0.39370080,0.00000000
-2.27360262,0.39370080,-0.07874016
-2.27319462,0.39370080,-0.07874016
-2.27278662,0.39370080,-0.07874016
-2.27237862,0.39370080,0.00000000
-2.27197062,0.39370080,0.00000000
-2.27156262,0.78740160,0.00000000
-2.27115462,0.00000000,0.00000000
-2.27074662,0.78740160,0.00000000
-2.27033862,0.39370080,0.00000000
-2.26993062,0.78740160,-0.07874016
-2.26952262,0.78740160,0.00000000
-2.26911462,0.39370080,0.00000000
-2.26870662,0.78740160,0.00000000
-2.26829862,0.78740160,0.00000000
-2.26789062,0.39370080,0.00000000
-2.26748262,0.78740160,-0.07874016
-2.26707462,0.78740160,0.00000000
-2.26666662,0.39370080,-0.07874016
-2.26625862,0.39370080,0.00000000
-2.26585062,0.39370080,0.00000000
-2.26544262,0.39370080,-0.07874016
-2.26503462,0.39370080,0.00000000
-2.26462662,0.78740160,0.00000000
-2.26421862,0.78740160,0.00000000
-2.26381062,0.39370080,0.00000000
-2.26340262,0.78740160,-0.07874016
-2.26299462,0.39370080,0.00000000
-2.26258662,0.39370080,0.00000000
-2.26217862,0.39370080,0.00000000
-2.26177062,0.78740160,0.00000000
-2.26136262,0.78740160,-0.07874016
-2.26095462,0.39370080,-0.07874016
-2.26054662,0.39370080,0.00000000
-2.26013862,0.39370080,-0.07874016
-2.25973062,0.39370080,0.00000000
-2.25932262,0.39370080,0.00000000
-2.25891462,0.39370080,0.00000000
-2.25850662,0.39370080,0.00000000
-2.25809862,0.39370080,-0.07874016
-2.25769062,0.39370080,0.00000000
-2.25728262,0.39370080,0.00000000
-2.25687462,0.78740160,-0.07874016
-2.25646662,0.39370080,0.00000000
-2.25605862,0.39370080,0.00000000
-2.25565062,0.39370080,0.00000000
-2.25524262,0.39370080,0.00000000
-2.25483462,0.39370080,0.00000000
-2.25442662,0.78740160,-0.07874016
-2.25401862,0.39370080,0.00000000
-2.25361062,0.78740160,0.00000000
-2.25320262,0.78740160,0.00000000
-2.25279462,0.78740160,0.00000000
-2.25238662,0.39370080,0.00000000
-2.25197862,0.39370080,-0.07874016
-2.25157062,0.39370080,0.00000000
-2.25116262,0.39370080,-0.07874016
-2.25075462,0.39370080,-0.07874016
-2.25034662,0.39370080,0.00000000
-2.24993862,0.39370080,0.00000000
-2.24953062,0.00000000,0.00000000
-2.24912262,0.39370080,0.00000000
-2.24871462,0.39370080,-0.07874016
-2.24830662,0.00000000,0.00000000
-2.24789862,0.78740160,0.00000000
-2.24749062,0.39370080,-0.07874016
-2.24708262,0.00000000,0.00000000
-2.24667462,0.39370080,-0.07874016
-2.24626662,0.78740160,0.00000000
-2.24585862,0.39370080,-0.07874016
-2.24545062,1.18110200,0.00000000
-2.24504262,0.39370080,0.00000000
-2.24463462,0.39370080,0.00000000
-2.24422662,0.39370080,0.00000000
-2.24381862,0.78740160,-0.07874016
-2.24341062,0.00000000,-0.07874016
-2.24300262,0.39370080,0.00000000
-2.24259462,0.39370080,-0.07874016
-2.24218662,0.39370080,-0.07874016
-2.24177862,0.78740160,0.00000000
-2.24137062,0.39370080,0.00000000
-2.24096262,0.78740160,0.00000000
-2.24055462,0.39370080,0.00000000
-2.24014662,0.78740160,0.00000000
-2.23973862,0.78740160,-0.07874016
-2.23933062,0.78740160,0.00000000
-2.23892262,0.78740160,-0.07874016
-2.23851462,0.39370080,0.00000000
-2.23810662,0.39370080,0.00000000
-2.23769862,0.39370080,0.00000000
-2.23729062,0.39370080,-0.07874016
-2.23688262,0.39370080,0.00000000
-2.23647462,0.78740160,0.00000000
-2.23606662,0.78740160,0.00000000
-2.23565862,0.39370080,0.00000000
-2.23525062,0.39370080,-0.07874016
-2.23484262,0.39370080,0.00000000
-2.23443462,0.78740160,-0.07874016
-2.23402662,0.39370080,0.00000000
-2.23361862,0.39370080,0.00000000
-2.23321062,0.78740160,0.00000000
-2.23280262,0.78740160,-0.07874016
-2.23239462,0.00000000,0.00000000
-2.23198662,0.39370080,0.00000000
-2.23157862,0.39370080,-0.07874016
-2.23117062,0.39370080,0.00000000
-2.23076262,0.39370080,-0.07874016
-2.23035462,0.39370080,0.00000000
-2.22994662,0.39370080,0.00000000
-2.22953862,0.39370080,0.00000000
-2.22913062,0.39370080,0.00000000
-2.22872262,0.39370080,0.00000000
-2.22831462,0.78740160,0.00000000
-2.22790662,0.39370080,0.00000000
-2.22749862,0.39370080,-0.07874016
-2.22709062,0.39370080,0.00000000
-2.22668262,0.39370080,-0.07874016
-2.22627462,0.39370080,0.00000000
-2.22586662,0.39370080,-0.07874016
-2.22545862,0.39370080,0.00000000
-2.22505062,0.78740160,0.00000000
-2.22464262,0.39370080,0.00000000
-2.22423462,0.78740160,-0.07874016
-2.22382662,0.39370080,-0.07874016
-2.22341862,0.78740160,0.00000000
-2.22301062,0.39370080,0.00000000
-2.22260262,0.39370080,0.00000000
-2.22219462,0.39370080,-0.07874016
-2.22178662,0.39370080,0.00000000
-2.22137862,0.39370080,-0.07874016
-2.22097062,0.39370080,0.00000000
-2.22056262,0.78740160,0.00000000
-2.22015462,0.39370080,0.00000000
-2.21974662,0.39370080,0.00000000
-2.21933862,0.39370080,-0.07874016
-2.21893062,0.39370080,0.00000000
-2.21852262,0.39370080,-0.07874016
-2.21811462,0.39370080,0.00000000
-2.21770662,0.78740160,0.00000000
-2.21729862,0.39370080,0.00000000
-2.21689062,0.39370080,0.00000000
-2.21648262,0.78740160,0.00000000
-2.21607462,0.39370080,0.00000000
-2.21566662,0.78740160,0.00000000
-2.21525862,0.78740160,-0.07874016
-2.21485062,0.39370080,0.00000000
-2.21444262,0.78740160,0.00000000
-2.21403462,0.39370080,0.00000000
-2.21362662,0.78740160,-0.07874016
-2.21321862,0.39370080,0.00000000
-2.21281062,0.39370080,-0.07874016
-2.21240262,0.39370080,0.00000000
-2.21199462,0.39370080,0.00000000
-2.21158662,0.78740160,-0.07874016
-2.21117862,0.39370080,0.00000000
-2.21077062,0.39370080,-0.07874016
-2.21036262,0.78740160,0.00000000
-2.20995462,0.78740160,0.00000000
-2.20954662,0.78740160,0.00000000
-2.20913862,0.78740160,0.00000000
-2.20873062,0.78740160,0.00000000
-2.20832262,0.78740160,-0.07874016
-2.20791462,0.39370080,-0.07874016
-2.20750662,0.39370080,0.00000000
-2.20709862,0.78740160,-0.07874016
-2.20669062,0.39370080,0.00000000
-2.20628262,1.18110200,-0.07874016
-2.20587462,0.39370080,0.00000000
-2.20546662,0.39370080,0.00000000
-2.20505862,0.39370080,0.00000000
-2.20465062,0.39370080,0.00000000
-2.20424262,0.39370080,-0.07874016
-2.20383462,0.39370080,0.00000000
-2.20342662,0.78740160,-0.07874016
-2.20301862,0.39370080,0.00000000
-2.20261062,0.00000000,0.00000000
-2.20220262,0.39370080,0.00000000
-2.20179462,0.39370080,0.00000000
-2.20138662,0.39370080,-0.07874016
-2.20097862,0.39370080,-0.07874016
-2.20057062,0.78740160,-0.07874016
-2.20016262,0.39370080,0.00000000
-2.19975462,0.39370080,-0.07874016
-2.19934662,0.39370080,0.00000000
-2.19893862,0.39370080,0.00000000
-2.19853062,0.39370080,-0.07874016
-2.19812262,0.78740160,0.00000000
-2.19771462,0.39370080,0.00000000
-2.19730662,0.39370080,0.00000000
-2.19689862,0.39370080,0.00000000
-2.19649062,0.39370080,-0.07874016
-2.19608262,0.39370080,0.00000000
-2.19567462,0.39370080,0.00000000
-2.19526662,0.39370080,0.00000000
-2.19485862,0.39370080,0.00000000
-2.19445062,0.39370080,0.00000000
-2.19404262,0.39370080,-0.07874016
-2.19363462,0.39370080,-0.07874016
-2.19322662,0.00000000,0.00000000
-2.19281862,0.78740160,0.00000000
-2.19241062,0.78740160,0.00000000
-2.19200262,0.39370080,0.00000000
-2.19159462,0.78740160,-0.07874016
-2.19118662,0.78740160,-0.07874016
-2.19077862,0.39370080,0.00000000
-2.19037062,0.78740160,0.00000000
-2.18996262,0.39370080,-0.07874016
-2.18955462,0.78740160,0.00000000
-2.18914662,0.39370080,0.00000000
-2.18873862,0.78740160,-0.07874016
-2.18833062,0.39370080,0.00000000
-2.18792262,0.39370080,0.00000000
-2.18751462,0.78740160,-0.07874016
-2.18710662,0.78740160,0.00000000
-2.18669862,0.78740160,-0.07874016
-2.18629062,0.39370080,0.00000000
-2.18588262,0.39370080,0.00000000
-2.18547462,0.39370080,0.00000000
-2.18506662,0.78740160,0.00000000
-2.18465863,0.39370080,0.00000000
-2.18425063,0.39370080,0.00000000
-2.18384263,0.78740160,0.00000000
-2.18343463,0.78740160,-0.07874016
-2.18302663,0.39370080,0.00000000
-2.18261863,0.78740160,0.00000000
-2.18221063,0.39370080,-0.07874016
-2.18180263,0.39370080,0.00000000
-2.18139463,0.39370080,0.00000000
-2.18098663,0.39370080,0.00000000
-2.18057863,0.78740160,0.00000000
-2.18017063,0.78740160,0.00000000
-2.17976263,0.39370080,0.00000000
-2.17935463,0.39370080,0.00000000
-2.17894663,0.39370080,0.00000000
-2.17853863,0.39370080,0.00000000
-2.17813063,0.78740160,0.00000000
-2.17772263,0.39370080,0.00000000
-2.17731463,0.39370080,0.00000000
-2.17690663,0.39370080,0.00000000
-2.17649863,0.39370080,0.00000000
-2.17609063,0.78740160,0.00000000
-2.17568263,0.39370080,0.00000000
-2.17527463,0.78740160,0.00000000
-2.17486663,0.39370080,0.00000000
-2.17445863,0.39370080,0.00000000
-2.17405063,0.39370080,0.00000000
-2.17364263,0.78740160,0.00000000
-2.17323463,0.00000000,0.00000000
-2.17282663,0.78740160,0.00000000
-2.17241863,0.39370080,0.00000000
-2.17201063,0.39370080,-0.07874016
-2.17160263,0.78740160,0.00000000
-2.17119463,0.39370080,0.00000000
-2.17078663,0.39370080,0.00000000
-2.17037863,0.39370080,-0.07874016
-2.16997063,0.39370080,0.00000000
-2.16956263,0.39370080,0.00000000
-2.16915463,0.39370080,0.00000000
-2.16874663,0.78740160,0.00000000
-2.16833863,0.39370080,0.00000000
-2.16793063,0.78740160,0.00000000
-2.16752263,0.39370080,0.00000000
-2.16711463,0.78740160,0.00000000
-2.16670663,0.39370080,0.00000000
-2.16629863,0.39370080,0.00000000
-2.16589063,0.39370080,0.00000000
-2.16548263,0.00000000,0.00000000
-2.16507463,0.78740160,0.00000000
-2.16466663,0.39370080,0.00000000
-2.16425863,0.39370080,0.00000000
-2.16385063,0.78740160,0.00000000
-2.16344263,0.39370080,0.00000000
-2.16303463,0.78740160,0.00000000
-2.16262663,0.39370080,0.00000000
-2.16221863,0.39370080,0.00000000
-2.16181063,0.39370080,0.00000000
-2.16140263,0.39370080,0.00000000
-2.16099463,0.39370080,-0.07874016
-2.16058663,0.39370080,0.00000000
-2.16017863,0.39370080,0.00000000
-2.15977063,0.78740160,0.00000000
-2.15936263,0.39370080,0.00000000
-2.15895463,0.39370080,0.00000000
-2.15854663,0.39370080,0.00000000
-2.15813863,0.00000000,-0.07874016
-2.15773063,0.39370080,-0.07874016
-2.15732263,0.39370080,0.00000000
-2.15691463,0.78740160,0.00000000
-2.15650663,0.39370080,0.00000000
-2.15609863,0.78740160,0.00000000
-2.15569063,0.78740160,0.00000000
-2.15528263,0.39370080,0.00000000
-2.15487463,0.39370080,0.00000000
-2.15446663,0.39370080,-0.07874016
-2.15405863,0.39370080,0.00000000
-2.15365063,0.00000000,0.00000000
-2.15324263,0.39370080,-0.07874016
-2.15283463,0.78740160,0.00000000
-2.15242663,0.39370080,0.00000000
-2.15201863,0.39370080,0.00000000
-2.15161063,0.78740160,0.00000000
-2.15120263,0.39370080,0.00000000
-2.15079463,0.78740160,0.00000000
-2.15038663,0.39370080,0.00000000
-2.14997863,0.39370080,-0.07874016
-2.14957063,0.78740160,0.00000000
-2.14916263,0.39370080,0.00000000
-2.14875463,0.00000000,0.00000000
-2.14834663,0.78740160,-0.07874016
-2.14793863,0.78740160,-0.07874016
-2.14753063,0.39370080,0.00000000
-2.14712263,0.39370080,0.00000000
-2.14671463,0.39370080,0.00000000
-2.14630663,0.39370080,-0.07874016
-2.14589863,0.39370080,-0.07874016
-2.14549063,0.39370080,-0.07874016
-2.14508263,0.39370080,0.00000000
-2.14467463,0.39370080,0.00000000
-2.14426663,0.39370080,-0.07874016
-2.14385863,0.39370080,-0.07874016
-2.14345063,0.39370080,0.00000000
-2.14304263,0.39370080,0.00000000
-2.14263463,0.39370080,0.00000000
-2.14222663,0.00000000,0.00000000
-2.14181863,0.78740160,0.00000000
-2.14141063,0.39370080,0.00000000
-2.14100263,0.39370080,-0.07874016
-2.14059463,0.78740160,-0.07874016
-2.14018663,0.78740160,0.00000000
-2.13977863,0.39370080,0.00000000
-2.13937063,0.78740160,-0.07874016
-2.13896263,0.78740160,0.00000000
-2.13855463,0.78740160,0.00000000
-2.13814663,1.18110200,0.00000000
-2.13773863,0.78740160,-0.07874016
-2.13733063,0.78740160,0.00000000
-2.13692263,0.39370080,0.00000000
-2.13651463,0.39370080,-0.07874016
-2.13610663,0.78740160,0.00000000
-2.13569863,0.39370080,0.00000000
-2.13529063,0.78740160,0.00000000
-2.13488263,0.39370080,0.00000000
-2.13447463,0.78740160,0.00000000
-2.13406663,0.78740160,0.00000000
-2.13365863,0.78740160,-0.07874016
-2.13325063,0.39370080,0.00000000
-2.13284263,0.39370080,0.00000000
-2.13243463,0.39370080,0.00000000
-2.13202663,0.39370080,0.00000000
-2.13161863,0.78740160,0.00000000
-2.13121063,0.39370080,0.00000000
-2.13080263,0.39370080,0.00000000
-2.13039463,0.39370080,0.00000000
-2.12998663,0.78740160,0.00000000
-2.12957863,0.39370080,-0.07874016
-2.12917063,0.39370080,0.00000000
-2.12876263,0.39370080,0.00000000
-2.12835463,0.00000000,0.00000000
-2.12794663,0.39370080,0.00000000
-2.12753863,0.39370080,-0.07874016
-2.12713063,0.39370080,0.00000000
-2.12672263,0.78740160,0.00000000
-2.12631463,0.78740160,-0.07874016
-2.12590663,0.39370080,0.00000000
-2.12549863,0.39370080,0.00000000
-2.12509063,0.39370080,0.00000000
-2.12468263,0.39370080,0.00000000
-2.12427463,0.39370080,-0.07874016
-2.12386663,0.39370080,0.00000000
-2.12345863,0.39370080,0.00000000
-2.12305063,0.39370080,-0.07874016
-2.12264263,0.39370080,-0.07874016
-2.12223463,0.39370080,-0.07874016
-2.12182663,0.39370080,0.00000000
-2.12141863,0.39370080,0.00000000
-2.12101063,0.39370080,-0.07874016
-2.12060263,0.39370080,0.00000000
-2.12019463,0.39370080,0.00000000
-2.11978663,0.39370080,0.00000000
-2.11937863,0.39370080,0.00000000
-2.11897063,0.78740160,0.00000000
-2.11856263,0.39370080,0.00000000
-2.11815463,0.39370080,0.00000000
-2.11774663,0.78740160,0.00000000
-2.11733863,0.78740160,0.00000000
-2.11693063,0.39370080,-0.07874016
-2.11652263,0.78740160,0.00000000
-2.11611463,0.78740160,-0.07874016
-2.11570663,0.78740160,0.00000000
-2.11529863,0.39370080,0.00000000
-2.11489063,0.39370080,0.00000000
-2.11448263,0.39370080,0.00000000
-2.11407463,0.78740160,-0.07874016
-2.11366663,0.39370080,0.00000000
-2.11325863,0.39370080,0.00000000
-2.11285063,0.78740160,0.00000000
-2.11244263,0.78740160,0.00000000
-2.11203463,0.39370080,0.00000000
-2.11162663,0.78740160,0.00000000
-2.11121863,0.78740160,0.00000000
-2.11081063,0.39370080,-0.07874016
-2.11040263,0.78740160,-0.07874016
-2.10999463,0.39370080,-0.07874016
-2.10958663,0.39370080,-0.07874016
-2.10917863,0.39370080,0.00000000
-2.10877063,0.00000000,0.00000000
-2.10836263,0.39370080,-0.07874016
-2.10795463,0.39370080,0.00000000
-2.10754663,0.39370080,0.00000000
-2.10713863,0.78740160,0.00000000
-2.10673063,0.39370080,0.00000000
-2.10632263,0.78740160,0.00000000
-2.10591463,0.39370080,0.00000000
-2.10550663,0.00000000,0.00000000
-2.10509863,0.00000000,0.00000000
-2.10469063,0.39370080,0.00000000
-2.10428263,0.39370080,0.00000000
-2.10387463,0.78740160,0.00000000
-2.10346663,0.39370080,0.00000000
-2.10305863,0.39370080,-0.07874016
-2.10265063,0.39370080,0.00000000
-2.10224263,0.00000000,0.00000000
-2.10183463,0.78740160,0.00000000
-2.10142663,0.39370080,0.00000000
-2.10101863,0.39370080,0.00000000
-2.10061063,0.78740160,-0.07874016
-2.10020263,0.39370080,0.00000000
-2.09979463,0.39370080,0.00000000
-2.09938663,0.39370080,-0.07874016
-2.09897863,0.39370080,0.00000000
-2.09857063,0.78740160,-0.07874016
-2.09816263,0.39370080,0.00000000
-2.09775463,0.39370080,0.00000000
-2.09734663,0.78740160,0.00000000
-2.09693863,0.78740160,-0.07874016
-2.09653063,0.39370080,-0.07874016
-2.09612263,0.78740160,0.00000000
-2.09571463,0.78740160,0.00000000
-2.09530663,0.39370080,-0.07874016
-2.09489863,0.78740160,0.00000000
-2.09449063,0.78740160,0.00000000
-2.09408263,0.39370080,0.00000000
-2.09367463,0.39370080,0.00000000
-2.09326663,0.39370080,0.00000000
-2.09285863,0.39370080,0.00000000
-2.09245063,0.39370080,0.00000000
-2.09204263,0.39370080,0.00000000
-2.09163463,0.78740160,0.00000000
-2.09122663,0.78740160,0.00000000
-2.09081863,0.39370080,0.00000000
-2.09041063,0.78740160,0.00000000
-2.09000263,0.39370080,0.00000000
-2.08959463,0.78740160,0.00000000
-2.08918663,0.39370080,0.00000000
-2.08877863,0.78740160,-0.07874016
-2.08837063,0.39370080,0.00000000
-2.08796263,0.78740160,-0.07874016
-2.08755463,0.39370080,0.00000000
-2.08714663,0.78740160,0.00000000
-2.08673863,0.39370080,-0.07874016
-2.08633063,0.39370080,-0.07874016
-2.08592263,0.39370080,0.00000000
-2.08551463,0.39370080,-0.07874016
-2.08510663,0.39370080,0.00000000
-2.08469863,0.39370080,0.00000000
-2.08429063,0.39370080,0.00000000
-2.08388263,0.00000000,-0.07874016
-2.08347463,0.39370080,0.00000000
-2.08306663,0.39370080,0.00000000
-2.08265863,0.39370080,0.00000000
-2.08225063,0.39370080,0.00000000
-2.08184263,0.39370080,0.00000000
-2.08143463,0.39370080,-0.07874016
-2.08102663,0.39370080,0.00000000
-2.08061863,0.39370080,0.00000000
-2.08021063,0.39370080,0.00000000
-2.07980263,0.78740160,-0.07874016
-2.07939463,0.39370080,0.00000000
-2.07898663,0.00000000,0.00000000
-2.07857863,0.78740160,-0.07874016
-2.07817063,0.39370080,0.00000000
-2.07776263,0.39370080,0.00000000
-2.07735463,0.78740160,0.00000000
-2.07694663,0.39370080,-0.07874016
-2.07653863,0.39370080,-0.07874016
-2.07613063,0.39370080,0.00000000
-2.07572263,0.39370080,-0.07874016
-2.07531463,0.39370080,0.00000000
-2.07490663,0.39370080,0.00000000
-2.07449863,0.39370080,0.00000000
-2.07409063,0.39370080,-0.07874016
-2.07368263,0.39370080,0.00000000
-2.07327463,0.78740160,0.00000000
-2.07286663,0.78740160,-0.07874016
-2.07245863,0.39370080,0.00000000
-2.07205063,0.39370080,0.00000000
-2.07164263,0.39370080,-0.07874016
-2.07123463,0.39370080,-0.07874016
-2.07082663,0.78740160,0.00000000
-2.07041863,0.00000000,-0.07874016
-2.07001063,0.39370080,0.00000000
-2.06960263,0.39370080,0.00000000
-2.06919463,0.39370080,0.00000000
-2.06878663,0.78740160,0.00000000
-2.06837863,0.78740160,-0.07874016
-2.06797063,0.78740160,0.00000000
-2.06756263,0.78740160,-0.07874016
-2.06715463,0.39370080,-0.07874016
-2.06674663,0.39370080,-0.07874016
-2.06633863,0.78740160,0.00000000
-2.06593063,0.39370080,0.00000000
-2.06552263,0.78740160,-0.07874016
-2.06511463,1.18110200,0.00000000
-2.06470663,0.78740160,0.00000000
-2.06429863,0.78740160,-0.07874016
-2.06389063,0.39370080,0.00000000
-2.06348263,0.39370080,-0.07874016
-2.06307463,0.39370080,0.00000000
-2.06266663,0.00000000,0.00000000
-2.06225863,0.78740160,0.00000000
-2.06185063,0.39370080,0.00000000
-2.06144263,0.39370080,0.00000000
-2.06103463,0.39370080,0.00000000
-2.06062663,0.39370080,-0.07874016
-2.06021863,0.39370080,0.00000000
-2.05981063,0.39370080,-0.07874016
-2.05940263,0.00000000,0.00000000
-2.05899463,0.39370080,0.00000000
-2.05858663,0.39370080,-0.07874016
-2.05817863,0.39370080,0.00000000
-2.05777063,0.39370080,0.00000000
-2.05736263,0.39370080,0.00000000
-2.05695463,0.39370080,0.00000000
-2.05654663,0.78740160,0.00000000
-2.05613863,0.39370080,0.00000000
-2.05573063,0.39370080,0.00000000
-2.05532263,0.39370080,-0.07874016
-2.05491463,0.39370080,0.00000000
-2.05450663,0.39370080,-0.07874016
-2.05409863,0.39370080,0.00000000
-2.05369063,0.39370080,0.00000000
-2.05328263,0.39370080,0.00000000
-2.05287463,0.78740160,0.00000000
-2.05246663,0.39370080,-0.07874016
-2.05205863,0.00000000,0.00000000
-2.05165063,0.39370080,0.00000000
-2.05124263,0.78740160,0.00000000
-2.05083463,0.39370080,0.00000000
-2.05042663,0.39370080,0.00000000
-2.05001863,0.39370080,0.00000000
-2.04961063,0.78740160,0.00000000
-2.04920263,0.39370080,-0.07874016
-2.04879463,0.39370080,-0.07874016
-2.04838663,0.39370080,0.00000000
-2.04797863,0.39370080,0.00000000
-2.04757063,0.78740160,0.00000000
-2.04716263,0.78740160,0.00000000
-2.04675463,0.78740160,0.00000000
-2.04634663,0.39370080,0.00000000
-2.04593863,0.39370080,0.00000000
-2.04553063,0.78740160,0.00000000
-2.04512263,0.78740160,0.00000000
-2.04471463,0.39370080,0.00000000
-2.04430663,0.39370080,-0.07874016
-2.04389863,0.78740160,0.00000000
-2.04349063,0.78740160,-0.07874016
-2.04308263,0.78740160,-0.07874016
-2.04267463,0.39370080,0.00000000
-2.04226663,0.78740160,0.00000000
-2.04185863,0.78740160,0.00000000
-2.04145063,0.39370080,0.00000000
-2.04104263,0.39370080,0.00000000
-2.04063463,0.78740160,0.00000000
-2.04022663,0.39370080,0.00000000
-2.03981863,0.78740160,0.00000000
-2.03941063,0.39370080,0.00000000
-2.03900263,0.39370080,-0.07874016
-2.03859463,0.39370080,0.00000000
-2.03818663,0.39370080,-0.07874016
-2.03777863,0.39370080,0.00000000
-2.03737063,0.39370080,-0.07874016
-2.03696263,0.39370080,-0.07874016
-2.03655463,0.39370080,-0.07874016
-2.03614663,0.39370080,-0.07874016
-2.03573863,0.78740160,-0.07874016
-2.03533063,0.00000000,0.00000000
-2.03492263,0.39370080,0.00000000
-2.03451463,0.39370080,-0.07874016
-2.03410663,0.39370080,0.00000000
-2.03369863,0.39370080,0.00000000
-2.03329063,1.18110200,-0.07874016
-2.03288263,0.39370080,0.00000000
-2.03247463,0.39370080,0.00000000
-2.03206663,0.39370080,0.00000000
-2.03165863,0.39370080,0.00000000
-2.03125063,0.39370080,-0.07874016
-2.03084263,0.39370080,-0.07874016
-2.03043463,0.39370080,-0.07874016
-2.03002663,0.39370080,0.00000000
-2.02961863,0.39370080,0.00000000
-2.02921063,0.39370080,-0.07874016
-2.02880263,0.39370080,0.00000000
-2.02839463,0.78740160,-0.07874016
-2.02798663,0.39370080,-0.07874016
-2.02757863,0.78740160,0.00000000
-2.02717063,0.78740160,0.00000000
-2.02676263,0.78740160,0.00000000
-2.02635463,0.78740160,-0.07874016
-2.02594663,0.78740160,0.00000000
-2.02553863,0.39370080,0.00000000
-2.02513063,0.39370080,0.00000000
-2.02472263,0.39370080,0.00000000
-2.02431463,0.39370080,-0.07874016
-2.02390663,0.78740160,0.00000000
-2.02349863,0.39370080,0.00000000
-2.02309063,0.78740160,0.00000000
-2.02268263,0.39370080,-0.07874016
-2.02227463,0.39370080,0.00000000
-2.02186663,0.78740160,0.00000000
-2.02145863,0.39370080,0.00000000
-2.02105063,0.39370080,0.00000000
-2.02064263,0.39370080,0.00000000
-2.02023463,0.39370080,0.00000000
-2.01982663,0.39370080,0.00000000
-2.01941863,0.39370080,-0.07874016
-2.01901063,0.78740160,0.00000000
-2.01860263,0.78740160,0.00000000
-2.01819463,0.78740160,0.00000000
-2.01778663,0.78740160,-0.07874016
-2.01737863,0.78740160,0.00000000
-2.01697063,0.78740160,-0.07874016
-2.01656263,0.78740160,0.00000000
-2.01615463,0.78740160,0.00000000
-2.01574663,0.39370080,-0.07874016
-2.01533863,0.78740160,-0.07874016
-2.01493063,0.39370080,0.00000000
-2.01452263,0.39370080,0.00000000
-2.01411463,0.78740160,0.00000000
-2.01370663,0.39370080,-0.07874016
-2.01329863,0.78740160,0.00000000
-2.01289063,0.78740160,-0.07874016
-2.01248263,0.39370080,0.00000000
-2.01207463,0.39370080,0.00000000
-2.01166663,0.78740160,0.00000000
-2.01125863,0.39370080,0.00000000
-2.01085063,0.78740160,0.00000000
-2.01044263,0.78740160,0.00000000
-2.01003463,0.78740160,-0.07874016
-2.00962663,0.39370080,-0.07874016
-2.00921863,0.39370080,0.00000000
-2.00881063,0.39370080,0.00000000
-2.00840263,0.78740160,-0.07874016
-2.00799464,0.78740160,-0.07874016
-2.00758664,0.39370080,-0.07874016
-2.00717864,0.39370080,0.00000000
-2.00677064,0.39370080,0.00000000
-2.00636264,0.39370080,-0.07874016
-2.00595464,0.00000000,0.00000000
-2.00554664,0.39370080,-0.07874016
-2.00513864,0.39370080,0.00000000
-2.00473064,0.39370080,0.00000000
-2.00432264,0.39370080,0.00000000
-2.00391464,0.39370080,0.00000000
-2.00350664,0.39370080,0.00000000
-2.00309864,0.39370080,-0.07874016
-2.00269064,0.39370080,0.00000000
-2.00228264,0.39370080,-0.07874016
-2.00187464,0.39370080,0.00000000
-2.00146664,0.39370080,0.00000000
-2.00105864,0.39370080,-0.07874016
-2.00065064,0.39370080,-0.07874016
-2.00024264,0.39370080,0.00000000
-1.99983464,0.78740160,0.00000000
-1.99942664,0.39370080,-0.07874016
-1.99901864,0.78740160,0.00000000
-1.99861064,0.39370080,-0.07874016
-1.99820264,0.39370080,0.00000000
-1.99779464,0.39370080,0.00000000
-1.99738664,0.78740160,0.00000000
-1.99697864,0.39370080,0.00000000
-1.99657064,0.39370080,0.00000000
-1.99616264,0.78740160,-0.07874016
-1.99575464,0.39370080,-0.07874016
-1.99534664,0.39370080,0.00000000
-1.99493864,0.78740160,0.00000000
-1.99453064,0.39370080,0.00000000
-1.99412264,0.39370080,0.00000000
-1.99371464,0.39370080,0.00000000
-1.99330664,0.39370080,0.00000000
-1.99289864,0.39370080,0.00000000
-1.99249064,0.39370080,-0.07874016
-1.99208264,0.39370080,-0.07874016
-1.99167464,0.39370080,0.00000000
-1.99126664,0.39370080,0.00000000
-1.99085864,0.39370080,0.00000000
-1.99045064,0.78740160,0.00000000
-1.99004264,0.39370080,0.00000000
-1.98963464,0.78740160,0.00000000
-1.98922664,0.78740160,0.00000000
-1.98881864,0.39370080,0.00000000
-1.98841064,0.39370080,-0.07874016
-1.98800264,0.39370080,-0.07874016
-1.98759464,0.39370080,0.00000000
-1.98718664,0.39370080,0.00000000
-1.98677864,0.78740160,0.00000000
-1.98637064,0.00000000,0.00000000
-1.98596264,0.39370080,0.00000000
-1.98555464,0.39370080,0.00000000
-1.98514664,0.39370080,0.00000000
-1.98473864,0.78740160,0.00000000
-1.98433064,0.78740160,-0.07874016
-1.98392264,0.39370080,0.00000000
-1.98351464,0.39370080,-0.07874016
-1.98310664,0.39370080,-0.07874016
-1.98269864,0.39370080,0.00000000
-1.98229064,0.78740160,0.00000000
-1.98188264,0.39370080,0.00000000
-1.98147464,0.39370080,0.00000000
-1.98106664,0.78740160,0.00000000
-1.98065864,0.78740160,0.00000000
-1.98025064,0.39370080,0.00000000
-1.97984264,0.78740160,-0.07874016
-1.97943464,0.00000000,0.00000000
-1.97902664,0.39370080,0.00000000
-1.97861864,0.39370080,0.00000000
-1.97821064,0.78740160,0.00000000
-1.97780264,0.78740160,0.00000000
-1.97739464,0.39370080,-0.07874016
-1.97698664,0.39370080,-0.07874016
-1.97657864,0.39370080,0.00000000
-1.97617064,0.39370080,0.00000000
-1.97576264,0.39370080,-0.07874016
-1.97535464,0.78740160,0.00000000
-1.97494664,0.39370080,0.00000000
-1.97453864,0.39370080,0.00000000
-1.97413064,0.78740160,0.00000000
-1.97372264,0.39370080,-0.07874016
-1.97331464,0.78740160,0.00000000
-1.97290664,0.39370080,0.00000000
-1.97249864,0.78740160,0.00000000
-1.97209064,0.78740160,-0.07874016
-1.97168264,0.39370080,0.00000000
-1.97127464,0.39370080,0.00000000
-1.97086664,0.78740160,0.00000000
-1.97045864,0.39370080,0.00000000
-1.97005064,0.78740160,-0.07874016
-1.96964264,0.78740160,-0.07874016
-1.96923464,0.39370080,-0.07874016
-1.96882664,0.39370080,0.00000000
-1.96841864,0.78740160,0.00000000
-1.96801064,0.39370080,0.00000000
-1.96760264,0.39370080,0.00000000
-1.96719464,0.39370080,-0.07874016
-1.96678664,0.78740160,0.00000000
-1.96637864,0.78740160,-0.07874016
-1.96597064,0.39370080,0.00000000
-1.96556264,0.39370080,0.00000000
-1.96515464,0.78740160,0.00000000
-1.96474664,0.39370080,0.00000000
-1.96433864,0.39370080,0.00000000
-1.96393064,0.78740160,-0.07874016
-1.96352264,0.78740160,0.00000000
-1.96311464,0.78740160,0.00000000
-1.96270664,0.78740160,0.00000000
-1.96229864,0.78740160,0.00000000
-1.96189064,0.78740160,0.00000000
-1.96148264,0.78740160,-0.07874016
-1.96107464,0.39370080,0.00000000
-1.96066664,0.78740160,-0.07874016
-1.96025864,0.78740160,0.00000000
-1.95985064,0.39370080,0.00000000
-1.95944264,0.39370080,0.00000000
-1.95903464,0.39370080,-0.07874016
-1.95862664,0.39370080,0.00000000
-1.95821864,0.39370080,0.00000000
-1.95781064,0.39370080,-0.07874016
-1.95740264,0.78740160,0.00000000
-1.95699464,0.39370080,0.00000000
-1.95658664,0.39370080,-0.07874016
-1.95617864,0.78740160,0.00000000
-1.95577064,0.39370080,-0.07874016
-1.95536264,0.39370080,0.00000000
-1.95495464,0.39370080,0.00000000
-1.95454664,0.39370080,0.00000000
-1.95413864,0.39370080,0.00000000
-1.95373064,0.78740160,0.00000000
-1.95332264,0.78740160,0.00000000
-1.95291464,0.00000000,0.00000000
-1.95250664,0.39370080,0.00000000
-1.95209864,0.39370080,0.00000000
-1.95169064,0.39370080,-0.07874016
-1.95128264,0.39370080,0.00000000
-1.95087464,0.78740160,0.00000000
-1.95046664,0.39370080,-0.07874016
-1.95005864,0.39370080,-0.07874016
-1.94965064,0.39370080,0.00000000
-1.94924264,0.78740160,0.00000000
-1.94883464,0.39370080,0.00000000
-1.94842664,0.78740160,-0.07874016
-1.94801864,0.39370080,0.00000000
-1.94761064,0.39370080,0.00000000
-1.94720264,0.39370080,-0.07874016
-1.94679464,0.78740160,0.00000000
-1.94638664,0.78740160,-0.07874016
-1.94597864,0.78740160,0.00000000
-1.94557064,0.39370080,-0.07874016
-1.94516264,0.39370080,-0.07874016
-1.94475464,0.39370080,0.00000000
-1.94434664,0.39370080,0.00000000
-1.94393864,0.78740160,0.00000000
-1.94353064,0.78740160,0.00000000
-1.94312264,0.39370080,0.00000000
-1.94271464,0.78740160,0.00000000
-1.94230664,0.39370080,0.00000000
-1.94189864,0.39370080,-0.07874016
-1.94149064,0.00000000,0.00000000
-1.94108264,0.78740160,0.00000000
-1.94067464,0.39370080,0.00000000
-1.94026664,0.78740160,0.00000000
-1.93985864,0.78740160,0.00000000
-1.93945064,0.39370080,0.00000000
-1.93904264,0.39370080,0.00000000
-1.93863464,0.39370080,-0.07874016
-1.93822664,0.39370080,0.00000000
-1.93781864,0.39370080,0.00000000
-1.93741064,0.39370080,0.00000000
-1.93700264,0.78740160,0.00000000
-1.93659464,0.78740160,0.00000000
-1.93618664,0.39370080,-0.07874016
-1.93577864,0.39370080,0.00000000
-1.93537064,0.78740160,0.00000000
-1.93496264,0.39370080,0.00000000
-1.93455464,0.78740160,-0.07874016
-1.93414664,0.78740160,0.00000000
-1.93373864,0.00000000,-0.07874016
-1.93333064,0.78740160,0.00000000
-1.93292264,0.39370080,-0.07874016
-1.93251464,0.39370080,0.00000000
-1.93210664,0.39370080,0.00000000
-1.93169864,0.39370080,0.00000000
-1.93129064,0.39370080,0.00000000
-1.93088264,0.39370080,0.00000000
-1.93047464,0.39370080,0.00000000
-1.93006664,0.39370080,0.00000000
-1.92965864,0.39370080,0.00000000
-1.92925064,0.39370080,-0.07874016
-1.92884264,0.39370080,0.00000000
-1.92843464,0.39370080,-0.07874016
-1.92802664,0.39370080,-0.07874016
-1.92761864,0.39370080,0.00000000
-1.92721064,0.39370080,0.00000000
-1.92680264,0.00000000,0.00000000
-1.92639464,0.39370080,0.00000000
-1.92598664,0.00000000,0.00000000
-1.92557864,0.39370080,-0.07874016
-1.92517064,0.78740160,0.00000000
-1.92476264,0.39370080,0.00000000
-1.92435464,0.39370080,0.00000000
-1.92394664,0.78740160,0.00000000
-1.92353864,0.39370080,0.00000000
-1.92313064,0.39370080,0.00000000
-1.92272264,0.78740160,0.00000000
-1.92231464,0.39370080,0.00000000
-1.92190664,0.39370080,0.00000000
-1.92149864,0.39370080,0.00000000
-1.92109064,0.39370080,0.00000000
-1.92068264,0.78740160,0.00000000
-1.92027464,0.78740160,0.00000000
-1.91986664,0.78740160,-0.07874016
-1.91945864,0.39370080,0.00000000
-1.91905064,0.39370080,0.00000000
-1.91864264,0.78740160,0.00000000
-1.91823464,0.78740160,0.00000000
-1.91782664,0.39370080,0.00000000
-1.91741864,0.78740160,0.00000000
-1.91701064,0.78740160,0.00000000
-1.91660264,1.18110200,0.00000000
-1.91619464,0.78740160,0.00000000
-1.91578664,0.39370080,-0.07874016
-1.91537864,0.39370080,-0.07874016
-1.91497064,0.39370080,0.00000000
-1.91456264,0.39370080,0.00000000
-1.91415464,0.39370080,0.00000000
-1.91374664,0.39370080,0.00000000
-1.91333864,0.39370080,-0.07874016
-1.91293064,0.39370080,0.00000000
-1.91252264,0.39370080,0.00000000
-1.91211464,0.39370080,0.00000000
-1.91170664,0.39370080,-0.07874016
-1.91129864,0.78740160,0.00000000
-1.91089064,0.39370080,0.00000000
-1.91048264,0.39370080,0.00000000
-1.91007464,0.39370080,0.00000000
-1.90966664,0.78740160,0.00000000
-1.90925864,0.39370080,0.00000000
-1.90885064,0.39370080,0.00000000
-1.90844264,0.78740160,-0.07874016
-1.90803464,0.39370080,0.00000000
-1.90762664,0.39370080,-0.07874016
-1.90721864,0.39370080,-0.07874016
-1.90681064,0.39370080,-0.07874016
-1.90640264,0.00000000,0.00000000
-1.90599464,0.39370080,0.00000000
-1.90558664,0.39370080,0.00000000
-1.90517864,0.39370080,0.00000000
-1.90477064,0.78740160,0.00000000
-1.90436264,0.39370080,-0.07874016
-1.90395464,0.39370080,-0.07874016
-1.90354664,0.78740160,0.00000000
-1.90313864,0.39370080,0.00000000
-1.90273064,0.78740160,-0.07874016
-1.90232264,0.39370080,0.00000000
-1.90191464,0.39370080,-0.07874016
-1.90150664,0.78740160,0.00000000
-1.90109864,0.78740160,0.00000000
-1.90069064,0.39370080,0.00000000
-1.90028264,0.39370080,-0.07874016
-1.89987464,0.39370080,0.00000000
-1.89946664,0.39370080,-0.07874016
-1.89905864,0.78740160,0.00000000
-1.89865064,0.78740160,0.00000000
-1.89824264,0.78740160,0.00000000
-1.89783464,0.39370080,0.00000000
-1.89742664,0.39370080,0.00000000
-1.89701864,0.78740160,0.00000000
-1.89661064,0.39370080,-0.07874016
-1.89620264,0.78740160,0.00000000
-1.89579464,0.78740160,-0.07874016
-1.89538664,0.78740160,-0.07874016
-1.89497864,0.39370080,0.00000000
-1.89457064,0.39370080,-0.07874016
-1.89416264,0.39370080,0.00000000
-1.89375464,0.78740160,0.00000000
-1.89334664,0.78740160,0.00000000
-1.89293864,0.39370080,0.00000000
-1.89253064,0.78740160,-0.07874016
-1.89212264,0.78740160,-0.07874016
-1.89171464,0.39370080,0.00000000
-1.89130664,0.78740160,0.00000000
-1.89089864,0.78740160,0.00000000
-1.89049064,0.39370080,-0.07874016
-1.89008264,0.39370080,0.00000000
-1.88967464,0.78740160,-0.07874016
-1.88926664,0.39370080,0.00000000
-1.88885864,0.39370080,-0.07874016
-1.88845064,0.39370080,0.00000000
-1.88804264,0.39370080,0.00000000
-1.88763464,0.39370080,-0.07874016
-1.88722664,0.39370080,0.00000000
-1.88681864,0.39370080,0.00000000
-1.88641064,0.78740160,0.00000000
-1.88600264,0.39370080,0.00000000
-1.88559464,0.39370080,0.00000000
-1.88518664,0.39370080,0.00000000
-1.88477864,0.39370080,0.00000000
-1.88437064,0.78740160,-0.07874016
-1.88396264,0.39370080,-0.07874016
-1.88355464,0.39370080,0.00000000
-1.88314664,0.78740160,0.00000000
-1.88273864,0.39370080,0.00000000
-1.88233064,0.78740160,0.00000000
-1.88192264,0.39370080,0.00000000
-1.88151464,0.39370080,-0.07874016
-1.88110664,0.39370080,-0.07874016
-1.88069864,0.39370080,0.00000000
-1.88029064,0.39370080,-0.07874016
-1.87988264,0.78740160,0.00000000
-1.87947464,0.39370080,0.00000000
-1.87906664,0.39370080,-0.07874016
-1.87865864,0.39370080,0.00000000
-1.87825064,0.00000000,0.00000000
-1.87784264,0.39370080,0.00000000
-1.87743464,0.39370080,0.00000000
-1.87702664,0.00000000,0.00000000
-1.87661864,0.78740160,0.00000000
-1.87621064,0.39370080,0.00000000
-1.87580264,0.78740160,0.00000000
-1.87539464,0.78740160,-0.07874016
-1.87498664,0.78740160,0.00000000
-1.87457864,0.39370080,0.00000000
-1.87417064,0.39370080,0.00000000
-1.87376264,0.39370080,0.00000000
-1.87335464,0.39370080,0.00000000
-1.87294664,0.78740160,0.00000000
-1.87253864,0.39370080,0.00000000
-1.87213064,0.78740160,0.00000000
-1.87172264,0.39370080,0.00000000
-1.87131464,0.78740160,0.00000000
-1.87090664,0.39370080,0.00000000
-1.87049864,0.78740160,0.00000000
-1.87009064,0.78740160,0.00000000
-1.86968264,0.39370080,-0.07874016
-1.86927464,0.78740160,0.00000000
-1.86886664,0.78740160,0.00000000
-1.86845864,0.00000000,0.00000000
-1.86805064,0.39370080,0.00000000
-1.86764264,0.78740160,0.00000000
-1.86723464,0.39370080,0.00000000
-1.86682664,0.78740160,-0.07874016
-1.86641864,0.39370080,0.00000000
-1.86601064,0.78740160,0.00000000
-1.86560264,0.39370080,0.00000000
-1.86519464,0.39370080,-0.07874016
-1.86478664,0.39370080,0.00000000
-1.86437864,0.39370080,-0.07874016
-1.86397064,0.78740160,0.00000000
-1.86356264,0.39370080,0.00000000
-1.86315464,0.78740160,0.00000000
-1.86274664,0.78740160,0.00000000
-1.86233864,0.39370080,0.00000000
-1.86193064,0.39370080,-0.07874016
-1.86152264,0.39370080,0.00000000
-1.86111464,0.39370080,0.00000000
-1.86070664,0.39370080,0.00000000
-1.86029864,0.39370080,0.00000000
-1.85989064,0.78740160,-0.07874016
-1.85948264,0.39370080,-0.07874016
-1.85907464,0.39370080,-0.07874016
-1.85866664,0.39370080,-0.07874016
-1.85825864,0.78740160,-0.07874016
-1.85785064,0.39370080,0.00000000
-1.85744264,0.00000000,0.00000000
-1.85703464,0.39370080,0.00000000
-1.85662664,0.39370080,-0.07874016
-1.85621864,0.39370080,0.00000000
-1.85581064,0.78740160,0.00000000
-1.85540264,0.39370080,0.00000000
-1.85499464,0.39370080,-0.07874016
-1.85458664,0.39370080,0.00000000
-1.85417864,0.39370080,0.00000000
-1.85377064,0.39370080,0.00000000
-1.85336264,0.39370080,0.00000000
-1.85295464,0.39370080,0.00000000
-1.85254664,0.39370080,0.00000000
-1.85213864,0.00000000,0.00000000
-1.85173064,0.39370080,0.00000000
-1.85132264,0.78740160,0.00000000
-1.85091464,0.39370080,0.00000000
-1.85050664,0.00000000,-0.07874016
-1.85009864,0.39370080,0.00000000
-1.84969064,0.78740160,0.00000000
-1.84928264,0.39370080,0.00000000
-1.84887464,0.39370080,-0.07874016
-1.84846664,0.39370080,0.00000000
-1.84805864,0.39370080,0.00000000
-1.84765064,0.78740160,-0.07874016
-1.84724264,0.78740160,-0.07874016
-1.84683464,0.39370080,0.00000000
-1.84642664,0.39370080,-0.07874016
-1.84601864,0.78740160,0.00000000
-1.84561064,0.39370080,0.00000000
-1.84520264,0.78740160,0.00000000
-1.84479464,0.39370080,0.00000000
-1.84438664,0.39370080,0.00000000
-1.84397864,0.78740160,0.00000000
-1.84357064,0.39370080,0.00000000
-1.84316264,0.78740160,0.00000000
-1.84275464,0.78740160,0.00000000
-1.84234664,0.39370080,0.00000000
-1.84193864,0.39370080,-0.07874016
-1.84153064,0.78740160,0.00000000
-1.84112264,0.39370080,0.00000000
-1.84071464,0.78740160,0.00000000
-1.84030664,0.39370080,0.00000000
-1.83989864,0.39370080,0.00000000
-1.83949064,0.39370080,-0.07874016
-1.83908264,0.78740160,0.00000000
-1.83867464,0.39370080,0.00000000
-1.83826664,0.78740160,-0.07874016
-1.83785864,0.39370080,0.00000000
-1.83745064,0.39370080,-0.07874016
-1.83704264,0.78740160,0.00000000
-1.83663464,0.39370080,-0.07874016
-1.83622664,0.39370080,0.00000000
-1.83581864,0.78740160,-0.07874016
-1.83541064,0.39370080,0.00000000
-1.83500264,0.39370080,0.00000000
-1.83459464,0.78740160,0.00000000
-1.83418664,0.39370080,0.00000000
-1.83377864,0.39370080,0.00000000
-1.83337064,0.78740160,0.00000000
-1.83296264,0.39370080,-0.07874016
-1.83255464,0.39370080,0.00000000
-1.83214664,0.39370080,0.00000000
-1.83173864,0.39370080,-0.07874016
-1.83133065,0.78740160,0.00000000
-1.83092265,0.39370080,-0.07874016
-1.83051465,0.39370080,-0.07874016
-1.83010665,0.39370080,0.00000000
-1.82969865,0.39370080,0.00000000
-1.82929065,0.39370080,-0.07874016
-1.82888265,0.78740160,0.00000000
-1.82847465,0.39370080,0.00000000
-1.82806665,0.39370080,0.00000000
-1.82765865,0.39370080,0.00000000
-1.82725065,0.39370080,0.00000000
-1.82684265,0.78740160,0.00000000
-1.82643465,0.39370080,0.00000000
-1.82602665,0.78740160,-0.07874016
-1.82561865,0.39370080,0.00000000
-1.82521065,0.78740160,-0.07874016
-1.82480265,0.39370080,0.00000000
-1.82439465,0.78740160,0.00000000
-1.82398665,0.00000000,0.00000000
-1.82357865,0.39370080,-0.07874016
-1.82317065,0.78740160,-0.07874016
-1.82276265,0.39370080,0.00000000
-1.82235465,0.39370080,0.00000000
-1.82194665,0.39370080,0.00000000
-1.82153865,0.39370080,0.00000000
-1.82113065,0.39370080,0.00000000
-1.82072265,0.39370080,0.00000000
-1.82031465,0.39370080,0.00000000
-1.81990665,0.78740160,-0.07874016
-1.81949865,0.39370080,0.00000000
-1.81909065,0.39370080,0.00000000
-1.81868265,0.39370080,0.00000000
-1.81827465,0.39370080,0.00000000
-1.81786665,0.78740160,0.00000000
-1.81745865,0.39370080,0.00000000
-1.81705065,0.78740160,-0.07874016
-1.81664265,0.78740160,0.00000000
-1.81623465,0.39370080,-0.07874016
-1.81582665,0.78740160,-0.07874016
-1.81541865,0.39370080,-0.07874016
-1.81501065,0.39370080,0.00000000
-1.81460265,0.78740160,0.00000000
-1.81419465,0.39370080,0.00000000
-1.81378665,0.39370080,0.00000000
-1.81337865,0.39370080,0.00000000
-1.81297065,0.78740160,0.00000000
-1.81256265,0.39370080,0.00000000
-1.81215465,0.78740160,0.00000000
-1.81174665,0.39370080,0.00000000
-1.81133865,0.78740160,0.00000000
-1.81093065,0.78740160,0.00000000
-1.81052265,0.78740160,0.00000000
-1.81011465,0.39370080,0.00000000
-1.80970665,0.39370080,0.00000000
-1.80929865,0.39370080,0.00000000
-1.80889065,0.78740160,0.00000000
-1.80848265,0.39370080,0.00000000
-1.80807465,0.78740160,0.00000000
-1.80766665,0.39370080,0.00000000
-1.80725865,0.39370080,0.00000000
-1.80685065,0.39370080,0.00000000
-1.80644265,0.39370080,0.00000000
-1.80603465,0.00000000,-0.07874016
-1.80562665,0.39370080,0.00000000
-1.80521865,0.39370080,0.00000000
-1.80481065,0.39370080,0.00000000
-1.80440265,0.78740160,0.00000000
-1.80399465,0.78740160,-0.07874016
-1.80358665,0.00000000,0.00000000
-1.80317865,0.78740160,0.00000000
-1.80277065,0.00000000,0.00000000
-1.80236265,0.78740160,0.00000000
-1.80195465,0.78740160,0.00000000
-1.80154665,0.39370080,0.00000000
-1.80113865,0.00000000,0.00000000
-1.80073065,0.39370080,0.00000000
-1.80032265,0.00000000,-0.07874016
-1.79991465,0.39370080,0.00000000
-1.79950665,0.39370080,0.00000000
-1.79909865,0.39370080,0.00000000
-1.79869065,0.39370080,0.00000000
-1.79828265,0.39370080,0.00000000
-1.79787465,0.39370080,0.00000000
-1.79746665,0.39370080,-0.07874016
-1.79705865,0.39370080,0.00000000
-1.79665065,0.39370080,-0.07874016
-1.79624265,0.78740160,0.00000000
-1.79583465,0.78740160,-0.07874016
-1.79542665,0.39370080,0.00000000
-1.79501865,0.39370080,-0.07874016
-1.79461065,0.78740160,0.00000000
-1.79420265,0.78740160,0.00000000
-1.79379465,0.39370080,0.00000000
-1.79338665,0.78740160,0.00000000
-1.79297865,0.78740160,0.00000000
-1.79257065,0.39370080,0.00000000
-1.79216265,0.39370080,0.00000000
-1.79175465,0.39370080,0.00000000
-1.79134665,0.39370080,0.00000000
-1.79093865,0.78740160,0.00000000
-1.79053065,0.39370080,0.00000000
-1.79012265,0.39370080,0.00000000
-1.78971465,0.39370080,0.00000000
-1.78930665,0.39370080,-0.07874016
-1.78889865,0.39370080,0.00000000
-1.78849065,0.39370080,0.00000000
-1.78808265,0.78740160,0.00000000
-1.78767465,0.39370080,-0.07874016
-1.78726665,0.39370080,0.00000000
-1.78685865,0.39370080,-0.07874016
-1.78645065,0.39370080,-0.07874016
-1.78604265,0.39370080,-0.07874016
-1.78563465,0.39370080,0.00000000
-1.78522665,0.39370080,0.00000000
-1.78481865,0.39370080,0.00000000
-1.78441065,0.39370080,0.00000000
-1.78400265,0.78740160,0.00000000
-1.78359465,0.39370080,-0.07874016
-1.78318665,0.39370080,0.00000000
-1.78277865,0.78740160,0.00000000
-1.78237065,0.00000000,-0.07874016
-1.78196265,0.39370080,0.00000000
-1.78155465,0.39370080,0.00000000
-1.78114665,0.00000000,-0.07874016
-1.78073865,0.39370080,0.00000000
-1.78033065,0.78740160,-0.07874016
-1.77992265,0.39370080,0.00000000
-1.77951465,0.78740160,0.00000000
-1.77910665,0.00000000,0.00000000
-1.77869865,0.39370080,-0.07874016
-1.77829065,0.39370080,0.00000000
-1.77788265,0.39370080,0.00000000
-1.77747465,0.78740160,0.00000000
-1.77706665,0.78740160,0.00000000
-1.77665865,0.39370080,0.00000000
-1.77625065,0.39370080,0.00000000
-1.77584265,0.39370080,0.00000000
-1.77543465,0.78740160,0.00000000
-1.77502665,0.39370080,0.00000000
-1.77461865,0.39370080,0.00000000
-1.77421065,0.39370080,0.00000000
-1.77380265,0.78740160,-0.07874016
-1.77339465,0.39370080,0.00000000
-1.77298665,0.78740160,0.00000000
-1.77257865,0.78740160,-0.07874016
-1.77217065,0.39370080,-0.07874016
-1.77176265,0.39370080,0.00000000
-1.77135465,0.39370080,0.00000000
-1.77094665,0.39370080,0.00000000
-1.77053865,0.39370080,0.00000000
-1.77013065,0.39370080,0.00000000
-1.76972265,0.78740160,-0.07874016
-1.76931465,0.78740160,0.00000000
-1.76890665,0.78740160,0.00000000
-1.76849865,0.39370080,0.00000000
-1.76809065,0.39370080,-0.07874016
-1.76768265,0.78740160,0.00000000
-1.76727465,0.39370080,-0.07874016
-1.76686665,0.39370080,0.00000000
-1.76645865,0.39370080,-0.07874016
-1.76605065,0.78740160,0.00000000
-1.76564265,0.39370080,0.00000000
-1.76523465,0.78740160,0.00000000
-1.76482665,0.78740160,-0.07874016
-1.76441865,0.39370080,0.00000000
-1.76401065,0.00000000,-0.07874016
-1.76360265,0.78740160,0.00000000
-1.76319465,0.78740160,-0.07874016
-1.76278665,0.39370080,0.00000000
-1.76237865,0.78740160,0.00000000
-1.76197065,0.39370080,0.00000000
-1.76156265,0.39370080,-0.07874016
-1.76115465,0.78740160,0.00000000
-1.76074665,0.39370080,0.00000000
-1.76033865,0.78740160,0.00000000
-1.75993065,0.39370080,-0.07874016
-1.75952265,0.39370080,0.00000000
-1.75911465,0.39370080,-0.07874016
-1.75870665,0.39370080,-0.07874016
-1.75829865,0.39370080,-0.07874016
-1.75789065,0.39370080,0.00000000
-1.75748265,0.39370080,0.00000000
-1.75707465,0.39370080,-0.07874016
-1.75666665,0.78740160,0.00000000
-1.75625865,0.39370080,0.00000000
-1.75585065,0.39370080,0.00000000
-1.75544265,0.00000000,0.00000000
-1.75503465,0.39370080,0.00000000
-1.75462665,0.39370080,-0.07874016
-1.75421865,0.39370080,-0.07874016
-1.75381065,0.39370080,0.00000000
-1.75340265,0.39370080,-0.07874016
-1.75299465,0.39370080,0.00000000
-1.75258665,0.39370080,0.00000000
-1.75217865,0.39370080,-0.07874016
-1.75177065,0.78740160,0.00000000
-1.75136265,0.39370080,0.00000000
-1.75095465,0.39370080,0.00000000
-1.75054665,0.78740160,-0.07874016
-1.75013865,0.78740160,0.00000000
-1.74973065,0.39370080,-0.07874016
-1.74932265,0.39370080,0.00000000
-1.74891465,0.39370080,-0.07874016
-1.74850665,0.39370080,-0.07874016
-1.74809865,0.39370080,0.00000000
-1.74769065,0.39370080,-0.07874016
-1.74728265,0.39370080,0.00000000
-1.74687465,0.39370080,-0.07874016
-1.74646665,0.39370080,0.00000000
-1.74605865,0.39370080,0.00000000
-1.74565065,0.39370080,0.00000000
-1.74524265,0.39370080,0.00000000
-1.74483465,0.00000000,0.00000000
-1.74442665,0.78740160,0.00000000
-1.74401865,0.78740160,-0.07874016
-1.74361065,0.39370080,-0.07874016
-1.74320265,0.39370080,0.00000000
-1.74279465,0.39370080,0.00000000
-1.74238665,0.78740160,0.00000000
-1.74197865,0.39370080,0.00000000
-1.74157065,0.78740160,0.00000000
-1.74116265,0.78740160,0.00000000
-1.74075465,0.78740160,-0.07874016
-1.74034665,0.39370080,0.00000000
-1.73993865,0.39370080,0.00000000
-1.73953065,0.39370080,0.00000000
-1.73912265,0.78740160,0.00000000
-1.73871465,0.39370080,0.00000000
-1.73830665,0.78740160,0.00000000
-1.73789865,0.78740160,0.00000000
-1.73749065,0.39370080,0.00000000
-1.73708265,0.39370080,-0.07874016
-1.73667465,0.39370080,0.00000000
-1.73626665,0.39370080,0.00000000
-1.73585865,0.39370080,-0.07874016
-1.73545065,0.78740160,-0.07874016
-1.73504265,0.39370080,-0.07874016
-1.73463465,0.39370080,0.00000000
-1.73422665,0.78740160,0.00000000
-1.73381865,0.39370080,-0.07874016
-1.73341065,0.39370080,-0.07874016
-1.73300265,0.39370080,0.00000000
-1.73259465,0.39370080,0.00000000
-1.73218665,0.78740160,-0.07874016
-1.73177865,0.39370080,0.00000000
-1.73137065,0.00000000,0.00000000
-1.73096265,0.39370080,0.00000000
-1.73055465,0.39370080,0.00000000
-1.73014665,0.39370080,0.00000000
-1.72973865,0.39370080,-0.07874016
-1.72933065,0.39370080,-0.07874016
-1.72892265,0.39370080,-0.07874016
-1.72851465,0.78740160,0.00000000
-1.72810665,0.78740160,0.00000000
-1.72769865,0.00000000,0.00000000
-1.72729065,0.78740160,0.00000000
-1.72688265,0.39370080,0.00000000
-1.72647465,0.39370080,0.00000000
-1.72606665,0.39370080,-0.07874016
-1.72565865,0.78740160,0.00000000
-1.72525065,0.39370080,-0.07874016
-1.72484265,0.78740160,0.00000000
-1.72443465,0.39370080,0.00000000
-1.72402665,0.39370080,0.00000000
-1.72361865,0.78740160,0.00000000
-1.72321065,0.39370080,-0.07874016
-1.72280265,0.39370080,0.00000000
-1.72239465,0.39370080,0.00000000
-1.72198665,0.39370080,0.00000000
-1.72157865,0.78740160,0.00000000
-1.72117065,0.39370080,0.00000000
-1.72076265,0.39370080,0.00000000
-1.72035465,0.78740160,0.00000000
-1.71994665,0.39370080,-0.07874016
-1.71953865,0.78740160,0.00000000
-1.71913065,0.78740160,0.00000000
-1.71872265,0.39370080,0.00000000
-1.71831465,0.39370080,0.00000000
-1.71790665,0.78740160,0.00000000
-1.71749865,0.39370080,0.00000000
-1.71709065,0.39370080,0.00000000
-1.71668265,0.78740160,0.00000000
-1.71627465,0.00000000,0.00000000
-1.71586665,0.39370080,-0.07874016
-1.71545865,0.78740160,0.00000000
-1.71505065,0.39370080,0.00000000
-1.71464265,0.78740160,-0.07874016
-1.71423465,0.78740160,0.00000000
-1.71382665,0.39370080,0.00000000
-1.71341865,0.78740160,0.00000000
-1.71301065,0.39370080,0.00000000
-1.71260265,0.39370080,0.00000000
-1.71219465,0.78740160,0.00000000
-1.71178665,0.39370080,-0.07874016
-1.71137865,0.39370080,-0.07874016
-1.71097065,0.78740160,0.00000000
-1.71056265,0.39370080,0.00000000
-1.71015465,0.39370080,-0.07874016
-1.70974665,0.00000000,-0.07874016
-1.70933865,0.00000000,-0.07874016
-1.70893065,0.39370080,0.00000000
-1.70852265,0.39370080,-0.07874016
-1.70811465,0.39370080,0.00000000
-1.70770665,0.78740160,-0.07874016
-1.70729865,0.39370080,0.00000000
-1.70689065,0.39370080,0.00000000
-1.70648265,0.39370080,0.00000000
-1.70607465,0.00000000,0.00000000
-1.70566665,0.39370080,0.00000000
-1.70525865,0.39370080,0.00000000
-1.70485065,0.39370080,-0.07874016
-1.70444265,0.39370080,0.00000000
-1.70403465,0.39370080,0.00000000
-1.70362665,0.78740160,-0.07874016
-1.70321865,0.39370080,0.00000000
-1.70281065,0.39370080,0.00000000
-1.70240265,0.39370080,0.00000000
-1.70199465,0.78740160,-0.07874016
-1.70158665,0.78740160,0.00000000
-1.70117865,0.39370080,-0.07874016
-1.70077065,0.78740160,0.00000000
-1.70036265,0.39370080,0.00000000
-1.69995465,0.39370080,0.00000000
-1.69954665,0.39370080,0.00000000
-1.69913865,0.39370080,-0.07874016
-1.69873065,0.39370080,-0.07874016
-1.69832265,0.39370080,0.00000000
-1.69791465,0.78740160,0.00000000
-1.69750665,0.78740160,0.00000000
-1.69709865,0.39370080,0.00000000
-1.69669065,0.39370080,0.00000000
-1.69628265,0.78740160,-0.07874016
-1.69587465,0.39370080,-0.07874016
-1.69546665,0.78740160,0.00000000
-1.69505865,0.39370080,0.00000000
-1.69465065,0.39370080,-0.07874016
-1.69424265,0.78740160,0.00000000
-1.69383465,0.39370080,0.00000000
-1.69342665,0.39370080,0.00000000
-1.69301865,0.39370080,-0.07874016
-1.69261065,0.39370080,0.00000000
-1.69220265,0.78740160,0.00000000
-1.69179465,0.78740160,-0.07874016
-1.69138665,0.78740160,0.00000000
-1.69097865,0.39370080,0.00000000
-1.69057065,0.78740160,-0.07874016
-1.69016265,0.39370080,0.00000000
-1.68975465,0.39370080,-0.07874016
-1.68934665,0.39370080,0.00000000
-1.68893865,0.39370080,0.00000000
-1.68853065,0.78740160,0.00000000
-1.68812265,0.39370080,-0.07874016
-1.68771465,0.39370080,0.00000000
-1.68730665,0.39370080,0.00000000
-1.68689865,0.78740160,-0.07874016
-1.68649065,0.39370080,-0.07874016
-1.68608265,0.39370080,0.00000000
-1.68567465,0.78740160,0.00000000
-1.68526665,0.00000000,-0.07874016
-1.68485865,0.78740160,0.00000000
-1.68445065,0.39370080,0.00000000
-1.68404265,0.39370080,0.00000000
-1.68363465,0.39370080,0.00000000
-1.68322665,0.39370080,-0.07874016
-1.68281865,0.39370080,-0.07874016
-1.68241065,0.39370080,0.00000000
-1.68200265,0.78740160,0.00000000
-1.68159465,0.39370080,-0.07874016
-1.68118665,0.39370080,0.00000000
-1.68077865,0.39370080,-0.07874016
-1.68037065,0.39370080,0.00000000
-1.67996265,0.39370080,0.00000000
-1.67955465,0.39370080,0.00000000
-1.67914665,0.78740160,0.00000000
-1.67873865,0.39370080,0.00000000
-1.67833065,0.00000000,-0.07874016
-1.67792265,0.39370080,0.00000000
-1.67751465,0.39370080,-0.07874016
-1.67710665,0.39370080,0.00000000
-1.67669865,0.39370080,-0.07874016
-1.67629065,0.39370080,0.00000000
-1.67588265,0.78740160,0.00000000
-1.67547465,0.39370080,0.00000000
-1.67506665,0.39370080,0.00000000
-1.67465865,0.39370080,0.00000000
-1.67425065,0.39370080,0.00000000
-1.67384265,0.78740160,0.00000000
-1.67343465,0.78740160,-0.07874016
-1.67302665,0.39370080,0.00000000
-1.67261865,0.39370080,0.00000000
-1.67221065,0.39370080,0.00000000
-1.67180265,0.78740160,0.00000000
-1.67139465,0.39370080,0.00000000
-1.67098665,0.39370080,0.00000000
-1.67057865,0.78740160,0.00000000
-1.67017065,0.39370080,-0.07874016
-1.66976265,0.78740160,-0.07874016
-1.66935465,0.39370080,-0.07874016
-1.66894665,0.39370080,0.00000000
-1.66853865,0.39370080,0.00000000
-1.66813065,0.78740160,0.00000000
-1.66772265,0.78740160,0.00000000
-1.66731465,0.39370080,0.00000000
-1.66690665,0.78740160,0.00000000
-1.66649865,0.39370080,0.00000000
-1.66609065,0.39370080,0.00000000
-1.66568265,0.39370080,0.00000000
-1.66527465,0.78740160,0.00000000
-1.66486665,0.78740160,0.00000000
-1.66445865,0.78740160,0.00000000
-1.66405065,0.39370080,-0.07874016
-1.66364265,0.78740160,-0.07874016
-1.66323465,0.39370080,0.00000000
-1.66282665,0.39370080,-0.07874016
-1.66241865,0.39370080,0.00000000
-1.66201065,0.39370080,-0.07874016
-1.66160265,0.78740160,0.00000000
-1.66119465,0.78740160,0.00000000
-1.66078665,0.39370080,0.00000000
-1.66037865,0.39370080,0.00000000
-1.65997065,0.39370080,0.00000000
-1.65956265,0.39370080,-0.07874016
-1.65915465,0.39370080,0.00000000
-1.65874665,0.39370080,-0.07874016
-1.65833865,0.00000000,-0.07874016
-1.65793065,0.39370080,0.00000000
-1.65752265,0.39370080,0.00000000
-1.65711465,0.39370080,0.00000000
-1.65670665,0.39370080,0.00000000
-1.65629865,0.39370080,-0.07874016
-1.65589065,0.78740160,0.00000000
-1.65548265,0.39370080,-0.07874016
-1.65507465,0.00000000,0.00000000
-1.65466665,0.39370080,-0.07874016
-1.65425866,0.39370080,0.00000000
-1.65385066,0.78740160,-0.07874016
-1.65344266,0.39370080,0.00000000
-1.65303466,0.39370080,0.00000000
-1.65262666,0.39370080,0.00000000
-1.65221866,0.39370080,-0.07874016
-1.65181066,0.39370080,-0.07874016
-1.65140266,0.39370080,-0.07874016
-1.65099466,0.39370080,0.00000000
-1.65058666,0.39370080,-0.07874016
-1.65017866,0.78740160,0.00000000
-1.64977066,0.78740160,0.00000000
-1.64936266,0.39370080,0.00000000
-1.64895466,0.39370080,0.00000000
-1.64854666,0.39370080,0.00000000
-1.64813866,0.39370080,0.00000000
-1.64773066,0.78740160,-0.07874016
-1.64732266,0.78740160,-0.07874016
-1.64691466,1.18110200,0.00000000
-1.64650666,0.78740160,0.00000000
-1.64609866,0.39370080,0.00000000
-1.64569066,0.39370080,0.00000000
-1.64528266,0.39370080,0.00000000
-1.64487466,0.39370080,-0.07874016
-1.64446666,0.78740160,-0.07874016
-1.64405866,0.78740160,-0.07874016
-1.64365066,0.39370080,0.00000000
-1.64324266,0.78740160,0.00000000
-1.64283466,0.78740160,-0.07874016
-1.64242666,0.78740160,0.00000000
-1.64201866,0.78740160,0.00000000
-1.64161066,0.39370080,0.00000000
-1.64120266,0.39370080,0.00000000
-1.64079466,0.78740160,0.00000000
-1.64038666,0.00000000,-0.07874016
-1.63997866,0.39370080,0.00000000
-1.63957066,0.39370080,0.00000000
-1.63916266,0.39370080,0.00000000
-1.63875466,0.78740160,-0.07874016
-1.63834666,0.78740160,-0.07874016
-1.63793866,0.78740160,-0.07874016
-1.63753066,0.39370080,0.00000000
-1.63712266,0.39370080,0.00000000
-1.63671466,0.39370080,-0.07874016
-1.63630666,0.39370080,0.00000000
-1.63589866,0.39370080,0.00000000
-1.63549066,0.39370080,0.00000000
-1.63508266,0.78740160,0.00000000
-1.63467466,0.39370080,-0.07874016
-1.63426666,0.39370080,0.00000000
-1.63385866,0.78740160,0.00000000
-1.63345066,0.39370080,0.00000000
-1.63304266,0.39370080,-0.07874016
-1.63263466,0.78740160,0.00000000
-1.63222666,0.39370080,0.00000000
-1.63181866,0.39370080,-0.07874016
-1.63141066,0.78740160,0.00000000
-1.63100266,0.39370080,-0.07874016
-1.63059466,0.39370080,0.00000000
-1.63018666,0.39370080,-0.07874016
-1.62977866,0.39370080,0.00000000
-1.62937066,0.39370080,0.00000000
-1.62896266,0.39370080,-0.07874016
-1.62855466,0.39370080,0.00000000
-1.62814666,0.39370080,0.00000000
-1.62773866,0.78740160,0.00000000
-1.62733066,0.39370080,0.00000000
-1.62692266,0.78740160,0.00000000
-1.62651466,0.39370080,0.00000000
-1.62610666,0.39370080,-0.07874016
-1.62569866,0.39370080,0.00000000
-1.62529066,0.78740160,-0.07874016
-1.62488266,0.78740160,0.00000000
-1.62447466,0.39370080,0.00000000
-1.62406666,0.39370080,0.00000000
-1.62365866,0.39370080,0.00000000
-1.62325066,0.78740160,0.00000000
-1.62284266,0.39370080,0.00000000
-1.62243466,0.78740160,0.00000000
-1.62202666,0.39370080,0.00000000
-1.62161866,0.39370080,0.00000000
-1.62121066,0.39370080,0.00000000
-1.62080266,0.39370080,-0.07874016
-1.62039466,0.39370080,0.00000000
-1.61998666,0.78740160,-0.07874016
-1.61957866,0.78740160,-0.07874016
-1.61917066,0.00000000,0.00000000
-1.61876266,0.78740160,-0.07874016
-1.61835466,0.39370080,0.00000000
-1.61794666,0.78740160,0.00000000
-1.61753866,0.78740160,-0.07874016
-1.61713066,0.78740160,0.00000000
-1.61672266,0.39370080,0.00000000
-1.61631466,0.39370080,0.00000000
-1.61590666,0.00000000,-0.07874016
-1.61549866,0.39370080,0.00000000
-1.61509066,0.39370080,0.00000000
-1.61468266,0.39370080,-0.07874016
-1.61427466,0.39370080,0.00000000
-1.61386666,0.78740160,-0.07874016
-1.61345866,0.39370080,0.00000000
-1.61305066,0.39370080,0.00000000
-1.61264266,0.39370080,-0.07874016
-1.61223466,0.39370080,0.00000000
-1.61182666,0.39370080,0.00000000
-1.61141866,0.78740160,0.00000000
-1.61101066,0.39370080,0.00000000
-1.61060266,0.39370080,0.00000000
-1.61019466,0.78740160,0.00000000
-1.60978666,0.39370080,0.00000000
-1.60937866,0.39370080,0.00000000
-1.60897066,0.78740160,-0.07874016
-1.60856266,0.39370080,0.00000000
-1.60815466,0.78740160,0.00000000
-1.60774666,0.39370080,0.00000000
-1.60733866,0.39370080,0.00000000
-1.60693066,0.39370080,0.00000000
-1.60652266,0.39370080,0.00000000
-1.60611466,0.39370080,0.00000000
-1.60570666,0.39370080,0.00000000
-1.60529866,0.00000000,0.00000000
-1.60489066,0.00000000,0.00000000
-1.60448266,0.39370080,0.00000000
-1.60407466,0.39370080,0.00000000
-1.60366666,0.39370080,0.00000000
-1.60325866,0.78740160,-0.07874016
-1.60285066,0.39370080,0.00000000
-1.60244266,0.39370080,-0.07874016
-1.60203466,0.39370080,0.00000000
-1.60162666,0.00000000,0.00000000
-1.60121866,0.39370080,0.00000000
-1.60081066,0.39370080,-0.07874016
-1.60040266,0.39370080,0.00000000
-1.59999466,0.78740160,0.00000000
-1.59958666,0.39370080,-0.07874016
-1.59917866,0.78740160,0.00000000
-1.59877066,0.39370080,0.00000000
-1.59836266,0.39370080,0.00000000
-1.59795466,0.39370080,0.00000000
-1.59754666,0.39370080,-0.07874016
-1.59713866,0.00000000,0.00000000
-1.59673066,0.39370080,0.00000000
-1.59632266,0.39370080,-0.07874016
-1.59591466,0.78740160,-0.07874016
-1.59550666,0.39370080,0.00000000
-1.59509866,0.78740160,-0.07874016
-1.59469066,0.39370080,-0.07874016
-1.59428266,0.39370080,-0.07874016
-1.59387466,0.39370080,-0.07874016
-1.59346666,0.78740160,0.00000000
-1.59305866,0.78740160,0.00000000
-1.59265066,0.39370080,-0.07874016
-1.59224266,0.39370080,-0.07874016
-1.59183466,0.78740160,-0.07874016
-1.59142666,0.39370080,0.00000000
-1.59101866,0.78740160,-0.07874016
-1.59061066,0.39370080,0.00000000
-1.59020266,0.39370080,-0.07874016
-1.58979466,0.39370080,0.00000000
-1.58938666,0.39370080,0.00000000
-1.58897866,0.39370080,0.00000000
-1.58857066,0.78740160,-0.07874016
-1.58816266,0.78740160,0.00000000
-1.58775466,0.78740160,0.00000000
-1.58734666,0.00000000,0.00000000
-1.58693866,0.39370080,0.00000000
-1.58653066,0.39370080,0.00000000
-1.58612266,0.39370080,0.00000000
-1.58571466,0.39370080,0.00000000
-1.58530666,0.39370080,0.00000000
-1.58489866,0.39370080,0.00000000
-1.58449066,0.39370080,0.00000000
-1.58408266,0.39370080,0.00000000
-1.58367466,0.00000000,0.00000000
-1.58326666,0.39370080,0.00000000
-1.58285866,0.39370080,-0.07874016
-1.58245066,0.39370080,0.00000000
-1.58204266,0.78740160,-0.07874016
-1.58163466,0.39370080,0.00000000
-1.58122666,0.39370080,0.00000000
-1.58081866,0.39370080,0.00000000
-1.58041066,0.39370080,0.00000000
-1.58000266,0.39370080,0.00000000
-1.57959466,0.78740160,-0.07874016
-1.57918666,0.39370080,0.00000000
-1.57877866,0.39370080,0.00000000
-1.57837066,0.39370080,0.00000000
-1.57796266,0.39370080,-0.07874016
-1.57755466,0.39370080,-0.07874016
-1.57714666,0.78740160,0.00000000
-1.57673866,0.39370080,0.00000000
-1.57633066,0.39370080,0.00000000
-1.57592266,0.39370080,0.00000000
-1.57551466,0.39370080,-0.07874016
-1.57510666,0.39370080,0.00000000
-1.57469866,0.78740160,-0.07874016
-1.57429066,0.39370080,0.00000000
-1.57388266,0.78740160,0.00000000
-1.57347466,0.78740160,0.00000000
-1.57306666,0.39370080,0.00000000
-1.57265866,0.39370080,0.00000000
-1.57225066,0.39370080,-0.07874016
-1.57184266,0.39370080,0.00000000
-1.57143466,0.78740160,-0.07874016
-1.57102666,0.39370080,0.00000000
-1.57061866,0.39370080,-0.07874016
-1.57021066,0.78740160,0.00000000
-1.56980266,0.39370080,0.00000000
-1.56939466,0.39370080,0.00000000
-1.56898666,0.39370080,0.00000000
-1.56857866,0.39370080,0.00000000
-1.56817066,0.39370080,-0.07874016
-1.56776266,0.39370080,0.00000000
-1.56735466,0.39370080,0.00000000
-1.56694666,0.39370080,-0.07874016
-1.56653866,0.39370080,0.00000000
-1.56613066,0.39370080,0.00000000
-1.56572266,0.78740160,0.00000000
-1.56531466,0.39370080,-0.07874016
-1.56490666,0.39370080,-0.07874016
-1.56449866,0.39370080,0.00000000
-1.56409066,0.39370080,0.00000000
-1.56368266,0.39370080,0.00000000
-1.56327466,0.39370080,-0.07874016
-1.56286666,0.39370080,0.00000000
-1.56245866,0.39370080,0.00000000
-1.56205066,0.39370080,0.00000000
-1.56164266,0.39370080,-0.07874016
-1.56123466,0.39370080,0.00000000
-1.56082666,0.39370080,0.00000000
-1.56041866,0.39370080,0.00000000
-1.56001066,0.39370080,-0.07874016
-1.55960266,0.78740160,-0.07874016
-1.55919466,0.39370080,0.00000000
-1.55878666,0.39370080,0.00000000
-1.55837866,0.39370080,0.00000000
-1.55797066,0.39370080,0.00000000
-1.55756266,0.78740160,0.00000000
-1.55715466,0.39370080,-0.07874016
-1.55674666,0.39370080,0.00000000
-1.55633866,0.78740160,-0.07874016
-1.55593066,0.39370080,-0.07874016
-1.55552266,0.39370080,0.00000000
-1.55511466,0.39370080,-0.07874016
-1.55470666,0.39370080,0.00000000
-1.55429866,0.78740160,0.00000000
-1.55389066,0.39370080,-0.07874016
-1.55348266,0.39370080,0.00000000
-1.55307466,0.39370080,-0.07874016
-1.55266666,0.78740160,-0.07874016
-1.55225866,0.78740160,0.00000000
-1.55185066,0.39370080,-0.07874016
-1.55144266,0.39370080,0.00000000
-1.55103466,0.78740160,0.00000000
-1.55062666,0.78740160,0.00000000
-1.55021866,0.39370080,-0.07874016
-1.54981066,0.78740160,0.00000000
-1.54940266,0.39370080,0.00000000
-1.54899466,0.39370080,0.00000000
-1.54858666,0.78740160,-0.07874016
-1.54817866,0.78740160,0.00000000
-1.54777066,0.78740160,0.00000000
-1.54736266,0.78740160,0.00000000
-1.54695466,0.39370080,-0.07874016
-1.54654666,0.39370080,0.00000000
-1.54613866,0.39370080,0.00000000
-1.54573066,0.39370080,0.00000000
-1.54532266,0.78740160,-0.07874016
-1.54491466,0.39370080,0.00000000
-1.54450666,0.39370080,0.00000000
-1.54409866,0.78740160,0.00000000
-1.54369066,0.39370080,0.00000000
-1.54328266,0.78740160,0.00000000
-1.54287466,0.78740160,0.00000000
-1.54246666,0.39370080,0.00000000
-1.54205866,0.78740160,0.00000000
-1.54165066,0.78740160,0.00000000
-1.54124266,0.39370080,-0.07874016
-1.54083466,0.78740160,0.00000000
-1.54042666,0.39370080,0.00000000
-1.54001866,0.78740160,0.00000000
-1.53961066,0.39370080,-0.07874016
-1.53920266,0.39370080,0.00000000
-1.53879466,0.39370080,-0.07874016
-1.53838666,0.78740160,0.00000000
-1.53797866,0.78740160,0.00000000
-1.53757066,0.39370080,0.00000000
-1.53716266,0.39370080,-0.07874016
-1.53675466,0.39370080,0.00000000
-1.53634666,0.39370080,0.00000000
-1.53593866,0.39370080,0.00000000
-1.53553066,0.39370080,0.00000000
-1.53512266,0.39370080,0.00000000
-1.53471466,0.78740160,0.00000000
-1.53430666,0.39370080,0.00000000
-1.53389866,0.39370080,0.00000000
-1.53349066,0.39370080,0.00000000
-1.53308266,0.78740160,0.00000000
-1.53267466,0.39370080,0.00000000
-1.53226666,0.39370080,-0.07874016
-1.53185866,0.39370080,0.00000000
-1.53145066,0.39370080,-0.07874016
-1.53104266,0.39370080,0.00000000
-1.53063466,0.78740160,-0.07874016
-1.53022666,0.78740160,-0.07874016
-1.52981866,0.39370080,0.00000000
-1.52941066,0.39370080,0.00000000
-1.52900266,0.78740160,-0.07874016
-1.52859466,0.00000000,0.00000000
-1.52818666,0.78740160,-0.07874016
-1.52777866,0.39370080,0.00000000
-1.52737066,0.39370080,0.00000000
-1.52696266,0.39370080,0.00000000
-1.52655466,0.39370080,0.00000000
-1.52614666,0.39370080,0.00000000
-1.52573866,0.39370080,0.00000000
-1.52533066,0.39370080,0.00000000
-1.52492266,0.78740160,0.00000000
-1.52451466,0.78740160,0.00000000
-1.52410666,0.78740160,-0.07874016
-1.52369866,0.39370080,0.00000000
-1.52329066,0.39370080,0.00000000
-1.52288266,0.39370080,0.00000000
-1.52247466,0.39370080,0.00000000
-1.52206666,0.78740160,0.00000000
-1.52165866,0.39370080,0.00000000
-1.52125066,0.39370080,0.00000000
-1.52084266,0.39370080,0.00000000
-1.52043466,0.78740160,-0.07874016
-1.52002666,0.78740160,0.00000000
-1.51961866,0.39370080,0.00000000
-1.51921066,0.39370080,-0.07874016
-1.51880266,0.39370080,-0.07874016
-1.51839466,0.39370080,-0.07874016
-1.51798666,0.39370080,-0.07874016
-1.51757866,0.78740160,-0.07874016
-1.51717066,0.39370080,0.00000000
-1.51676266,0.78740160,0.00000000
-1.51635466,0.39370080,0.00000000
-1.51594666,0.78740160,-0.07874016
-1.51553866,0.78740160,0.00000000
-1.51513066,0.39370080,-0.07874016
-1.51472266,0.39370080,0.00000000
-1.51431466,0.39370080,0.00000000
-1.51390666,0.39370080,0.00000000
-1.51349866,0.39370080,0.00000000
-1.51309066,0.78740160,0.00000000
-1.51268266,0.78740160,0.00000000
-1.51227466,0.39370080,0.00000000
-1.51186666,0.39370080,0.00000000
-1.51145866,0.00000000,0.00000000
-1.51105066,0.39370080,-0.07874016
-1.51064266,0.39370080,0.00000000
-1.51023466,0.39370080,-0.07874016
-1.50982666,0.78740160,0.00000000
-1.50941866,0.39370080,0.00000000
-1.50901066,0.39370080,0.00000000
-1.50860266,0.39370080,-0.07874016
-1.50819466,0.39370080,0.00000000
-1.50778666,0.39370080,-0.07874016
-1.50737866,0.39370080,0.00000000
-1.50697066,0.39370080,0.00000000
-1.50656266,0.39370080,0.00000000
-1.50615466,0.39370080,0.00000000
-1.50574666,0.39370080,0.00000000
-1.50533866,0.39370080,0.00000000
-1.50493066,0.39370080,0.00000000
-1.50452266,0.39370080,0.00000000
-1.50411466,0.39370080,0.00000000
-1.50370666,0.39370080,-0.07874016
-1.50329866,0.39370080,0.00000000
-1.50289066,0.39370080,0.00000000
-1.50248266,0.39370080,0.00000000
-1.50207466,0.39370080,-0.07874016
-1.50166666,0.00000000,0.00000000
-1.50125866,0.39370080,-0.07874016
-1.50085066,0.78740160,0.00000000
-1.50044266,0.39370080,0.00000000
-1.50003466,0.39370080,0.00000000
-1.49962666,0.39370080,0.00000000
-1.49921866,0.00000000,0.00000000
-1.49881066,0.39370080,0.00000000
-1.49840266,0.39370080,0.00000000
-1.49799466,0.39370080,0.00000000
-1.49758666,0.78740160,0.00000000
-1.49717866,0.78740160,0.00000000
-1.49677066,0.78740160,0.00000000
-1.49636266,1.18110200,0.00000000
-1.49595466,0.39370080,0.00000000
-1.49554666,0.78740160,0.00000000
-1.49513866,0.78740160,0.00000000
-1.49473066,0.39370080,0.00000000
-1.49432266,0.39370080,0.00000000
-1.49391466,0.78740160,-0.07874016
-1.49350666,0.39370080,0.00000000
-1.49309866,0.39370080,0.00000000
-1.49269066,0.39370080,0.00000000
-1.49228266,0.39370080,0.00000000
-1.49187466,0.78740160,0.00000000
-1.49146666,0.39370080,0.00000000
-1.49105866,0.78740160,0.00000000
-1.49065066,0.39370080,-0.07874016
-1.49024266,0.39370080,0.00000000
-1.48983466,0.78740160,-0.07874016
-1.48942666,0.39370080,0.00000000
-1.48901866,0.78740160,-0.07874016
-1.48861066,0.78740160,-0.07874016
-1.48820266,0.39370080,0.00000000
-1.48779466,0.39370080,0.00000000
-1.48738666,0.39370080,-0.07874016
-1.48697866,0.39370080,0.00000000
-1.48657066,0.78740160,0.00000000
-1.48616266,0.78740160,0.00000000
-1.48575466,0.39370080,0.00000000
-1.48534666,0.39370080,0.00000000
-1.48493866,0.39370080,0.00000000
-1.48453066,0.39370080,0.00000000
-1.48412266,0.39370080,0.00000000
-1.48371466,0.78740160,-0.07874016
-1.48330666,0.78740160,0.00000000
-1.48289866,0.39370080,0.00000000
-1.48249066,0.39370080,0.00000000
-1.48208266,0.39370080,0.00000000
-1.48167466,0.39370080,-0.07874016
-1.48126666,0.39370080,0.00000000
-1.48085866,0.78740160,0.00000000
-1.48045066,0.78740160,0.00000000
-1.48004266,0.39370080,0.00000000
-1.47963466,0.39370080,0.00000000
-1.47922666,0.39370080,-0.07874016
-1.47881866,0.39370080,0.00000000
-1.47841066,0.39370080,0.00000000
-1.47800266,0.39370080,0.00000000
-1.47759467,0.39370080,0.00000000
-1.47718667,0.39370080,0.00000000
-1.47677867,0.39370080,-0.07874016
-1.47637067,0.39370080,0.00000000
-1.47596267,0.39370080,0.00000000
-1.47555467,0.78740160,-0.07874016
-1.47514667,0.39370080,-0.07874016
-1.47473867,0.39370080,0.00000000
-1.47433067,0.39370080,0.00000000
-1.47392267,0.78740160,0.00000000
-1.47351467,0.39370080,0.00000000
-1.47310667,0.39370080,-0.07874016
-1.47269867,0.78740160,-0.07874016
-1.47229067,0.39370080,0.00000000
-1.47188267,0.78740160,-0.07874016
-1.47147467,0.39370080,0.00000000
-1.47106667,0.78740160,0.00000000
-1.47065867,0.78740160,0.00000000
-1.47025067,0.39370080,0.00000000
-1.46984267,0.78740160,-0.07874016
-1.46943467,0.39370080,0.00000000
-1.46902667,0.39370080,-0.07874016
-1.46861867,0.39370080,0.00000000
-1.46821067,0.78740160,0.00000000
-1.46780267,0.39370080,-0.07874016
-1.46739467,0.78740160,0.00000000
-1.46698667,0.39370080,0.00000000
-1.46657867,0.39370080,-0.07874016
-1.46617067,0.78740160,0.00000000
-1.46576267,0.39370080,-0.07874016
-1.46535467,0.39370080,0.00000000
-1.46494667,0.78740160,0.00000000
-1.46453867,0.39370080,0.00000000
-1.46413067,0.78740160,0.00000000
-1.46372267,0.39370080,0.00000000
-1.46331467,0.39370080,0.00000000
-1.46290667,0.78740160,0.00000000
-1.46249867,0.00000000,0.00000000
-1.46209067,0.39370080,-0.07874016
-1.46168267,0.39370080,0.00000000
-1.46127467,0.00000000,0.00000000
-1.46086667,0.39370080,0.00000000
-1.46045867,0.39370080,-0.07874016
-1.46005067,0.39370080,-0.07874016
-1.45964267,0.78740160,-0.07874016
-1.45923467,0.39370080,-0.07874016
-1.45882667,0.39370080,-0.07874016
-1.45841867,0.00000000,0.00000000
-1.45801067,0.00000000,0.00000000
-1.45760267,0.39370080,-0.07874016
-1.45719467,0.39370080,0.00000000
-1.45678667,0.78740160,-0.07874016
-1.45637867,0.39370080,0.00000000
-1.45597067,0.39370080,-0.07874016
-1.45556267,0.39370080,0.00000000
-1.45515467,0.39370080,0.00000000
-1.45474667,0.39370080,0.00000000
-1.45433867,0.00000000,-0.07874016
-1.45393067,0.39370080,0.00000000
-1.45352267,0.00000000,-0.07874016
-1.45311467,0.39370080,-0.07874016
-1.45270667,0.78740160,0.00000000
-1.45229867,0.39370080,0.00000000
-1.45189067,0.39370080,-0.07874016
-1.45148267,0.78740160,0.00000000
-1.45107467,0.78740160,0.00000000
-1.45066667,0.39370080,0.00000000
-1.45025867,0.39370080,0.00000000
-1.44985067,0.78740160,0.00000000
-1.44944267,0.39370080,0.00000000
-1.44903467,0.78740160,0.00000000
-1.44862667,0.39370080,0.00000000
-1.44821867,0.78740160,0.00000000
-1.44781067,0.78740160,0.00000000
-1.44740267,0.39370080,0.00000000
-1.44699467,0.39370080,-0.07874016
-1.44658667,0.39370080,0.00000000
-1.44617867,0.39370080,0.00000000
-1.44577067,0.78740160,0.00000000
-1.44536267,0.78740160,0.00000000
-1.44495467,0.78740160,-0.07874016
-1.44454667,0.78740160,0.00000000
-1.44413867,0.39370080,-0.07874016
-1.44373067,0.39370080,0.00000000
-1.44332267,0.39370080,-0.07874016
-1.44291467,0.78740160,0.00000000
-1.44250667,0.78740160,0.00000000
-1.44209867,0.39370080,0.00000000
-1.44169067,0.39370080,0.00000000
-1.44128267,0.39370080,0.00000000
-1.44087467,0.39370080,0.00000000
-1.44046667,0.39370080,0.00000000
-1.44005867,0.39370080,0.00000000
-1.43965067,0.39370080,0.00000000
-1.43924267,0.78740160,-0.07874016
-1.43883467,0.39370080,0.00000000
-1.43842667,0.39370080,0.00000000
-1.43801867,0.39370080,0.00000000
-1.43761067,0.39370080,0.00000000
-1.43720267,0.39370080,0.00000000
-1.43679467,0.39370080,-0.07874016
-1.43638667,0.39370080,-0.07874016
-1.43597867,0.39370080,0.00000000
-1.43557067,0.39370080,0.00000000
-1.43516267,0.39370080,0.00000000
-1.43475467,0.39370080,0.00000000
-1.43434667,0.39370080,-0.07874016
-1.43393867,0.39370080,-0.07874016
-1.43353067,0.78740160,0.00000000
-1.43312267,0.39370080,0.00000000
-1.43271467,0.39370080,0.00000000
-1.43230667,0.39370080,-0.07874016
-1.43189867,0.39370080,0.00000000
-1.43149067,0.39370080,0.00000000
-1.43108267,0.78740160,0.00000000
-1.43067467,0.39370080,0.00000000
-1.43026667,0.39370080,0.00000000
-1.42985867,0.39370080,0.00000000
-1.42945067,0.39370080,-0.07874016
-1.42904267,0.39370080,-0.07874016
-1.42863467,0.39370080,0.00000000
-1.42822667,0.78740160,0.00000000
-1.42781867,0.39370080,0.00000000
-1.42741067,0.39370080,0.00000000
-1.42700267,0.39370080,0.00000000
-1.42659467,0.39370080,0.00000000
-1.42618667,0.39370080,0.00000000
-1.42577867,0.39370080,0.00000000
-1.42537067,0.78740160,0.00000000
-1.42496267,0.78740160,0.00000000
-1.42455467,0.78740160,0.00000000
-1.42414667,0.39370080,0.00000000
-1.42373867,0.39370080,0.00000000
-1.42333067,0.78740160,-0.07874016
-1.42292267,0.78740160,0.00000000
-1.42251467,0.78740160,0.00000000
-1.42210667,0.78740160,-0.07874016
-1.42169867,0.78740160,0.00000000
-1.42129067,0.78740160,-0.07874016
-1.42088267,0.78740160,0.00000000
-1.42047467,0.39370080,-0.07874016
-1.42006667,0.39370080,0.00000000
-1.41965867,0.39370080,0.00000000
-1.41925067,0.39370080,0.00000000
-1.41884267,0.39370080,0.00000000
-1.41843467,0.39370080,0.00000000
-1.41802667,0.78740160,0.00000000
-1.41761867,0.39370080,0.00000000
-1.41721067,0.39370080,0.00000000
-1.41680267,0.39370080,0.00000000
-1.41639467,0.39370080,0.00000000
-1.41598667,0.39370080,0.00000000
-1.41557867,0.39370080,0.00000000
-1.41517067,0.39370080,-0.07874016
-1.41476267,0.39370080,0.00000000
-1.41435467,0.39370080,0.00000000
-1.41394667,0.78740160,0.00000000
-1.41353867,0.39370080,0.00000000
-1.41313067,0.39370080,0.00000000
-1.41272267,0.39370080,0.00000000
-1.41231467,0.39370080,-0.07874016
-1.41190667,0.39370080,0.00000000
-1.41149867,0.39370080,0.00000000
-1.41109067,0.39370080,0.00000000
-1.41068267,0.78740160,-0.07874016
-1.41027467,0.39370080,0.00000000
-1.40986667,0.78740160,0.00000000
-1.40945867,0.39370080,0.00000000
-1.40905067,0.39370080,0.00000000
-1.40864267,0.39370080,0.00000000
-1.40823467,0.00000000,0.00000000
-1.40782667,0.00000000,0.00000000
-1.40741867,0.39370080,0.00000000
-1.40701067,0.39370080,0.00000000
-1.40660267,0.39370080,0.00000000
-1.40619467,0.39370080,0.00000000
-1.40578667,0.78740160,-0.07874016
-1.40537867,0.78740160,-0.07874016
-1.40497067,0.39370080,-0.07874016
-1.40456267,0.39370080,-0.07874016
-1.40415467,0.39370080,-0.07874016
-1.40374667,0.39370080,0.00000000
-1.40333867,0.39370080,-0.07874016
-1.40293067,0.39370080,0.00000000
-1.40252267,0.78740160,0.00000000
-1.40211467,0.39370080,0.00000000
-1.40170667,0.39370080,0.00000000
-1.40129867,0.39370080,-0.07874016
-1.40089067,0.78740160,-0.07874016
-1.40048267,0.39370080,-0.07874016
-1.40007467,0.39370080,0.00000000
-1.39966667,0.39370080,-0.07874016
-1.39925867,0.39370080,0.00000000
-1.39885067,0.00000000,0.00000000
-1.39844267,0.78740160,0.00000000
-1.39803467,0.39370080,-0.07874016
-1.39762667,0.39370080,-0.07874016
-1.39721867,0.78740160,-0.07874016
-1.39681067,0.39370080,-0.07874016
-1.39640267,0.78740160,0.00000000
-1.39599467,0.78740160,-0.07874016
-1.39558667,0.39370080,-0.07874016
-1.39517867,0.78740160,0.00000000
-1.39477067,0.39370080,-0.07874016
-1.39436267,0.39370080,0.00000000
-1.39395467,0.78740160,0.00000000
-1.39354667,0.39370080,0.00000000
-1.39313867,0.39370080,-0.07874016
-1.39273067,0.39370080,0.00000000
-1.39232267,0.39370080,0.00000000
-1.39191467,0.78740160,0.00000000
-1.39150667,0.78740160,0.00000000
-1.39109867,0.39370080,-0.07874016
-1.39069067,0.39370080,0.00000000
-1.39028267,0.39370080,0.00000000
-1.38987467,0.78740160,0.00000000
-1.38946667,0.78740160,0.00000000
-1.38905867,0.78740160,0.00000000
-1.38865067,0.39370080,-0.07874016
-1.38824267,0.00000000,0.00000000
-1.38783467,0.78740160,0.00000000
-1.38742667,0.39370080,0.00000000
-1.38701867,0.78740160,0.00000000
-1.38661067,0.39370080,-0.07874016
-1.38620267,0.39370080,0.00000000
-1.38579467,0.39370080,0.00000000
-1.38538667,0.39370080,0.00000000
-1.38497867,0.39370080,-0.07874016
-1.38457067,0.39370080,0.00000000
-1.38416267,0.39370080,-0.07874016
-1.38375467,0.78740160,0.00000000
-1.38334667,0.39370080,0.00000000
-1.38293867,0.39370080,0.00000000
-1.38253067,0.39370080,0.00000000
-1.38212267,0.39370080,0.00000000
-1.38171467,0.00000000,-0.07874016
-1.38130667,0.39370080,-0.07874016
-1.38089867,0.39370080,-0.07874016
-1.38049067,0.39370080,-0.07874016
-1.38008267,0.39370080,-0.07874016
-1.37967467,0.39370080,0.00000000
-1.37926667,0.39370080,-0.07874016
-1.37885867,0.39370080,-0.07874016
-1.37845067,0.39370080,0.00000000
-1.37804267,0.39370080,0.00000000
-1.37763467,0.39370080,0.00000000
-1.37722667,0.00000000,0.00000000
-1.37681867,0.00000000,-0.07874016
-1.37641067,0.00000000,0.00000000
-1.37600267,0.39370080,0.00000000
-1.37559467,0.78740160,-0.07874016
-1.37518667,0.39370080,0.00000000
-1.37477867,0.39370080,-0.07874016
-1.37437067,0.39370080,0.00000000
-1.37396267,0.39370080,-0.07874016
-1.37355467,0.78740160,0.00000000
-1.37314667,0.78740160,0.00000000
-1.37273867,0.39370080,-0.07874016
-1.37233067,0.78740160,-0.07874016
-1.37192267,0.39370080,0.00000000
-1.37151467,0.78740160,0.00000000
-1.37110667,0.39370080,0.00000000
-1.37069867,0.39370080,-0.07874016
-1.37029067,0.78740160,-0.07874016
-1.36988267,0.78740160,-0.07874016
-1.36947467,0.78740160,0.00000000
-1.36906667,0.78740160,0.00000000
-1.36865867,0.78740160,-0.07874016
-1.36825067,0.78740160,0.00000000
-1.36784267,0.78740160,0.00000000
-1.36743467,0.39370080,0.00000000
-1.36702667,0.39370080,0.00000000
-1.36661867,0.78740160,-0.07874016
-1.36621067,0.78740160,0.00000000
-1.36580267,0.78740160,-0.07874016
-1.36539467,0.39370080,0.00000000
-1.36498667,0.39370080,-0.07874016
-1.36457867,0.39370080,0.00000000
-1.36417067,0.39370080,0.00000000
-1.36376267,0.00000000,0.00000000
-1.36335467,0.39370080,-0.07874016
-1.36294667,0.39370080,0.00000000
-1.36253867,0.39370080,0.00000000
-1.36213067,0.78740160,0.00000000
-1.36172267,0.39370080,0.00000000
-1.36131467,0.39370080,0.00000000
-1.36090667,0.39370080,0.00000000
-1.36049867,0.39370080,0.00000000
-1.36009067,0.78740160,-0.07874016
-1.35968267,0.39370080,-0.07874016
-1.35927467,0.39370080,-0.07874016
-1.35886667,0.78740160,0.00000000
-1.35845867,0.39370080,0.00000000
-1.35805067,0.39370080,-0.07874016
-1.35764267,0.39370080,0.00000000
-1.35723467,0.39370080,0.00000000
-1.35682667,0.39370080,0.00000000
-1.35641867,0.78740160,-0.07874016
-1.35601067,0.39370080,0.00000000
-1.35560267,0.39370080,0.00000000
-1.35519467,0.00000000,0.00000000
-1.35478667,0.39370080,0.00000000
-1.35437867,0.39370080,-0.07874016
-1.35397067,0.39370080,0.00000000
-1.35356267,0.39370080,-0.07874016
-1.35315467,0.78740160,0.00000000
-1.35274667,0.39370080,-0.07874016
-1.35233867,0.78740160,0.00000000
-1.35193067,0.39370080,-0.07874016
-1.35152267,0.00000000,0.00000000
-1.35111467,0.78740160,0.00000000
-1.35070667,0.00000000,0.00000000
-1.35029867,0.78740160,-0.07874016
-1.34989067,0.39370080,-0.07874016
-1.34948267,0.39370080,0.00000000
-1.34907467,0.39370080,0.00000000
-1.34866667,0.78740160,-0.07874016
-1.34825867,0.39370080,0.00000000
-1.34785067,0.78740160,-0.07874016
-1.34744267,0.78740160,-0.07874016
-1.34703467,0.39370080,-0.07874016
-1.34662667,0.39370080,0.00000000
-1.34621867,0.39370080,0.00000000
-1.34581067,0.78740160,-0.07874016
-1.34540267,0.39370080,-0.07874016
-1.34499467,0.39370080,0.00000000
-1.34458667,0.78740160,0.00000000
-1.34417867,0.39370080,0.00000000
-1.34377067,0.39370080,-0.07874016
-1.34336267,0.78740160,0.00000000
-1.34295467,0.39370080,-0.07874016
-1.34254667,0.39370080,0.00000000
-1.34213867,0.78740160,0.00000000
-1.34173067,0.78740160,0.00000000
-1.34132267,0.39370080,-0.07874016
-1.34091467,0.78740160,0.00000000
-1.34050667,0.39370080,-0.07874016
-1.34009867,0.39370080,-0.07874016
-1.33969067,0.39370080,0.00000000
-1.33928267,0.00000000,0.00000000
-1.33887467,0.39370080,0.00000000
-1.33846667,0.39370080,0.00000000
-1.33805867,0.39370080,0.00000000
-1.33765067,0.39370080,0.00000000
-1.33724267,0.39370080,0.00000000
-1.33683467,0.39370080,0.00000000
-1.33642667,0.78740160,0.00000000
-1.33601867,0.39370080,-0.07874016
-1.33561067,0.39370080,0.00000000
-1.33520267,0.78740160,0.00000000
-1.33479467,0.39370080,-0.07874016
-1.33438667,0.39370080,-0.07874016
-1.33397867,0.78740160,-0.07874016
-1.33357067,0.39370080,0.00000000
-1.33316267,0.39370080,-0.07874016
-1.33275467,0.78740160,0.00000000
-1.33234667,0.39370080,-0.07874016
-1.33193867,0.39370080,0.00000000
-1.33153067,0.39370080,0.00000000
-1.33112267,0.39370080,-0.07874016
-1.33071467,0.39370080,-0.07874016
-1.33030667,0.39370080,0.00000000
-1.32989867,0.39370080,0.00000000
-1.32949067,0.39370080,0.00000000
-1.32908267,0.39370080,0.00000000
-1.32867467,0.00000000,0.00000000
-1.32826667,0.78740160,0.00000000
-1.32785867,0.39370080,0.00000000
-1.32745067,0.78740160,0.00000000
-1.32704267,0.39370080,0.00000000
-1.32663467,0.39370080,-0.07874016
-1.32622667,0.39370080,0.00000000
-1.32581867,0.39370080,-0.07874016
-1.32541067,0.78740160,0.00000000
-1.32500267,0.78740160,-0.07874016
-1.32459467,0.39370080,0.00000000
-1.32418667,0.78740160,-0.07874016
-1.32377867,0.78740160,0.00000000
-1.32337067,0.78740160,0.00000000
-1.32296267,0.78740160,0.00000000
-1.32255467,0.39370080,0.00000000
-1.32214667,0.39370080,0.00000000
-1.32173867,0.78740160,0.00000000
-1.32133067,0.39370080,-0.07874016
-1.32092267,0.39370080,0.00000000
-1.32051467,0.39370080,0.00000000
-1.32010667,0.78740160,-0.07874016
-1.31969867,0.39370080,0.00000000
-1.31929067,0.39370080,-0.07874016
-1.31888267,0.78740160,0.00000000
-1.31847467,0.78740160,0.00000000
-1.31806667,0.78740160,-0.07874016
-1.31765867,0.78740160,-0.07874016
-1.31725067,0.39370080,0.00000000
-1.31684267,0.39370080,0.00000000
-1.31643467,0.39370080,0.00000000
-1.31602667,0.00000000,0.00000000
-1.31561867,0.39370080,0.00000000
-1.31521067,0.39370080,0.00000000
-1.31480267,0.39370080,-0.07874016
-1.31439467,0.39370080,0.00000000
-1.31398667,0.39370080,0.00000000
-1.31357867,0.39370080,-0.07874016
-1.31317067,0.39370080,0.00000000
-1.31276267,0.39370080,0.00000000
-1.31235467,0.78740160,0.00000000
-1.31194667,0.78740160,0.00000000
-1.31153867,0.00000000,0.00000000
-1.31113067,0.00000000,-0.07874016
-1.31072267,0.39370080,-0.07874016
-1.31031467,0.39370080,0.00000000
-1.30990667,0.39370080,-0.07874016
-1.30949867,0.78740160,-0.07874016
-1.30909067,0.78740160,0.00000000
-1.30868267,0.39370080,0.00000000
-1.30827467,0.39370080,-0.07874016
-1.30786667,0.39370080,-0.07874016
-1.30745867,0.39370080,0.00000000
-1.30705067,0.39370080,-0.07874016
-1.30664267,0.39370080,0.00000000
-1.30623467,0.39370080,-0.07874016
-1.30582667,0.39370080,0.00000000
-1.30541867,0.39370080,0.00000000
-1.30501067,0.39370080,-0.07874016
-1.30460267,0.78740160,0.00000000
-1.30419467,0.39370080,0.00000000
-1.30378667,0.39370080,0.00000000
-1.30337867,0.39370080,-0.07874016
-1.30297067,0.78740160,0.00000000
-1.30256267,0.00000000,0.00000000
-1.30215467,0.78740160,0.00000000
-1.30174667,0.78740160,0.00000000
-1.30133867,0.39370080,-0.07874016
-1.30093068,0.39370080,-0.07874016
-1.30052268,0.39370080,-0.07874016
-1.30011468,0.78740160,0.00000000
-1.29970668,0.39370080,-0.07874016
-1.29929868,0.39370080,-0.07874016
-1.29889068,0.78740160,0.00000000
-1.29848268,0.78740160,0.00000000
-1.29807468,0.78740160,-0.07874016
-1.29766668,0.39370080,0.00000000
-1.29725868,0.39370080,0.00000000
-1.29685068,0.39370080,0.00000000
-1.29644268,0.39370080,0.00000000
-1.29603468,0.39370080,0.00000000
-1.29562668,0.39370080,0.00000000
-1.29521868,0.39370080,0.00000000
-1.29481068,0.78740160,0.00000000
-1.29440268,0.39370080,0.00000000
-1.29399468,0.39370080,0.00000000
-1.29358668,0.39370080,0.00000000
-1.29317868,0.39370080,0.00000000
-1.29277068,0.00000000,0.00000000
-1.29236268,0.78740160,-0.07874016
-1.29195468,0.78740160,0.00000000
-1.29154668,0.39370080,0.00000000
-1.29113868,0.39370080,0.00000000
-1.29073068,0.39370080,0.00000000
-1.29032268,0.39370080,0.00000000
-1.28991468,0.39370080,0.00000000
-1.28950668,0.39370080,0.00000000
-1.28909868,0.78740160,-0.07874016
-1.28869068,0.39370080,0.00000000
-1.28828268,0.78740160,0.00000000
-1.28787468,0.39370080,0.00000000
-1.28746668,0.00000000,-0.07874016
-1.28705868,0.78740160,0.00000000
-1.28665068,0.39370080,-0.07874016
-1.28624268,0.39370080,0.00000000
-1.28583468,0.39370080,0.00000000
-1.28542668,0.39370080,0.00000000
-1.28501868,0.39370080,-0.07874016
-1.28461068,0.78740160,0.00000000
-1.28420268,0.39370080,0.00000000
-1.28379468,0.78740160,0.00000000
-1.28338668,0.39370080,0.00000000
-1.28297868,0.39370080,-0.07874016
-1.28257068,0.39370080,-0.07874016
-1.28216268,0.39370080,0.00000000
-1.28175468,0.39370080,0.00000000
-1.28134668,0.39370080,0.00000000
-1.28093868,0.78740160,-0.07874016
-1.28053068,0.39370080,0.00000000
-1.28012268,0.39370080,-0.07874016
-1.27971468,0.39370080,0.00000000
-1.27930668,0.39370080,0.00000000
-1.27889868,0.39370080,0.00000000
-1.27849068,0.78740160,-0.07874016
-1.27808268,0.78740160,0.00000000
-1.27767468,0.39370080,0.00000000
-1.27726668,0.78740160,0.00000000
-1.27685868,0.78740160,0.00000000
-1.27645068,0.39370080,0.00000000
-1.27604268,0.39370080,0.00000000
-1.27563468,0.39370080,0.00000000
-1.27522668,0.78740160,0.00000000
-1.27481868,0.78740160,0.00000000
-1.27441068,0.39370080,0.00000000
-1.27400268,0.78740160,0.00000000
-1.27359468,0.39370080,0.00000000
-1.27318668,0.39370080,0.00000000
-1.27277868,0.78740160,-0.07874016
-1.27237068,0.39370080,0.00000000
-1.27196268,0.78740160,0.00000000
-1.27155468,0.39370080,-0.07874016
-1.27114668,0.39370080,0.00000000
-1.27073868,0.78740160,0.00000000
-1.27033068,0.39370080,-0.07874016
-1.26992268,0.78740160,0.00000000
-1.26951468,0.78740160,-0.07874016
-1.26910668,0.39370080,0.00000000
-1.26869868,0.78740160,-0.07874016
-1.26829068,0.39370080,0.00000000
-1.26788268,0.39370080,0.00000000
-1.26747468,0.39370080,-0.07874016
-1.26706668,0.39370080,0.00000000
-1.26665868,0.39370080,0.00000000
-1.26625068,0.78740160,-0.07874016
-1.26584268,0.39370080,0.00000000
-1.26543468,0.78740160,-0.07874016
-1.26502668,0.39370080,0.00000000
-1.26461868,0.39370080,0.00000000
-1.26421068,0.39370080,0.00000000
-1.26380268,0.39370080,0.00000000
-1.26339468,0.78740160,0.00000000
-1.26298668,0.39370080,0.00000000
-1.26257868,0.39370080,0.00000000
-1.26217068,0.39370080,-0.07874016
-1.26176268,0.39370080,-0.07874016
-1.26135468,0.39370080,0.00000000
-1.26094668,0.39370080,0.00000000
-1.26053868,0.39370080,0.00000000
-1.26013068,0.39370080,0.00000000
-1.25972268,0.78740160,0.00000000
-1.25931468,0.39370080,0.00000000
-1.25890668,0.39370080,0.00000000
-1.25849868,0.39370080,0.00000000
-1.25809068,0.39370080,0.00000000
-1.25768268,0.39370080,0.00000000
-1.25727468,0.39370080,0.00000000
-1.25686668,0.78740160,0.00000000
-1.25645868,0.78740160,0.00000000
-1.25605068,0.78740160,0.00000000
-1.25564268,0.78740160,-0.07874016
-1.25523468,0.39370080,0.00000000
-1.25482668,0.39370080,0.00000000
-1.25441868,0.39370080,0.00000000
-1.25401068,0.39370080,0.00000000
-1.25360268,0.39370080,0.00000000
-1.25319468,0.78740160,-0.07874016
-1.25278668,0.78740160,-0.07874016
-1.25237868,0.78740160,-0.07874016
-1.25197068,0.39370080,0.00000000
-1.25156268,0.78740160,0.00000000
-1.25115468,0.39370080,0.00000000
-1.25074668,0.39370080,0.00000000
-1.25033868,0.39370080,0.00000000
-1.24993068,0.78740160,-0.07874016
-1.24952268,0.39370080,0.00000000
-1.24911468,0.78740160,0.00000000
-1.24870668,0.78740160,0.00000000
-1.24829868,0.39370080,-0.07874016
-1.24789068,0.39370080,0.00000000
-1.24748268,0.78740160,-0.07874016
-1.24707468,0.39370080,0.00000000
-1.24666668,0.39370080,0.00000000
-1.24625868,0.39370080,-0.07874016
-1.24585068,0.78740160,-0.07874016
-1.24544268,0.78740160,0.00000000
-1.24503468,0.39370080,0.00000000
-1.24462668,0.39370080,0.00000000
-1.24421868,0.39370080,0.00000000
-1.24381068,0.39370080,-0.07874016
-1.24340268,0.78740160,0.00000000
-1.24299468,0.39370080,0.00000000
-1.24258668,0.78740160,-0.07874016
-1.24217868,0.39370080,0.00000000
-1.24177068,0.78740160,0.00000000
-1.24136268,0.78740160,0.00000000
-1.24095468,0.78740160,0.00000000
-1.24054668,0.39370080,0.00000000
-1.24013868,0.39370080,-0.07874016
-1.23973068,0.39370080,-0.07874016
-1.23932268,0.39370080,-0.07874016
-1.23891468,0.39370080,0.00000000
-1.23850668,0.39370080,0.00000000
-1.23809868,0.39370080,0.00000000
-1.23769068,0.78740160,-0.07874016
-1.23728268,0.78740160,0.00000000
-1.23687468,0.78740160,0.00000000
-1.23646668,0.39370080,-0.07874016
-1.23605868,0.78740160,-0.07874016
-1.23565068,0.00000000,0.00000000
-1.23524268,0.39370080,0.00000000
-1.23483468,0.39370080,0.00000000
-1.23442668,0.39370080,-0.07874016
-1.23401868,0.78740160,0.00000000
-1.23361068,0.78740160,0.00000000
-1.23320268,0.78740160,0.00000000
-1.23279468,0.39370080,0.00000000
-1.23238668,0.39370080,-0.07874016
-1.23197868,0.39370080,0.00000000
-1.23157068,0.39370080,0.00000000
-1.23116268,0.39370080,0.00000000
-1.23075468,0.39370080,0.00000000
-1.23034668,0.39370080,-0.07874016
-1.22993868,0.39370080,0.00000000
-1.22953068,0.39370080,0.00000000
-1.22912268,0.39370080,0.00000000
-1.22871468,0.39370080,0.00000000
-1.22830668,0.78740160,0.00000000
-1.22789868,0.39370080,-0.07874016
-1.22749068,0.39370080,0.00000000
-1.22708268,0.78740160,0.00000000
-1.22667468,0.39370080,0.00000000
-1.22626668,0.39370080,0.00000000
-1.22585868,0.39370080,0.00000000
-1.22545068,0.78740160,0.00000000
-1.22504268,0.78740160,0.00000000
-1.22463468,0.39370080,0.00000000
-1.22422668,0.39370080,0.00000000
-1.22381868,0.78740160,0.00000000
-1.22341068,0.78740160,0.00000000
-1.22300268,0.39370080,-0.07874016
-1.22259468,0.78740160,-0.07874016
-1.22218668,0.78740160,0.00000000
-1.22177868,0.39370080,-0.07874016
-1.22137068,0.39370080,0.00000000
-1.22096268,0.39370080,-0.07874016
-1.22055468,0.78740160,0.00000000
-1.22014668,0.78740160,-0.07874016
-1.21973868,0.39370080,0.00000000
-1.21933068,0.78740160,-0.07874016
-1.21892268,0.39370080,0.00000000
-1.21851468,0.39370080,-0.07874016
-1.21810668,0.39370080,0.00000000
-1.21769868,0.39370080,-0.07874016
-1.21729068,0.39370080,0.00000000
-1.21688268,0.78740160,0.00000000
-1.21647468,0.39370080,0.00000000
-1.21606668,0.78740160,0.00000000
-1.21565868,0.39370080,-0.07874016
-1.21525068,0.39370080,-0.07874016
-1.21484268,0.78740160,0.00000000
-1.21443468,0.39370080,0.00000000
-1.21402668,0.78740160,0.00000000
-1.21361868,0.39370080,0.00000000
-1.21321068,0.39370080,0.00000000
-1.21280268,0.39370080,0.00000000
-1.21239468,0.78740160,0.00000000
-1.21198668,0.39370080,0.00000000
-1.21157868,0.39370080,0.00000000
-1.21117068,0.78740160,0.00000000
-1.21076268,0.39370080,0.00000000
-1.21035468,0.39370080,0.00000000
-1.20994668,0.39370080,0.00000000
-1.20953868,0.39370080,-0.07874016
-1.20913068,0.00000000,0.00000000
-1.20872268,0.39370080,0.00000000
-1.20831468,0.39370080,0.00000000
-1.20790668,0.78740160,0.00000000
-1.20749868,0.78740160,0.00000000
-1.20709068,0.39370080,0.00000000
-1.20668268,0.39370080,-0.07874016
-1.20627468,0.39370080,-0.07874016
-1.20586668,0.39370080,0.00000000
-1.20545868,0.39370080,-0.07874016
-1.20505068,0.78740160,-0.07874016
-1.20464268,0.39370080,0.00000000
-1.20423468,0.39370080,-0.07874016
-1.20382668,0.78740160,0.00000000
-1.20341868,0.39370080,0.00000000
-1.20301068,0.39370080,0.00000000
-1.20260268,0.39370080,0.00000000
-1.20219468,0.39370080,0.00000000
-1.20178668,0.78740160,0.00000000
-1.20137868,0.39370080,0.00000000
-1.20097068,0.78740160,0.00000000
-1.20056268,0.39370080,0.00000000
-1.20015468,0.39370080,0.00000000
-1.19974668,0.39370080,0.00000000
-1.19933868,0.39370080,0.00000000
-1.19893068,0.78740160,0.00000000
-1.19852268,0.78740160,0.00000000
-1.19811468,0.39370080,0.00000000
-1.19770668,0.78740160,-0.07874016
-1.19729868,0.39370080,-0.07874016
-1.19689068,0.78740160,0.00000000
-1.19648268,0.39370080,0.00000000
-1.19607468,0.78740160,-0.07874016
-1.19566668,0.78740160,0.00000000
-1.19525868,0.39370080,0.00000000
-1.19485068,0.39370080,0.00000000
-1.19444268,0.39370080,-0.07874016
-1.19403468,0.39370080,0.00000000
-1.19362668,0.78740160,-0.07874016
-1.19321868,0.78740160,0.00000000
-1.19281068,0.39370080,-0.07874016
-1.19240268,0.78740160,0.00000000
-1.19199468,0.39370080,-0.07874016
-1.19158668,0.39370080,-0.07874016
-1.19117868,0.39370080,-0.07874016
-1.19077068,0.78740160,0.00000000
-1.19036268,0.39370080,-0.07874016
-1.18995468,0.78740160,0.00000000
-1.18954668,0.78740160,-0.07874016
-1.18913868,0.39370080,0.00000000
-1.18873068,0.78740160,-0.07874016
-1.18832268,0.78740160,0.00000000
-1.18791468,0.39370080,-0.07874016
-1.18750668,0.39370080,0.00000000
-1.18709868,0.39370080,-0.07874016
-1.18669068,0.78740160,0.00000000
-1.18628268,0.39370080,0.00000000
-1.18587468,0.39370080,0.00000000
-1.18546668,0.39370080,0.00000000
-1.18505868,0.39370080,0.00000000
-1.18465068,0.78740160,-0.07874016
-1.18424268,0.39370080,0.00000000
-1.18383468,0.39370080,-0.07874016
-1.18342668,0.39370080,0.00000000
-1.18301868,0.39370080,0.00000000
-1.18261068,0.39370080,0.00000000
-1.18220268,0.39370080,-0.07874016
-1.18179468,0.39370080,0.00000000
-1.18138668,0.39370080,0.00000000
-1.18097868,0.39370080,0.00000000
-1.18057068,0.00000000,0.00000000
-1.18016268,0.39370080,0.00000000
-1.17975468,0.39370080,0.00000000
-1.17934668,0.78740160,0.00000000
-1.17893868,0.39370080,-0.07874016
-1.17853068,0.78740160,-0.07874016
-1.17812268,0.39370080,0.00000000
-1.17771468,0.39370080,0.00000000
-1.17730668,0.39370080,0.00000000
-1.17689868,0.39370080,0.00000000
-1.17649068,0.00000000,0.00000000
-1.17608268,0.39370080,0.00000000
-1.17567468,0.39370080,0.00000000
-1.17526668,0.39370080,0.00000000
-1.17485868,0.39370080,0.00000000
-1.17445068,0.39370080,0.00000000
-1.17404268,0.39370080,0.00000000
-1.17363468,0.39370080,0.00000000
-1.17322668,0.78740160,0.00000000
-1.17281868,0.39370080,0.00000000
-1.17241068,0.78740160,0.00000000
-1.17200268,0.39370080,0.00000000
-1.17159468,0.78740160,-0.07874016
-1.17118668,0.39370080,0.00000000
-1.17077868,0.78740160,0.00000000
-1.17037068,0.39370080,0.00000000
-1.16996268,0.39370080,-0.07874016
-1.16955468,1.18110200,0.00000000
-1.16914668,0.39370080,0.00000000
-1.16873868,0.39370080,-0.07874016
-1.16833068,0.39370080,0.00000000
-1.16792268,0.39370080,0.00000000
-1.16751468,0.78740160,0.00000000
-1.16710668,0.39370080,0.00000000
-1.16669868,0.39370080,0.00000000
-1.16629068,0.39370080,0.00000000
-1.16588268,0.39370080,0.00000000
-1.16547468,0.39370080,0.00000000
-1.16506668,0.39370080,0.00000000
-1.16465868,0.39370080,0.00000000
-1.16425068,0.78740160,-0.07874016
-1.16384268,0.39370080,0.00000000
-1.16343468,0.39370080,0.00000000
-1.16302668,0.78740160,-0.07874016
-1.16261868,0.39370080,-0.07874016
-1.16221068,0.39370080,-0.07874016
-1.16180268,0.00000000,-0.07874016
-1.16139468,0.00000000,-0.07874016
-1.16098668,0.39370080,0.00000000
-1.16057868,0.39370080,0.00000000
-1.16017068,0.78740160,-0.07874016
-1.15976268,0.39370080,0.00000000
-1.15935468,0.00000000,-0.07874016
-1.15894668,0.39370080,0.00000000
-1.15853868,0.39370080,-0.07874016
-1.15813068,0.39370080,0.00000000
-1.15772268,0.78740160,-0.07874016
-1.15731468,0.39370080,0.00000000
-1.15690668,0.39370080,-0.07874016
-1.15649868,0.78740160,0.00000000
-1.15609068,0.39370080,0.00000000
-1.15568268,0.78740160,0.00000000
-1.15527468,0.78740160,0.00000000
-1.15486668,0.78740160,0.00000000
-1.15445868,0.39370080,0.00000000
-1.15405068,0.39370080,0.00000000
-1.15364268,0.39370080,0.00000000
-1.15323468,0.39370080,-0.07874016
-1.15282668,0.39370080,0.00000000
-1.15241868,0.39370080,0.00000000
-1.15201068,0.39370080,0.00000000
-1.15160268,0.39370080,0.00000000
-1.15119468,0.78740160,0.00000000
-1.15078668,0.39370080,0.00000000
-1.15037868,0.39370080,0.00000000
-1.14997068,0.39370080,0.00000000
-1.14956268,0.39370080,0.00000000
-1.14915468,0.39370080,0.00000000
-1.14874668,0.78740160,0.00000000
-1.14833868,0.39370080,0.00000000
-1.14793068,0.39370080,0.00000000
-1.14752268,0.00000000,0.00000000
-1.14711468,0.78740160,0.00000000
-1.14670668,0.39370080,0.00000000
-1.14629868,0.39370080,0.00000000
-1.14589068,0.78740160,0.00000000
-1.14548268,0.39370080,-0.07874016
-1.14507468,0.78740160,-0.07874016
-1.14466668,0.39370080,0.00000000
-1.14425868,0.39370080,0.00000000
-1.14385068,0.78740160,0.00000000
-1.14344268,0.39370080,-0.07874016
-1.14303468,0.39370080,0.00000000
-1.14262668,0.39370080,0.00000000
-1.14221868,0.00000000,-0.07874016
-1.14181068,0.39370080,0.00000000
-1.14140268,0.78740160,0.00000000
-1.14099468,0.39370080,0.00000000
-1.14058668,0.78740160,0.00000000
-1.14017868,0.78740160,0.00000000
-1.13977068,0.39370080,0.00000000
-1.13936268,0.78740160,0.00000000
-1.13895468,0.39370080,-0.07874016
-1.13854668,0.00000000,0.00000000
-1.13813868,0.39370080,0.00000000
-1.13773068,0.39370080,0.00000000
-1.13732268,0.39370080,0.00000000
-1.13691468,0.78740160,0.00000000
-1.13650668,0.39370080,0.00000000
-1.13609868,0.39370080,0.00000000
-1.13569068,0.39370080,0.00000000
-1.13528268,0.78740160,0.00000000
-1.13487468,0.39370080,0.00000000
-1.13446668,0.39370080,0.00000000
-1.13405868,0.78740160,0.00000000
-1.13365068,0.39370080,0.00000000
-1.13324268,0.78740160,0.00000000
-1.13283468,0.39370080,0.00000000
-1.13242668,0.00000000,0.00000000
-1.13201868,0.78740160,0.00000000
-1.13161068,0.39370080,0.00000000
-1.13120268,0.78740160,0.00000000
-1.13079468,0.39370080,0.00000000
-1.13038668,0.39370080,0.00000000
-1.12997868,0.78740160,0.00000000
-1.12957068,0.78740160,0.00000000
-1.12916268,0.39370080,0.00000000
-1.12875468,0.00000000,0.00000000
-1.12834668,0.39370080,0.00000000
-1.12793868,0.39370080,0.00000000
-1.12753068,0.78740160,0.00000000
-1.12712268,0.39370080,0.00000000
-1.12671468,0.78740160,-0.07874016
-1.12630668,0.39370080,0.00000000
-1.12589868,0.78740160,-0.07874016
-1.12549068,0.39370080,0.00000000
-1.12508268,0.39370080,0.00000000
-1.12467468,0.78740160,0.00000000
-1.12426669,0.78740160,0.00000000
-1.12385869,0.78740160,0.00000000
-1.12345069,0.78740160,0.00000000
-1.12304269,0.39370080,0.00000000
-1.12263469,0.39370080,0.00000000
-1.12222669,0.78740160,0.00000000
-1.12181869,0.39370080,0.00000000
-1.12141069,0.39370080,0.00000000
-1.12100269,0.39370080,0.00000000
-1.12059469,0.39370080,-0.07874016
-1.12018669,0.78740160,-0.07874016
-1.11977869,0.39370080,0.00000000
-1.11937069,0.39370080,0.00000000
-1.11896269,0.78740160,0.00000000
-1.11855469,0.39370080,0.00000000
-1.11814669,0.78740160,0.00000000
-1.11773869,0.39370080,-0.07874016
-1.11733069,0.39370080,0.00000000
-1.11692269,0.78740160,0.00000000
-1.11651469,0.39370080,0.00000000
-1.11610669,0.39370080,0.00000000
-1.11569869,0.78740160,0.00000000
-1.11529069,0.78740160,-0.07874016
-1.11488269,0.78740160,0.00000000
-1.11447469,0.39370080,0.00000000
-1.11406669,0.39370080,0.00000000
-1.11365869,0.39370080,-0.07874016
-1.11325069,0.39370080,-0.07874016
-1.11284269,0.39370080,-0.07874016
-1.11243469,0.39370080,0.00000000
-1.11202669,0.39370080,-0.07874016
-1.11161869,0.39370080,0.00000000
-1.11121069,0.39370080,-0.07874016
-1.11080269,0.39370080,0.00000000
-1.11039469,0.39370080,0.00000000
-1.10998669,0.00000000,0.00000000
-1.10957869,0.39370080,0.00000000
-1.10917069,0.39370080,0.00000000
-1.10876269,0.39370080,-0.07874016
-1.10835469,0.39370080,-0.07874016
-1.10794669,0.39370080,0.00000000
-1.10753869,0.39370080,-0.07874016
-1.10713069,0.39370080,0.00000000
-1.10672269,0.39370080,-0.07874016
-1.10631469,0.78740160,-0.07874016
-1.10590669,0.78740160,-0.07874016
-1.10549869,0.39370080,0.00000000
-1.10509069,0.78740160,0.00000000
-1.10468269,0.39370080,-0.07874016
-1.10427469,0.39370080,-0.07874016
-1.10386669,0.39370080,0.00000000
-1.10345869,0.39370080,0.00000000
-1.10305069,0.39370080,0.00000000
-1.10264269,0.39370080,0.00000000
-1.10223469,1.18110200,0.00000000
-1.10182669,0.78740160,0.00000000
-1.10141869,0.39370080,-0.07874016
-1.10101069,0.39370080,0.00000000
-1.10060269,0.39370080,0.00000000
-1.10019469,0.39370080,-0.07874016
-1.09978669,0.39370080,-0.07874016
-1.09937869,0.78740160,0.00000000
-1.09897069,0.39370080,0.00000000
-1.09856269,0.78740160,0.00000000
-1.09815469,0.39370080,-0.07874016
-1.09774669,0.78740160,0.00000000
-1.09733869,0.39370080,0.00000000
-1.09693069,0.39370080,0.00000000
-1.09652269,1.18110200,0.00000000
-1.09611469,0.39370080,0.00000000
-1.09570669,0.39370080,-0.07874016
-1.09529869,0.39370080,0.00000000
-1.09489069,0.39370080,0.00000000
-1.09448269,0.78740160,0.00000000
-1.09407469,0.39370080,0.00000000
-1.09366669,0.00000000,0.00000000
-1.09325869,0.39370080,0.00000000
-1.09285069,0.39370080,-0.07874016
-1.09244269,0.78740160,0.00000000
-1.09203469,0.39370080,-0.07874016
-1.09162669,0.78740160,0.00000000
-1.09121869,0.39370080,0.00000000
-1.09081069,0.39370080,0.00000000
-1.09040269,0.78740160,0.00000000
-1.08999469,0.78740160,0.00000000
-1.08958669,0.39370080,0.00000000
-1.08917869,0.39370080,0.00000000
-1.08877069,0.00000000,0.00000000
-1.08836269,0.39370080,0.00000000
-1.08795469,0.39370080,0.00000000
-1.08754669,0.39370080,0.00000000
-1.08713869,0.39370080,-0.07874016
-1.08673069,0.78740160,0.00000000
-1.08632269,0.78740160,-0.07874016
-1.08591469,0.39370080,0.00000000
-1.08550669,0.39370080,0.00000000
-1.08509869,0.39370080,0.00000000
-1.08469069,0.78740160,0.00000000
-1.08428269,0.39370080,-0.07874016
-1.08387469,0.78740160,0.00000000
-1.08346669,0.39370080,0.00000000
-1.08305869,0.39370080,0.00000000
-1.08265069,0.00000000,-0.07874016
-1.08224269,0.39370080,0.00000000
-1.08183469,0.39370080,0.00000000
-1.08142669,0.39370080,0.00000000
-1.08101869,0.39370080,0.00000000
-1.08061069,0.39370080,0.00000000
-1.08020269,0.78740160,0.00000000
-1.07979469,0.78740160,0.00000000
-1.07938669,0.39370080,-0.07874016
-1.07897869,0.00000000,0.00000000
-1.07857069,0.78740160,0.00000000
-1.07816269,0.00000000,0.00000000
-1.07775469,0.00000000,0.00000000
-1.07734669,0.39370080,0.00000000
-1.07693869,0.78740160,-0.07874016
-1.07653069,0.39370080,0.00000000
-1.07612269,0.78740160,0.00000000
-1.07571469,0.39370080,0.00000000
-1.07530669,0.39370080,0.00000000
-1.07489869,0.78740160,-0.07874016
-1.07449069,0.39370080,0.00000000
-1.07408269,0.39370080,0.00000000
-1.07367469,0.39370080,0.00000000
-1.07326669,0.78740160,0.00000000
-1.07285869,0.78740160,0.00000000
-1.07245069,0.39370080,0.00000000
-1.07204269,0.78740160,0.00000000
-1.07163469,0.39370080,-0.07874016
-1.07122669,0.78740160,0.00000000
-1.07081869,0.39370080,0.00000000
-1.07041069,0.39370080,-0.07874016
-1.07000269,0.78740160,0.00000000
-1.06959469,0.78740160,0.00000000
-1.06918669,0.39370080,0.00000000
-1.06877869,0.39370080,0.00000000
-1.06837069,0.39370080,0.00000000
-1.06796269,0.39370080,-0.07874016
-1.06755469,0.78740160,-0.07874016
-1.06714669,0.39370080,0.00000000
-1.06673869,0.39370080,0.00000000
-1.06633069,0.39370080,0.00000000
-1.06592269,0.78740160,0.00000000
-1.06551469,0.78740160,0.00000000
-1.06510669,0.39370080,0.00000000
-1.06469869,0.39370080,-0.07874016
-1.06429069,0.39370080,0.00000000
-1.06388269,0.39370080,-0.07874016
-1.06347469,0.39370080,0.00000000
-1.06306669,0.39370080,-0.07874016
-1.06265869,0.39370080,0.00000000
-1.06225069,0.39370080,0.00000000
-1.06184269,0.00000000,-0.07874016
-1.06143469,0.39370080,0.00000000
-1.06102669,0.39370080,0.00000000
-1.06061869,0.39370080,0.00000000
-1.06021069,0.78740160,-0.07874016
-1.05980269,0.39370080,-0.07874016
-1.05939469,0.39370080,0.00000000
-1.05898669,0.78740160,-0.07874016
-1.05857869,0.39370080,0.00000000
-1.05817069,0.78740160,-0.07874016
-1.05776269,0.39370080,0.00000000
-1.05735469,0.39370080,0.00000000
-1.05694669,0.39370080,-0.07874016
-1.05653869,0.39370080,-0.07874016
-1.05613069,0.39370080,0.00000000
-1.05572269,0.78740160,-0.07874016
-1.05531469,0.39370080,-0.07874016
-1.05490669,0.78740160,-0.07874016
-1.05449869,0.39370080,0.00000000
-1.05409069,0.39370080,0.00000000
-1.05368269,0.78740160,0.00000000
-1.05327469,0.39370080,0.00000000
-1.05286669,0.39370080,0.00000000
-1.05245869,0.78740160,-0.07874016
-1.05205069,0.39370080,0.00000000
-1.05164269,0.78740160,0.00000000
-1.05123469,0.39370080,0.00000000
-1.05082669,0.39370080,-0.07874016
-1.05041869,0.00000000,0.00000000
-1.05001069,0.78740160,-0.07874016
-1.04960269,0.39370080,0.00000000
-1.04919469,0.00000000,0.00000000
-1.04878669,0.39370080,-0.07874016
-1.04837869,0.78740160,0.00000000
-1.04797069,0.39370080,0.00000000
-1.04756269,0.78740160,0.00000000
-1.04715469,0.78740160,0.00000000
-1.04674669,0.78740160,0.00000000
-1.04633869,0.39370080,0.00000000
-1.04593069,0.39370080,0.00000000
-1.04552269,0.00000000,0.00000000
-1.04511469,0.39370080,-0.07874016
-1.04470669,0.39370080,0.00000000
-1.04429869,0.78740160,-0.07874016
-1.04389069,0.39370080,0.00000000
-1.04348269,0.78740160,0.00000000
-1.04307469,0.39370080,0.00000000
-1.04266669,0.39370080,0.00000000
-1.04225869,0.39370080,0.00000000
-1.04185069,0.39370080,-0.07874016
-1.04144269,0.39370080,0.00000000
-1.04103469,0.39370080,0.00000000
-1.04062669,0.39370080,0.00000000
-1.04021869,0.39370080,0.00000000
-1.03981069,0.00000000,0.00000000
-1.03940269,0.78740160,0.00000000
-1.03899469,0.39370080,0.00000000
-1.03858669,0.39370080,-0.07874016
-1.03817869,0.39370080,0.00000000
-1.03777069,0.39370080,-0.07874016
-1.03736269,0.39370080,0.00000000
-1.03695469,0.39370080,0.00000000
-1.03654669,0.78740160,0.00000000
-1.03613869,0.39370080,0.00000000
-1.03573069,0.39370080,-0.07874016
-1.03532269,0.39370080,0.00000000
-1.03491469,0.78740160,-0.07874016
-1.03450669,0.39370080,0.00000000
-1.03409869,0.00000000,0.00000000
-1.03369069,0.00000000,-0.07874016
-1.03328269,0.39370080,0.00000000
-1.03287469,0.39370080,-0.07874016
-1.03246669,0.78740160,0.00000000
-1.03205869,0.78740160,0.00000000
-1.03165069,0.39370080,-0.07874016
-1.03124269,0.39370080,0.00000000
-1.03083469,0.39370080,0.00000000
-1.03042669,0.78740160,-0.07874016
-1.03001869,0.78740160,0.00000000
-1.02961069,0.39370080,0.00000000
-1.02920269,0.78740160,0.00000000
-1.02879469,0.39370080,0.00000000
-1.02838669,0.39370080,-0.07874016
-1.02797869,0.39370080,0.00000000
-1.02757069,0.39370080,0.00000000
-1.02716269,0.39370080,0.00000000
-1.02675469,0.78740160,0.00000000
-1.02634669,0.39370080,-0.07874016
-1.02593869,0.39370080,0.00000000
-1.02553069,0.78740160,-0.07874016
-1.02512269,0.78740160,0.00000000
-1.02471469,0.39370080,0.00000000
-1.02430669,0.39370080,0.00000000
-1.02389869,0.39370080,-0.07874016
-1.02349069,0.78740160,0.00000000
-1.02308269,0.78740160,0.00000000
-1.02267469,0.78740160,-0.07874016
-1.02226669,0.39370080,-0.07874016
-1.02185869,0.39370080,0.00000000
-1.02145069,0.78740160,0.00000000
-1.02104269,0.39370080,-0.07874016
-1.02063469,0.39370080,0.00000000
-1.02022669,0.39370080,0.00000000
-1.01981869,0.78740160,-0.07874016
-1.01941069,0.39370080,0.00000000
-1.01900269,0.78740160,0.00000000
-1.01859469,0.39370080,0.00000000
-1.01818669,0.39370080,0.00000000
-1.01777869,0.39370080,0.00000000
-1.01737069,0.78740160,0.00000000
-1.01696269,0.39370080,0.00000000
-1.01655469,0.78740160,-0.07874016
-1.01614669,0.78740160,0.00000000
-1.01573869,0.39370080,-0.07874016
-1.01533069,0.00000000,0.00000000
-1.01492269,0.39370080,-0.07874016
-1.01451469,0.39370080,0.00000000
-1.01410669,0.78740160,-0.07874016
-1.01369869,0.39370080,0.00000000
-1.01329069,0.39370080,-0.07874016
-1.01288269,0.39370080,0.00000000
-1.01247469,0.39370080,0.00000000
-1.01206669,0.39370080,0.00000000
-1.01165869,0.39370080,0.00000000
-1.01125069,0.39370080,0.00000000
-1.01084269,0.39370080,0.00000000
-1.01043469,0.39370080,-0.07874016
-1.01002669,0.78740160,-0.07874016
-1.00961869,0.00000000,-0.07874016
-1.00921069,0.39370080,-0.07874016
-1.00880269,0.39370080,0.00000000
-1.00839469,0.39370080,0.00000000
-1.00798669,0.00000000,0.00000000
-1.00757869,0.00000000,-0.07874016
-1.00717069,0.39370080,0.00000000
-1.00676269,0.78740160,0.00000000
-1.00635469,0.00000000,0.00000000
-1.00594669,0.39370080,0.00000000
-1.00553869,0.39370080,0.00000000
-1.00513069,0.39370080,0.00000000
-1.00472269,0.39370080,0.00000000
-1.00431469,0.39370080,0.00000000
-1.00390669,0.39370080,0.00000000
-1.00349869,0.78740160,0.00000000
-1.00309069,0.39370080,0.00000000
-1.00268269,0.39370080,-0.07874016
-1.00227469,0.39370080,0.00000000
-1.00186669,0.78740160,-0.07874016
-1.00145869,0.78740160,0.00000000
-1.00105069,0.39370080,0.00000000
-1.00064269,0.39370080,0.00000000
-1.00023469,0.39370080,-0.07874016
-0.99982669,0.39370080,0.00000000
-0.99941869,0.78740160,-0.07874016
-0.99901069,0.39370080,0.00000000
-0.99860269,0.78740160,0.00000000
-0.99819469,0.39370080,0.00000000
-0.99778669,0.39370080,-0.07874016
-0.99737869,0.78740160,0.00000000
-0.99697069,0.78740160,-0.07874016
-0.99656269,0.39370080,0.00000000
-0.99615469,0.78740160,0.00000000
-0.99574669,0.78740160,0.00000000
-0.99533869,0.39370080,-0.07874016
-0.99493069,0.39370080,-0.07874016
-0.99452269,0.39370080,0.00000000
-0.99411469,0.39370080,-0.07874016
-0.99370669,0.39370080,0.00000000
-0.99329869,0.39370080,0.00000000
-0.99289069,0.39370080,0.00000000
-0.99248269,0.78740160,0.00000000
-0.99207469,0.39370080,0.00000000
-0.99166669,0.39370080,0.00000000
-0.99125869,0.39370080,0.00000000
-0.99085069,0.39370080,0.00000000
-0.99044269,0.39370080,-0.07874016
-0.99003469,0.78740160,0.00000000
-0.98962669,0.39370080,0.00000000
-0.98921869,0.39370080,0.00000000
-0.98881069,0.00000000,0.00000000
-0.98840269,0.39370080,0.00000000
-0.98799469,0.39370080,0.00000000
-0.98758669,0.39370080,0.00000000
-0.98717869,0.39370080,-0.07874016
-0.98677069,0.39370080,0.00000000
-0.98636269,0.39370080,0.00000000
-0.98595469,0.00000000,0.00000000
-0.98554669,0.78740160,0.00000000
-0.98513869,0.39370080,0.00000000
-0.98473069,0.78740160,0.00000000
-0.98432269,0.39370080,0.00000000
-0.98391469,0.39370080,0.00000000
-0.98350669,0.39370080,0.00000000
-0.98309869,0.39370080,-0.07874016
-0.98269069,0.39370080,0.00000000
-0.98228269,0.39370080,0.00000000
-0.98187469,0.78740160,0.00000000
-0.98146669,0.78740160,0.00000000
-0.98105869,0.39370080,0.00000000
-0.98065069,0.39370080,0.00000000
-0.98024269,0.78740160,0.00000000
-0.97983469,0.39370080,0.00000000
-0.97942669,0.00000000,0.00000000
-0.97901869,0.78740160,0.00000000
-0.97861069,0.39370080,0.00000000
-0.97820269,0.39370080,-0.07874016
-0.97779469,0.39370080,0.00000000
-0.97738669,0.78740160,0.00000000
-0.97697869,0.39370080,0.00000000
-0.97657069,0.39370080,0.00000000
-0.97616269,0.00000000,0.00000000
-0.97575469,0.39370080,-0.07874016
-0.97534669,0.39370080,0.00000000
-0.97493869,0.78740160,-0.07874016
-0.97453069,0.39370080,-0.07874016
-0.97412269,0.78740160,0.00000000
-0.97371469,0.78740160,0.00000000
-0.97330669,0.78740160,0.00000000
-0.97289869,0.39370080,0.00000000
-0.97249069,0.39370080,0.00000000
-0.97208269,0.39370080,0.00000000
-0.97167469,0.39370080,-0.07874016
-0.97126669,0.39370080,0.00000000
-0.97085869,0.78740160,-0.07874016
-0.97045069,0.39370080,-0.07874016
-0.97004269,0.78740160,-0.07874016
-0.96963469,0.78740160,0.00000000
-0.96922669,0.39370080,0.00000000
-0.96881869,0.39370080,-0.07874016
-0.96841069,0.78740160,0.00000000
-0.96800269,0.78740160,0.00000000
-0.96759469,0.39370080,-0.07874016
-0.96718669,0.39370080,-0.07874016
-0.96677869,0.78740160,0.00000000
-0.96637069,0.39370080,0.00000000
-0.96596269,0.39370080,0.00000000
-0.96555469,0.39370080,0.00000000
-0.96514669,0.39370080,0.00000000
-0.96473869,0.39370080,0.00000000
-0.96433069,0.39370080,0.00000000
-0.96392269,0.39370080,0.00000000
-0.96351469,0.00000000,0.00000000
-0.96310669,0.39370080,-0.07874016
-0.96269869,0.39370080,0.00000000
-0.96229069,0.39370080,0.00000000
-0.96188269,0.39370080,-0.07874016
-0.96147469,0.39370080,0.00000000
-0.96106669,0.39370080,0.00000000
-0.96065869,0.78740160,-0.07874016
-0.96025069,0.78740160,0.00000000
-0.95984269,0.39370080,0.00000000
-0.95943469,0.39370080,0.00000000
-0.95902669,0.39370080,0.00000000
-0.95861869,0.78740160,0.00000000
-0.95821069,0.39370080,-0.07874016
-0.95780269,0.39370080,-0.07874016
-0.95739469,0.39370080,0.00000000
-0.95698669,0.39370080,0.00000000
-0.95657869,0.00000000,0.00000000
-0.95617069,0.78740160,0.00000000
-0.95576269,0.39370080,0.00000000
-0.95535469,0.78740160,-0.07874016
-0.95494669,0.39370080,0.00000000
-0.95453869,0.39370080,-0.07874016
-0.95413069,0.39370080,0.00000000
-0.95372269,0.78740160,-0.07874016
-0.95331469,0.78740160,0.00000000
-0.95290669,0.78740160,0.00000000
-0.95249869,0.39370080,0.00000000
-0.95209069,0.39370080,0.00000000
-0.95168269,0.39370080,-0.07874016
-0.95127469,0.39370080,0.00000000
-0.95086669,0.39370080,0.00000000
-0.95045869,0.78740160,0.00000000
-0.95005069,0.39370080,-0.07874016
-0.94964269,0.39370080,0.00000000
-0.94923469,0.39370080,0.00000000
-0.94882669,0.78740160,-0.07874016
-0.94841869,0.39370080,0.00000000
-0.94801069,0.39370080,0.00000000
-0.94760270,0.78740160,0.00000000
-0.94719470,0.39370080,0.00000000
-0.94678670,0.78740160,0.00000000
-0.94637870,0.78740160,0.00000000
-0.94597070,0.39370080,0.00000000
-0.94556270,0.39370080,0.00000000
-0.94515470,0.39370080,-0.07874016
-0.94474670,0.39370080,0.00000000
-0.94433870,0.78740160,0.00000000
-0.94393070,0.39370080,-0.07874016
-0.94352270,0.39370080,0.00000000
-0.94311470,0.39370080,-0.07874016
-0.94270670,0.39370080,-0.07874016
-0.94229870,0.39370080,-0.07874016
-0.94189070,0.78740160,0.00000000
-0.94148270,0.39370080,0.00000000
-0.94107470,0.39370080,0.00000000
-0.94066670,0.39370080,-0.07874016
-0.94025870,0.39370080,0.00000000
-0.93985070,0.00000000,-0.07874016
-0.93944270,0.39370080,0.00000000
-0.93903470,0.39370080,0.00000000
-0.93862670,0.39370080,0.00000000
-0.93821870,0.39370080,0.00000000
-0.93781070,0.39370080,-0.07874016
-0.93740270,0.00000000,-0.07874016
-0.93699470,0.78740160,0.00000000
-0.93658670,0.00000000,0.00000000
-0.93617870,0.78740160,0.00000000
-0.93577070,0.78740160,-0.07874016
-0.93536270,0.39370080,0.00000000
-0.93495470,0.78740160,0.00000000
-0.93454670,0.39370080,0.00000000
-0.93413870,0.00000000,0.00000000
-0.93373070,0.39370080,0.00000000
-0.93332270,0.39370080,-0.07874016
-0.93291470,0.39370080,0.00000000
-0.93250670,0.39370080,0.00000000
-0.93209870,0.00000000,-0.07874016
-0.93169070,0.39370080,-0.07874016
-0.93128270,0.39370080,-0.07874016
-0.93087470,0.39370080,0.00000000
-0.93046670,0.39370080,-0.07874016
-0.93005870,0.39370080,-0.07874016
-0.92965070,0.78740160,0.00000000
-0.92924270,0.39370080,0.00000000
-0.92883470,0.00000000,-0.07874016
-0.92842670,0.39370080,-0.07874016
-0.92801870,0.00000000,0.00000000
-0.92761070,0.39370080,-0.07874016
-0.92720270,0.39370080,0.00000000
-0.92679470,0.39370080,0.00000000
-0.92638670,0.39370080,0.00000000
-0.92597870,0.39370080,0.00000000
-0.92557070,0.39370080,0.00000000
-0.92516270,0.78740160,0.00000000
-0.92475470,0.78740160,0.00000000
-0.92434670,0.39370080,0.00000000
-0.92393870,0.39370080,0.00000000
-0.92353070,0.39370080,0.00000000
-0.92312270,0.78740160,0.00000000
-0.92271470,0.78740160,0.00000000
-0.92230670,0.78740160,0.00000000
-0.92189870,0.78740160,0.00000000
-0.92149070,0.39370080,0.00000000
-0.92108270,0.39370080,0.00000000
-0.92067470,0.00000000,-0.07874016
-0.92026670,0.78740160,-0.07874016
-0.91985870,0.39370080,0.00000000
-0.91945070,0.39370080,-0.07874016
-0.91904270,0.39370080,0.00000000
-0.91863470,0.00000000,-0.07874016
-0.91822670,0.39370080,0.00000000
-0.91781870,0.78740160,0.00000000
-0.91741070,0.00000000,0.00000000
-0.91700270,0.39370080,0.00000000
-0.91659470,0.78740160,0.00000000
-0.91618670,0.39370080,0.00000000
-0.91577870,0.39370080,-0.07874016
-0.91537070,0.39370080,0.00000000
-0.91496270,0.39370080,0.00000000
-0.91455470,0.78740160,-0.07874016
-0.91414670,0.39370080,0.00000000
-0.91373870,0.78740160,0.00000000
-0.91333070,0.39370080,0.00000000
-0.91292270,0.39370080,-0.07874016
-0.91251470,0.39370080,0.00000000
-0.91210670,0.39370080,0.00000000
-0.91169870,0.39370080,0.00000000
-0.91129070,0.39370080,-0.07874016
-0.91088270,0.39370080,0.00000000
-0.91047470,0.39370080,0.00000000
-0.91006670,0.00000000,0.00000000
-0.90965870,0.39370080,-0.07874016
-0.90925070,0.39370080,-0.07874016
-0.90884270,0.39370080,0.00000000
-0.90843470,0.39370080,0.00000000
-0.90802670,0.39370080,0.00000000
-0.90761870,0.78740160,0.00000000
-0.90721070,0.78740160,-0.07874016
-0.90680270,0.39370080,0.00000000
-0.90639470,0.78740160,0.00000000
-0.90598670,0.39370080,0.00000000
-0.90557870,0.39370080,0.00000000
-0.90517070,0.78740160,0.00000000
-0.90476270,0.39370080,0.00000000
-0.90435470,0.39370080,0.00000000
-0.90394670,0.39370080,0.00000000
-0.90353870,0.78740160,0.00000000
-0.90313070,0.39370080,0.00000000
-0.90272270,0.39370080,-0.07874016
-0.90231470,0.78740160,-0.07874016
-0.90190670,0.78740160,0.00000000
-0.90149870,0.39370080,0.00000000
-0.90109070,0.78740160,0.00000000
-0.90068270,0.39370080,0.00000000
-0.90027470,0.78740160,-0.07874016
-0.89986670,0.78740160,0.00000000
-0.89945870,0.39370080,0.00000000
-0.89905070,0.78740160,0.00000000
-0.89864270,0.39370080,0.00000000
-0.89823470,0.39370080,0.00000000
-0.89782670,0.39370080,0.00000000
-0.89741870,0.78740160,0.00000000
-0.89701070,0.39370080,-0.07874016
-0.89660270,0.39370080,0.00000000
-0.89619470,0.39370080,0.00000000
-0.89578670,0.78740160,0.00000000
-0.89537870,0.39370080,-0.07874016
-0.89497070,0.78740160,0.00000000
-0.89456270,0.39370080,0.00000000
-0.89415470,0.39370080,0.00000000
-0.89374670,0.39370080,-0.07874016
-0.89333870,0.39370080,0.00000000
-0.89293070,0.39370080,-0.07874016
-0.89252270,0.39370080,-0.07874016
-0.89211470,0.39370080,-0.07874016
-0.89170670,0.00000000,-0.07874016
-0.89129870,0.00000000,0.00000000
-0.89089070,0.39370080,0.00000000
-0.89048270,0.39370080,0.00000000
-0.89007470,0.39370080,0.00000000
-0.88966670,0.39370080,0.00000000
-0.88925870,0.39370080,0.00000000
-0.88885070,0.39370080,0.00000000
-0.88844270,0.78740160,0.00000000
-0.88803470,0.39370080,0.00000000
-0.88762670,0.39370080,-0.07874016
-0.88721870,0.39370080,0.00000000
-0.88681070,0.39370080,-0.07874016
-0.88640270,0.39370080,0.00000000
-0.88599470,0.39370080,0.00000000
-0.88558670,0.39370080,0.00000000
-0.88517870,0.39370080,0.00000000
-0.88477070,0.39370080,0.00000000
-0.88436270,0.39370080,-0.07874016
-0.88395470,0.39370080,0.00000000
-0.88354670,0.39370080,-0.07874016
-0.88313870,0.39370080,0.00000000
-0.88273070,0.39370080,0.00000000
-0.88232270,0.39370080,0.00000000
-0.88191470,0.39370080,0.00000000
-0.88150670,0.78740160,0.00000000
-0.88109870,0.78740160,0.00000000
-0.88069070,0.39370080,0.00000000
-0.88028270,0.78740160,0.00000000
-0.87987470,0.78740160,0.00000000
-0.87946670,0.78740160,-0.07874016
-0.87905870,0.39370080,0.00000000
-0.87865070,0.39370080,0.00000000
-0.87824270,0.39370080,0.00000000
-0.87783470,0.78740160,0.00000000
-0.87742670,0.39370080,0.00000000
-0.87701870,0.78740160,0.00000000
-0.87661070,0.78740160,0.00000000
-0.87620270,0.78740160,-0.07874016
-0.87579470,0.78740160,0.00000000
-0.87538670,0.78740160,0.00000000
-0.87497870,0.39370080,0.00000000
-0.87457070,0.39370080,-0.07874016
-0.87416270,0.39370080,0.00000000
-0.87375470,0.78740160,-0.07874016
-0.87334670,0.39370080,0.00000000
-0.87293870,0.39370080,0.00000000
-0.87253070,0.78740160,0.00000000
-0.87212270,0.39370080,-0.07874016
-0.87171470,0.39370080,0.00000000
-0.87130670,0.78740160,0.00000000
-0.87089870,0.78740160,0.00000000
-0.87049070,0.39370080,-0.07874016
-0.87008270,0.39370080,0.00000000
-0.86967470,0.78740160,0.00000000
-0.86926670,0.78740160,0.00000000
-0.86885870,0.39370080,0.00000000
-0.86845070,0.39370080,0.00000000
-0.86804270,0.39370080,0.00000000
-0.86763470,0.78740160,0.00000000
-0.86722670,0.39370080,0.00000000
-0.86681870,0.39370080,0.00000000
-0.86641070,0.39370080,-0.07874016
-0.86600270,0.39370080,0.00000000
-0.86559470,0.39370080,-0.07874016
-0.86518670,0.78740160,0.00000000
-0.86477870,0.39370080,-0.07874016
-0.86437070,0.39370080,0.00000000
-0.86396270,0.39370080,0.00000000
-0.86355470,0.39370080,0.00000000
-0.86314670,0.39370080,0.00000000
-0.86273870,0.39370080,0.00000000
-0.86233070,0.39370080,0.00000000
-0.86192270,0.39370080,0.00000000
-0.86151470,0.78740160,-0.07874016
-0.86110670,0.39370080,0.00000000
-0.86069870,0.39370080,0.00000000
-0.86029070,0.39370080,0.00000000
-0.85988270,0.39370080,-0.07874016
-0.85947470,0.39370080,0.00000000
-0.85906670,0.39370080,0.00000000
-0.85865870,0.39370080,0.00000000
-0.85825070,0.39370080,0.00000000
-0.85784270,0.00000000,0.00000000
-0.85743470,0.39370080,0.00000000
-0.85702670,0.00000000,0.00000000
-0.85661870,0.78740160,-0.07874016
-0.85621070,0.39370080,0.00000000
-0.85580270,0.00000000,-0.07874016
-0.85539470,0.39370080,-0.07874016
-0.85498670,0.39370080,0.00000000
-0.85457870,0.78740160,0.00000000
-0.85417070,0.39370080,-0.07874016
-0.85376270,0.78740160,0.00000000
-0.85335470,0.39370080,0.00000000
-0.85294670,0.00000000,0.00000000
-0.85253870,0.39370080,0.00000000
-0.85213070,0.39370080,0.00000000
-0.85172270,0.39370080,-0.07874016
-0.85131470,0.39370080,0.00000000
-0.85090670,0.78740160,0.00000000
-0.85049870,0.78740160,0.00000000
-0.85009070,0.78740160,0.00000000
-0.84968270,0.39370080,0.00000000
-0.84927470,0.78740160,0.00000000
-0.84886670,0.39370080,0.00000000
-0.84845870,0.39370080,0.00000000
-0.84805070,0.39370080,0.00000000
-0.84764270,0.78740160,0.00000000
-0.84723470,0.78740160,0.00000000
-0.84682670,0.78740160,0.00000000
-0.84641870,0.39370080,0.00000000
-0.84601070,0.39370080,0.00000000
-0.84560270,0.39370080,-0.07874016
-0.84519470,0.78740160,-0.07874016
-0.84478670,0.78740160,0.00000000
-0.84437870,0.78740160,0.00000000
-0.84397070,0.39370080,0.00000000
-0.84356270,0.39370080,0.00000000
-0.84315470,0.39370080,0.00000000
-0.84274670,0.39370080,-0.07874016
-0.84233870,0.39370080,-0.07874016
-0.84193070,0.39370080,-0.07874016
-0.84152270,0.39370080,0.00000000
-0.84111470,0.39370080,-0.07874016
-0.84070670,0.39370080,0.00000000
-0.84029870,0.78740160,-0.07874016
-0.83989070,0.39370080,-0.07874016
-0.83948270,0.78740160,0.00000000
-0.83907470,0.39370080,0.00000000
-0.83866670,0.39370080,-0.07874016
-0.83825870,0.39370080,0.00000000
-0.83785070,0.39370080,-0.07874016
-0.83744270,0.39370080,-0.07874016
-0.83703470,0.39370080,0.00000000
-0.83662670,0.39370080,0.00000000
-0.83621870,0.39370080,0.00000000
-0.83581070,0.39370080,-0.07874016
-0.83540270,0.78740160,0.00000000
-0.83499470,0.78740160,0.00000000
-0.83458670,0.39370080,0.00000000
-0.83417870,0.39370080,0.00000000
-0.83377070,0.39370080,0.00000000
-0.83336270,0.39370080,0.00000000
-0.83295470,0.39370080,0.00000000
-0.83254670,0.39370080,0.00000000
-0.83213870,0.39370080,0.00000000
-0.83173070,0.39370080,0.00000000
-0.83132270,0.00000000,0.00000000
-0.83091470,0.39370080,0.00000000
-0.83050670,0.39370080,0.00000000
-0.83009870,0.39370080,0.00000000
-0.82969070,0.39370080,-0.07874016
-0.82928270,0.39370080,0.00000000
-0.82887470,0.78740160,-0.07874016
-0.82846670,0.00000000,0.00000000
-0.82805870,0.39370080,0.00000000
-0.82765070,0.39370080,0.00000000
-0.82724270,0.39370080,-0.07874016
-0.82683470,0.39370080,0.00000000
-0.82642670,0.78740160,0.00000000
-0.82601870,0.39370080,-0.07874016
-0.82561070,0.78740160,0.00000000
-0.82520270,0.39370080,0.00000000
-0.82479470,0.78740160,0.00000000
-0.82438670,0.78740160,0.00000000
-0.82397870,0.39370080,-0.07874016
-0.82357070,0.39370080,0.00000000
-0.82316270,0.78740160,0.00000000
-0.82275470,0.39370080,0.00000000
-0.82234670,0.78740160,-0.07874016
-0.82193870,0.39370080,0.00000000
-0.82153070,0.39370080,-0.07874016
-0.82112270,0.39370080,0.00000000
-0.82071470,0.39370080,-0.07874016
-0.82030670,0.78740160,0.00000000
-0.81989870,0.78740160,0.00000000
-0.81949070,0.78740160,-0.07874016
-0.81908270,0.39370080,-0.07874016
-0.81867470,0.39370080,-0.07874016
-0.81826670,0.78740160,-0.07874016
-0.81785870,0.39370080,0.00000000
-0.81745070,0.00000000,0.00000000
-0.81704270,0.39370080,-0.07874016
-0.81663470,0.78740160,0.00000000
-0.81622670,0.39370080,0.00000000
-0.81581870,0.39370080,0.00000000
-0.81541070,0.78740160,-0.07874016
-0.81500270,0.78740160,-0.07874016
-0.81459470,0.78740160,-0.07874016
-0.81418670,0.39370080,0.00000000
-0.81377870,0.39370080,0.00000000
-0.81337070,0.39370080,0.00000000
-0.81296270,0.00000000,0.00000000
-0.81255470,0.39370080,0.00000000
-0.81214670,0.39370080,0.00000000
-0.81173870,0.78740160,-0.07874016
-0.81133070,0.39370080,-0.07874016
-0.81092270,0.39370080,0.00000000
-0.81051470,0.39370080,0.00000000
-0.81010670,0.39370080,0.00000000
-0.80969870,0.00000000,0.00000000
-0.80929070,0.39370080,0.00000000
-0.80888270,0.39370080,0.00000000
-0.80847470,0.00000000,0.00000000
-0.80806670,0.39370080,0.00000000
-0.80765870,0.39370080,-0.07874016
-0.80725070,0.39370080,0.00000000
-0.80684270,0.39370080,0.00000000
-0.80643470,0.39370080,0.00000000
-0.80602670,0.39370080,0.00000000
-0.80561870,0.39370080,0.00000000
-0.80521070,0.78740160,0.00000000
-0.80480270,0.39370080,-0.07874016
-0.80439470,0.39370080,0.00000000
-0.80398670,0.39370080,-0.07874016
-0.80357870,0.39370080,0.00000000
-0.80317070,0.39370080,0.00000000
-0.80276270,0.39370080,0.00000000
-0.80235470,0.39370080,-0.07874016
-0.80194670,0.39370080,-0.07874016
-0.80153870,0.39370080,0.00000000
-0.80113070,0.78740160,-0.07874016
-0.80072270,0.78740160,0.00000000
-0.80031470,0.39370080,0.00000000
-0.79990670,0.39370080,0.00000000
-0.79949870,0.39370080,0.00000000
-0.79909070,0.39370080,0.00000000
-0.79868270,0.78740160,0.00000000
-0.79827470,0.39370080,-0.07874016
-0.79786670,0.39370080,0.00000000
-0.79745870,0.78740160,0.00000000
-0.79705070,0.78740160,0.00000000
-0.79664270,0.78740160,-0.07874016
-0.79623470,0.39370080,-0.07874016
-0.79582670,0.39370080,-0.07874016
-0.79541870,0.39370080,0.00000000
-0.79501070,0.78740160,-0.07874016
-0.79460270,0.39370080,0.00000000
-0.79419470,0.39370080,0.00000000
-0.79378670,0.78740160,0.00000000
-0.79337870,0.39370080,0.00000000
-0.79297070,0.00000000,0.00000000
-0.79256270,0.00000000,0.00000000
-0.79215470,0.39370080,0.00000000
-0.79174670,0.39370080,0.00000000
-0.79133870,0.39370080,-0.07874016
-0.79093070,0.00000000,0.00000000
-0.79052270,0.39370080,0.00000000
-0.79011470,0.39370080,0.00000000
-0.78970670,0.39370080,-0.07874016
-0.78929870,0.39370080,0.00000000
-0.78889070,0.39370080,0.00000000
-0.78848270,0.39370080,0.00000000
-0.78807470,0.39370080,0.00000000
-0.78766670,0.39370080,0.00000000
-0.78725870,0.39370080,-0.07874016
-0.78685070,0.39370080,0.00000000
-0.78644270,0.78740160,-0.07874016
-0.78603470,0.39370080,0.00000000
-0.78562670,0.39370080,0.00000000
-0.78521870,0.78740160,0.00000000
-0.78481070,0.39370080,-0.07874016
-0.78440270,0.00000000,-0.07874016
-0.78399470,0.39370080,-0.07874016
-0.78358670,0.39370080,-0.07874016
-0.78317870,0.00000000,0.00000000
-0.78277070,0.39370080,0.00000000
-0.78236270,0.39370080,0.00000000
-0.78195470,0.00000000,0.00000000
-0.78154670,0.78740160,0.00000000
-0.78113870,0.39370080,-0.07874016
-0.78073070,0.78740160,0.00000000
-0.78032270,0.39370080,0.00000000
-0.77991470,0.39370080,-0.07874016
-0.77950670,0.39370080,0.00000000
-0.77909870,0.39370080,0.00000000
-0.77869070,0.39370080,0.00000000
-0.77828270,0.39370080,0.00000000
-0.77787470,0.39370080,0.00000000
-0.77746670,0.78740160,0.00000000
-0.77705870,0.78740160,-0.07874016
-0.77665070,0.39370080,-0.07874016
-0.77624270,0.78740160,0.00000000
-0.77583470,0.39370080,0.00000000
-0.77542670,0.78740160,0.00000000
-0.77501870,0.78740160,0.00000000
-0.77461070,0.39370080,0.00000000
-0.77420270,0.39370080,0.00000000
-0.77379470,0.78740160,0.00000000
-0.77338670,0.39370080,0.00000000
-0.77297870,0.78740160,0.00000000
-0.77257070,0.39370080,-0.07874016
-0.77216270,0.39370080,0.00000000
-0.77175470,0.78740160,-0.07874016
-0.77134670,0.00000000,0.00000000
-0.77093871,0.78740160,0.00000000
-0.77053071,0.39370080,0.00000000
-0.77012271,0.00000000,-0.07874016
-0.76971471,0.78740160,0.00000000
-0.76930671,0.39370080,-0.07874016
-0.76889871,0.78740160,0.00000000
-0.76849071,0.78740160,0.00000000
-0.76808271,0.78740160,0.00000000
-0.76767471,0.39370080,0.00000000
-0.76726671,0.39370080,0.00000000
-0.76685871,0.78740160,0.00000000
-0.76645071,0.39370080,0.00000000
-0.76604271,0.39370080,0.00000000
-0.76563471,0.39370080,-0.07874016
-0.76522671,0.39370080,-0.07874016
-0.76481871,0.39370080,0.00000000
-0.76441071,0.39370080,0.00000000
-0.76400271,0.39370080,0.00000000
-0.76359471,0.39370080,0.00000000
-0.76318671,0.39370080,0.00000000
-0.76277871,0.39370080,0.00000000
-0.76237071,0.39370080,-0.07874016
-0.76196271,0.39370080,-0.07874016
-0.76155471,0.39370080,0.00000000
-0.76114671,0.39370080,-0.07874016
-0.76073871,0.39370080,0.00000000
-0.76033071,0.00000000,-0.07874016
-0.75992271,0.78740160,0.00000000
-0.75951471,0.39370080,0.00000000
-0.75910671,0.39370080,-0.07874016
-0.75869871,0.39370080,0.00000000
-0.75829071,0.00000000,0.00000000
-0.75788271,0.39370080,-0.07874016
-0.75747471,0.39370080,-0.07874016
-0.75706671,0.39370080,0.00000000
-0.75665871,0.39370080,0.00000000
-0.75625071,0.39370080,0.00000000
-0.75584271,0.39370080,0.00000000
-0.75543471,0.78740160,-0.07874016
-0.75502671,0.39370080,0.00000000
-0.75461871,0.39370080,0.00000000
-0.75421071,0.39370080,-0.07874016
-0.75380271,0.39370080,0.00000000
-0.75339471,0.39370080,0.00000000
-0.75298671,0.39370080,0.00000000
-0.75257871,0.39370080,0.00000000
-0.75217071,0.39370080,-0.07874016
-0.75176271,0.78740160,0.00000000
-0.75135471,0.78740160,0.00000000
-0.75094671,0.39370080,0.00000000
-0.75053871,0.39370080,0.00000000
-0.75013071,0.78740160,0.00000000
-0.74972271,0.39370080,-0.07874016
-0.74931471,0.78740160,0.00000000
-0.74890671,0.39370080,0.00000000
-0.74849871,0.78740160,0.00000000
-0.74809071,0.78740160,0.00000000
-0.74768271,0.78740160,0.00000000
-0.74727471,0.39370080,0.00000000
-0.74686671,0.78740160,-0.07874016
-0.74645871,0.39370080,-0.07874016
-0.74605071,0.78740160,0.00000000
-0.74564271,0.78740160,0.00000000
-0.74523471,0.78740160,0.00000000
-0.74482671,0.39370080,-0.07874016
-0.74441871,0.39370080,-0.07874016
-0.74401071,0.39370080,0.00000000
-0.74360271,0.39370080,0.00000000
-0.74319471,0.39370080,-0.07874016
-0.74278671,0.39370080,0.00000000
-0.74237871,0.78740160,0.00000000
-0.74197071,0.39370080,0.00000000
-0.74156271,0.39370080,0.00000000
-0.74115471,0.39370080,0.00000000
-0.74074671,0.39370080,-0.07874016
-0.74033871,0.39370080,0.00000000
-0.73993071,0.78740160,-0.07874016
-0.73952271,0.39370080,0.00000000
-0.73911471,0.39370080,-0.07874016
-0.73870671,0.39370080,0.00000000
-0.73829871,0.39370080,0.00000000
-0.73789071,0.39370080,-0.07874016
-0.73748271,0.39370080,0.00000000
-0.73707471,0.39370080,0.00000000
-0.73666671,0.39370080,0.00000000
-0.73625871,0.39370080,0.00000000
-0.73585071,0.39370080,0.00000000
-0.73544271,0.39370080,0.00000000
-0.73503471,0.39370080,0.00000000
-0.73462671,0.39370080,-0.07874016
-0.73421871,0.39370080,-0.07874016
-0.73381071,0.39370080,0.00000000
-0.73340271,0.39370080,0.00000000
-0.73299471,0.39370080,0.00000000
-0.73258671,0.00000000,-0.07874016
-0.73217871,0.39370080,-0.07874016
-0.73177071,0.39370080,0.00000000
-0.73136271,0.00000000,-0.07874016
-0.73095471,0.78740160,0.00000000
-0.73054671,0.78740160,-0.07874016
-0.73013871,0.39370080,0.00000000
-0.72973071,0.39370080,-0.07874016
-0.72932271,0.39370080,-0.07874016
-0.72891471,0.78740160,0.00000000
-0.72850671,0.39370080,0.00000000
-0.72809871,0.39370080,0.00000000
-0.72769071,0.39370080,0.00000000
-0.72728271,0.39370080,0.00000000
-0.72687471,0.78740160,0.00000000
-0.72646671,0.39370080,0.00000000
-0.72605871,0.39370080,0.00000000
-0.72565071,0.78740160,0.00000000
-0.72524271,0.78740160,-0.07874016
-0.72483471,0.78740160,0.00000000
-0.72442671,0.78740160,-0.07874016
-0.72401871,0.78740160,0.00000000
-0.72361071,0.39370080,-0.07874016
-0.72320271,0.78740160,0.00000000
-0.72279471,0.39370080,-0.07874016
-0.72238671,0.39370080,0.00000000
-0.72197871,0.78740160,0.00000000
-0.72157071,0.78740160,0.00000000
-0.72116271,0.78740160,0.00000000
-0.72075471,0.78740160,0.00000000
-0.72034671,0.39370080,0.00000000
-0.71993871,0.39370080,-0.07874016
-0.71953071,0.39370080,0.00000000
-0.71912271,0.39370080,0.00000000
-0.71871471,0.39370080,-0.07874016
-0.71830671,0.39370080,0.00000000
-0.71789871,0.78740160,0.00000000
-0.71749071,0.39370080,-0.07874016
-0.71708271,0.39370080,-0.07874016
-0.71667471,0.39370080,0.00000000
-0.71626671,0.00000000,-0.07874016
-0.71585871,0.78740160,0.00000000
-0.71545071,0.39370080,0.00000000
-0.71504271,0.78740160,-0.07874016
-0.71463471,0.39370080,-0.07874016
-0.71422671,0.39370080,0.00000000
-0.71381871,0.78740160,0.00000000
-0.71341071,0.39370080,0.00000000
-0.71300271,0.39370080,0.00000000
-0.71259471,0.39370080,0.00000000
-0.71218671,0.39370080,0.00000000
-0.71177871,0.39370080,0.00000000
-0.71137071,0.39370080,0.00000000
-0.71096271,0.00000000,0.00000000
-0.71055471,0.78740160,0.00000000
-0.71014671,0.00000000,0.00000000
-0.70973871,0.39370080,-0.07874016
-0.70933071,0.00000000,0.00000000
-0.70892271,0.39370080,0.00000000
-0.70851471,0.39370080,0.00000000
-0.70810671,0.39370080,-0.07874016
-0.70769871,0.39370080,0.00000000
-0.70729071,0.39370080,-0.07874016
-0.70688271,0.39370080,0.00000000
-0.70647471,0.39370080,0.00000000
-0.70606671,0.39370080,0.00000000
-0.70565871,0.39370080,-0.07874016
-0.70525071,0.00000000,0.00000000
-0.70484271,0.78740160,0.00000000
-0.70443471,0.39370080,0.00000000
-0.70402671,0.78740160,0.00000000
-0.70361871,0.78740160,0.00000000
-0.70321071,0.39370080,0.00000000
-0.70280271,0.39370080,0.00000000
-0.70239471,0.39370080,-0.07874016
-0.70198671,0.39370080,0.00000000
-0.70157871,0.39370080,0.00000000
-0.70117071,0.78740160,0.00000000
-0.70076271,0.39370080,0.00000000
-0.70035471,0.39370080,0.00000000
-0.69994671,0.78740160,0.00000000
-0.69953871,0.78740160,0.00000000
-0.69913071,0.39370080,0.00000000
-0.69872271,0.39370080,0.00000000
-0.69831471,0.39370080,0.00000000
-0.69790671,0.39370080,0.00000000
-0.69749871,0.78740160,0.00000000
-0.69709071,0.39370080,0.00000000
-0.69668271,0.39370080,0.00000000
-0.69627471,0.00000000,0.00000000
-0.69586671,0.39370080,0.00000000
-0.69545871,0.39370080,0.00000000
-0.69505071,0.39370080,0.00000000
-0.69464271,0.78740160,0.00000000
-0.69423471,0.78740160,0.00000000
-0.69382671,0.39370080,-0.07874016
-0.69341871,0.39370080,0.00000000
-0.69301071,0.39370080,0.00000000
-0.69260271,0.78740160,0.00000000
-0.69219471,0.39370080,0.00000000
-0.69178671,0.39370080,-0.07874016
-0.69137871,0.39370080,0.00000000
-0.69097071,0.39370080,0.00000000
-0.69056271,0.39370080,0.00000000
-0.69015471,0.39370080,-0.07874016
-0.68974671,0.39370080,0.00000000
-0.68933871,0.78740160,0.00000000
-0.68893071,0.78740160,0.00000000
-0.68852271,0.39370080,0.00000000
-0.68811471,0.39370080,-0.07874016
-0.68770671,0.78740160,-0.07874016
-0.68729871,0.39370080,0.00000000
-0.68689071,0.39370080,0.00000000
-0.68648271,0.39370080,0.00000000
-0.68607471,0.00000000,0.00000000
-0.68566671,0.39370080,0.00000000
-0.68525871,0.39370080,0.00000000
-0.68485071,0.39370080,0.00000000
-0.68444271,0.39370080,0.00000000
-0.68403471,0.00000000,0.00000000
-0.68362671,0.39370080,0.00000000
-0.68321871,0.39370080,-0.07874016
-0.68281071,0.00000000,-0.07874016
-0.68240271,0.00000000,0.00000000
-0.68199471,0.39370080,0.00000000
-0.68158671,0.39370080,0.00000000
-0.68117871,0.78740160,0.00000000
-0.68077071,0.39370080,-0.07874016
-0.68036271,0.39370080,0.00000000
-0.67995471,0.39370080,0.00000000
-0.67954671,0.39370080,0.00000000
-0.67913871,0.39370080,-0.07874016
-0.67873071,0.39370080,-0.07874016
-0.67832271,0.78740160,0.00000000
-0.67791471,0.39370080,0.00000000
-0.67750671,0.39370080,-0.07874016
-0.67709871,0.39370080,0.00000000
-0.67669071,0.78740160,0.00000000
-0.67628271,0.78740160,-0.07874016
-0.67587471,0.39370080,0.00000000
-0.67546671,0.78740160,-0.07874016
-0.67505871,0.39370080,0.00000000
-0.67465071,0.78740160,0.00000000
-0.67424271,0.39370080,0.00000000
-0.67383471,0.39370080,-0.07874016
-0.67342671,0.78740160,0.00000000
-0.67301871,0.78740160,0.00000000
-0.67261071,0.39370080,0.00000000
-0.67220271,0.39370080,0.00000000
-0.67179471,0.39370080,0.00000000
-0.67138671,0.78740160,0.00000000
-0.67097871,0.78740160,0.00000000
-0.67057071,0.39370080,0.00000000
-0.67016271,0.78740160,-0.07874016
-0.66975471,0.39370080,0.00000000
-0.66934671,0.78740160,-0.07874016
-0.66893871,0.78740160,0.00000000
-0.66853071,0.39370080,0.00000000
-0.66812271,0.78740160,-0.07874016
-0.66771471,0.39370080,0.00000000
-0.66730671,0.78740160,0.00000000
-0.66689871,0.78740160,0.00000000
-0.66649071,0.78740160,0.00000000
-0.66608271,0.39370080,0.00000000
-0.66567471,0.39370080,0.00000000
-0.66526671,0.78740160,0.00000000
-0.66485871,0.78740160,0.00000000
-0.66445071,0.39370080,0.00000000
-0.66404271,0.39370080,0.00000000
-0.66363471,0.39370080,0.00000000
-0.66322671,0.39370080,-0.07874016
-0.66281871,0.78740160,0.00000000
-0.66241071,0.00000000,0.00000000
-0.66200271,0.78740160,0.00000000
-0.66159471,0.00000000,0.00000000
-0.66118671,0.39370080,0.00000000
-0.66077871,0.39370080,-0.07874016
-0.66037071,0.39370080,0.00000000
-0.65996271,0.39370080,0.00000000
-0.65955471,0.39370080,0.00000000
-0.65914671,0.39370080,0.00000000
-0.65873871,0.39370080,0.00000000
-0.65833071,0.00000000,-0.07874016
-0.65792271,0.00000000,0.00000000
-0.65751471,0.39370080,0.00000000
-0.65710671,0.39370080,0.00000000
-0.65669871,0.39370080,0.00000000
-0.65629071,0.39370080,-0.07874016
-0.65588271,0.39370080,-0.07874016
-0.65547471,0.39370080,0.00000000
-0.65506671,0.39370080,0.00000000
-0.65465871,0.39370080,0.00000000
-0.65425071,0.39370080,0.00000000
-0.65384271,0.78740160,0.00000000
-0.65343471,0.78740160,0.00000000
-0.65302671,0.39370080,0.00000000
-0.65261871,0.39370080,0.00000000
-0.65221071,0.39370080,-0.07874016
-0.65180271,0.39370080,0.00000000
-0.65139471,0.39370080,0.00000000
-0.65098671,0.78740160,0.00000000
-0.65057871,0.39370080,0.00000000
-0.65017071,0.39370080,-0.07874016
-0.64976271,0.78740160,0.00000000
-0.64935471,0.78740160,0.00000000
-0.64894671,0.78740160,0.00000000
-0.64853871,0.39370080,-0.07874016
-0.64813071,0.39370080,0.00000000
-0.64772271,0.39370080,0.00000000
-0.64731471,0.39370080,0.00000000
-0.64690671,0.39370080,0.00000000
-0.64649871,0.78740160,0.00000000
-0.64609071,0.39370080,0.00000000
-0.64568271,0.78740160,0.00000000
-0.64527471,0.00000000,-0.07874016
-0.64486671,0.39370080,0.00000000
-0.64445871,0.78740160,0.00000000
-0.64405071,0.39370080,0.00000000
-0.64364271,0.39370080,0.00000000
-0.64323471,0.39370080,0.00000000
-0.64282671,0.39370080,-0.07874016
-0.64241871,0.39370080,0.00000000
-0.64201071,0.78740160,0.00000000
-0.64160271,0.39370080,0.00000000
-0.64119471,0.39370080,-0.07874016
-0.64078671,0.39370080,0.00000000
-0.64037871,0.78740160,0.00000000
-0.63997071,0.78740160,0.00000000
-0.63956271,0.39370080,0.00000000
-0.63915471,0.78740160,0.00000000
-0.63874671,0.39370080,0.00000000
-0.63833871,0.39370080,0.00000000
-0.63793071,0.39370080,-0.07874016
-0.63752271,0.39370080,0.00000000
-0.63711471,0.39370080,-0.07874016
-0.63670671,0.78740160,0.00000000
-0.63629871,0.78740160,0.00000000
-0.63589071,0.39370080,0.00000000
-0.63548271,0.78740160,0.00000000
-0.63507471,0.39370080,0.00000000
-0.63466671,0.00000000,-0.07874016
-0.63425871,0.39370080,0.00000000
-0.63385071,0.39370080,0.00000000
-0.63344271,0.78740160,0.00000000
-0.63303471,0.00000000,-0.07874016
-0.63262671,0.78740160,-0.07874016
-0.63221871,0.39370080,-0.07874016
-0.63181071,0.39370080,0.00000000
-0.63140271,0.39370080,0.00000000
-0.63099471,0.39370080,0.00000000
-0.63058671,0.78740160,-0.07874016
-0.63017871,0.39370080,0.00000000
-0.62977071,0.78740160,0.00000000
-0.62936271,0.39370080,0.00000000
-0.62895471,0.39370080,0.00000000
-0.62854671,0.78740160,-0.07874016
-0.62813871,0.39370080,-0.07874016
-0.62773071,0.39370080,0.00000000
-0.62732271,0.78740160,-0.07874016
-0.62691471,0.39370080,-0.07874016
-0.62650671,0.39370080,0.00000000
-0.62609871,0.39370080,0.00000000
-0.62569071,0.78740160,0.00000000
-0.62528271,0.39370080,0.00000000
-0.62487471,0.78740160,0.00000000
-0.62446671,0.39370080,0.00000000
-0.62405871,0.78740160,0.00000000
-0.62365071,0.39370080,0.00000000
-0.62324271,0.39370080,0.00000000
-0.62283471,0.78740160,0.00000000
-0.62242671,0.78740160,-0.07874016
-0.62201871,0.39370080,0.00000000
-0.62161071,0.39370080,0.00000000
-0.62120271,0.78740160,0.00000000
-0.62079471,0.39370080,-0.07874016
-0.62038671,0.39370080,0.00000000
-0.61997871,0.39370080,0.00000000
-0.61957071,0.78740160,0.00000000
-0.61916271,0.39370080,0.00000000
-0.61875471,0.39370080,0.00000000
-0.61834671,0.39370080,-0.07874016
-0.61793871,0.78740160,0.00000000
-0.61753071,0.39370080,0.00000000
-0.61712271,0.39370080,-0.07874016
-0.61671471,0.39370080,0.00000000
-0.61630671,0.39370080,-0.07874016
-0.61589871,0.39370080,0.00000000
-0.61549071,0.39370080,0.00000000
-0.61508271,0.39370080,-0.07874016
-0.61467471,0.39370080,0.00000000
-0.61426671,0.39370080,0.00000000
-0.61385871,0.78740160,0.00000000
-0.61345071,0.39370080,0.00000000
-0.61304271,0.39370080,-0.07874016
-0.61263471,0.39370080,-0.07874016
-0.61222671,0.39370080,-0.07874016
-0.61181871,0.39370080,0.00000000
-0.61141071,0.39370080,0.00000000
-0.61100271,0.39370080,0.00000000
-0.61059471,0.39370080,-0.07874016
-0.61018671,0.78740160,-0.07874016
-0.60977871,0.39370080,0.00000000
-0.60937071,0.78740160,-0.07874016
-0.60896271,0.39370080,0.00000000
-0.60855471,0.39370080,0.00000000
-0.60814671,0.39370080,0.00000000
-0.60773871,0.00000000,0.00000000
-0.60733071,0.39370080,0.00000000
-0.60692271,0.39370080,0.00000000
-0.60651471,0.39370080,-0.07874016
-0.60610671,0.39370080,-0.07874016
-0.60569871,0.00000000,0.00000000
-0.60529071,0.39370080,0.00000000
-0.60488271,0.78740160,0.00000000
-0.60447471,0.00000000,0.00000000
-0.60406671,0.78740160,-0.07874016
-0.60365871,0.39370080,0.00000000
-0.60325071,0.39370080,0.00000000
-0.60284271,0.39370080,0.00000000
-0.60243471,0.39370080,0.00000000
-0.60202671,0.78740160,0.00000000
-0.60161871,0.39370080,0.00000000
-0.60121071,0.78740160,0.00000000
-0.60080271,0.39370080,0.00000000
-0.60039471,0.78740160,0.00000000
-0.59998671,0.39370080,0.00000000
-0.59957871,0.78740160,-0.07874016
-0.59917071,0.39370080,-0.07874016
-0.59876271,0.39370080,0.00000000
-0.59835471,0.39370080,0.00000000
-0.59794671,0.39370080,0.00000000
-0.59753871,0.78740160,0.00000000
-0.59713071,0.78740160,0.00000000
-0.59672271,0.78740160,0.00000000
-0.59631471,0.78740160,-0.07874016
-0.59590671,0.39370080,0.00000000
-0.59549871,0.39370080,0.00000000
-0.59509071,0.39370080,0.00000000
-0.59468271,0.78740160,-0.07874016
-0.59427471,0.39370080,0.00000000
-0.59386672,0.78740160,-0.07874016
-0.59345872,0.39370080,0.00000000
-0.59305072,0.78740160,-0.07874016
-0.59264272,0.78740160,0.00000000
-0.59223472,0.78740160,-0.07874016
-0.59182672,0.39370080,0.00000000
-0.59141872,0.39370080,-0.07874016
-0.59101072,0.39370080,0.00000000
-0.59060272,0.39370080,0.00000000
-0.59019472,0.00000000,-0.07874016
-0.58978672,0.78740160,0.00000000
-0.58937872,0.78740160,-0.07874016
-0.58897072,0.39370080,0.00000000
-0.58856272,0.39370080,0.00000000
-0.58815472,0.39370080,0.00000000
-0.58774672,0.39370080,0.00000000
-0.58733872,0.39370080,0.00000000
-0.58693072,0.39370080,-0.07874016
-0.58652272,0.78740160,0.00000000
-0.58611472,0.39370080,0.00000000
-0.58570672,0.39370080,0.00000000
-0.58529872,0.00000000,0.00000000
-0.58489072,0.39370080,0.00000000
-0.58448272,0.39370080,0.00000000
-0.58407472,0.00000000,-0.07874016
-0.58366672,0.39370080,0.00000000
-0.58325872,0.39370080,-0.07874016
-0.58285072,0.39370080,0.00000000
-0.58244272,0.00000000,0.00000000
-0.58203472,0.39370080,0.00000000
-0.58162672,0.39370080,0.00000000
-0.58121872,0.39370080,0.00000000
-0.58081072,0.39370080,-0.07874016
-0.58040272,0.39370080,0.00000000
-0.57999472,0.00000000,0.00000000
-0.57958672,0.39370080,0.00000000
-0.57917872,0.39370080,0.00000000
-0.57877072,0.39370080,0.00000000
-0.57836272,0.39370080,0.00000000
-0.57795472,0.78740160,0.00000000
-0.57754672,0.78740160,0.00000000
-0.57713872,0.39370080,0.00000000
-0.57673072,0.39370080,0.00000000
-0.57632272,0.39370080,-0.07874016
-0.57591472,0.78740160,0.00000000
-0.57550672,0.78740160,0.00000000
-0.57509872,0.39370080,0.00000000
-0.57469072,0.39370080,0.00000000
-0.57428272,0.39370080,-0.07874016
-0.57387472,0.78740160,0.00000000
-0.57346672,0.78740160,0.00000000
-0.57305872,0.78740160,0.00000000
-0.57265072,0.39370080,-0.07874016
-0.57224272,0.78740160,0.00000000
-0.57183472,0.78740160,-0.07874016
-0.57142672,0.39370080,-0.07874016
-0.57101872,0.39370080,0.00000000
-0.57061072,0.78740160,0.00000000
-0.57020272,0.78740160,-0.07874016
-0.56979472,0.78740160,0.00000000
-0.56938672,0.39370080,0.00000000
-0.56897872,0.78740160,0.00000000
-0.56857072,0.39370080,0.00000000
-0.56816272,0.39370080,0.00000000
-0.56775472,0.78740160,0.00000000
-0.56734672,0.39370080,0.00000000
-0.56693872,0.39370080,0.00000000
-0.56653072,0.78740160,0.00000000
-0.56612272,0.78740160,0.00000000
-0.56571472,0.78740160,0.00000000
-0.56530672,0.39370080,0.00000000
-0.56489872,0.39370080,0.00000000
-0.56449072,0.39370080,-0.07874016
-0.56408272,0.78740160,0.00000000
-0.56367472,0.78740160,0.00000000
-0.56326672,0.39370080,-0.07874016
-0.56285872,0.39370080,0.00000000
-0.56245072,0.39370080,0.00000000
-0.56204272,0.78740160,0.00000000
-0.56163472,0.00000000,-0.07874016
-0.56122672,0.39370080,0.00000000
-0.56081872,0.78740160,-0.07874016
-0.56041072,0.39370080,0.00000000
-0.56000272,0.39370080,-0.07874016
-0.55959472,0.00000000,-0.07874016
-0.55918672,0.78740160,0.00000000
-0.55877872,0.39370080,0.00000000
-0.55837072,0.39370080,-0.07874016
-0.55796272,0.39370080,0.00000000
-0.55755472,0.00000000,0.00000000
-0.55714672,0.00000000,0.00000000
-0.55673872,0.39370080,0.00000000
-0.55633072,0.00000000,-0.07874016
-0.55592272,0.39370080,0.00000000
-0.55551472,0.39370080,0.00000000
-0.55510672,0.39370080,-0.07874016
-0.55469872,0.39370080,0.00000000
-0.55429072,0.39370080,-0.07874016
-0.55388272,0.39370080,0.00000000
-0.55347472,0.78740160,0.00000000
-0.55306672,0.39370080,0.00000000
-0.55265872,0.39370080,0.00000000
-0.55225072,0.39370080,0.00000000
-0.55184272,0.39370080,-0.07874016
-0.55143472,0.39370080,0.00000000
-0.55102672,0.78740160,0.00000000
-0.55061872,0.39370080,0.00000000
-0.55021072,0.39370080,0.00000000
-0.54980272,0.78740160,0.00000000
-0.54939472,0.78740160,0.00000000
-0.54898672,0.78740160,0.00000000
-0.54857872,0.39370080,0.00000000
-0.54817072,0.78740160,0.00000000
-0.54776272,0.78740160,-0.07874016
-0.54735472,0.78740160,-0.07874016
-0.54694672,0.39370080,0.00000000
-0.54653872,0.39370080,0.00000000
-0.54613072,0.78740160,0.00000000
-0.54572272,0.39370080,0.00000000
-0.54531472,0.78740160,0.00000000
-0.54490672,0.39370080,-0.07874016
-0.54449872,0.78740160,0.00000000
-0.54409072,0.39370080,0.00000000
-0.54368272,0.39370080,0.00000000
-0.54327472,0.78740160,0.00000000
-0.54286672,0.39370080,0.00000000
-0.54245872,0.39370080,0.00000000
-0.54205072,0.78740160,0.00000000
-0.54164272,0.39370080,0.00000000
-0.54123472,0.39370080,0.00000000
-0.54082672,0.39370080,-0.07874016
-0.54041872,0.39370080,0.00000000
-0.54001072,0.39370080,0.00000000
-0.53960272,0.78740160,0.00000000
-0.53919472,0.39370080,0.00000000
-0.53878672,0.78740160,0.00000000
-0.53837872,0.39370080,0.00000000
-0.53797072,0.39370080,0.00000000
-0.53756272,0.39370080,-0.07874016
-0.53715472,0.39370080,0.00000000
-0.53674672,0.39370080,0.00000000
-0.53633872,0.78740160,0.00000000
-0.53593072,0.39370080,0.00000000
-0.53552272,0.39370080,0.00000000
-0.53511472,0.39370080,0.00000000
-0.53470672,0.39370080,0.00000000
-0.53429872,0.39370080,0.00000000
-0.53389072,0.39370080,0.00000000
-0.53348272,0.39370080,0.00000000
-0.53307472,0.00000000,0.00000000
-0.53266672,0.00000000,-0.07874016
-0.53225872,0.39370080,-0.07874016
-0.53185072,0.00000000,0.00000000
-0.53144272,0.39370080,0.00000000
-0.53103472,0.39370080,0.00000000
-0.53062672,0.39370080,-0.07874016
-0.53021872,0.00000000,-0.07874016
-0.52981072,0.39370080,0.00000000
-0.52940272,0.39370080,0.00000000
-0.52899472,0.39370080,0.00000000
-0.52858672,0.78740160,0.00000000
-0.52817872,0.00000000,0.00000000
-0.52777072,0.39370080,-0.07874016
-0.52736272,0.39370080,0.00000000
-0.52695472,0.39370080,0.00000000
-0.52654672,0.39370080,0.00000000
-0.52613872,0.39370080,-0.07874016
-0.52573072,0.78740160,0.00000000
-0.52532272,0.39370080,-0.07874016
-0.52491472,0.39370080,0.00000000
-0.52450672,0.78740160,-0.07874016
-0.52409872,0.39370080,0.00000000
-0.52369072,0.78740160,0.00000000
-0.52328272,0.78740160,0.00000000
-0.52287472,0.78740160,0.00000000
-0.52246672,0.78740160,0.00000000
-0.52205872,0.78740160,0.00000000
-0.52165072,0.39370080,0.00000000
-0.52124272,0.78740160,0.00000000
-0.52083472,0.78740160,-0.07874016
-0.52042672,0.78740160,0.00000000
-0.52001872,0.78740160,0.00000000
-0.51961072,1.18110200,-0.07874016
-0.51920272,0.78740160,0.00000000
-0.51879472,0.39370080,0.00000000
-0.51838672,0.00000000,0.00000000
-0.51797872,0.78740160,0.00000000
-0.51757072,0.78740160,0.00000000
-0.51716272,0.39370080,0.00000000
-0.51675472,1.18110200,0.00000000
-0.51634672,0.39370080,0.00000000
-0.51593872,0.39370080,0.00000000
-0.51553072,0.78740160,-0.07874016
-0.51512272,0.39370080,0.00000000
-0.51471472,0.78740160,-0.07874016
-0.51430672,0.78740160,0.00000000
-0.51389872,0.39370080,0.00000000
-0.51349072,0.39370080,0.00000000
-0.51308272,0.78740160,0.00000000
-0.51267472,0.39370080,0.00000000
-0.51226672,0.39370080,0.00000000
-0.51185872,0.39370080,-0.07874016
-0.51145072,0.39370080,0.00000000
-0.51104272,0.39370080,0.00000000
-0.51063472,0.39370080,0.00000000
-0.51022672,0.39370080,0.00000000
-0.50981872,0.39370080,-0.07874016
-0.50941072,0.39370080,0.00000000
-0.50900272,0.39370080,0.00000000
-0.50859472,0.39370080,0.00000000
-0.50818672,0.39370080,0.00000000
-0.50777872,0.39370080,-0.07874016
-0.50737072,0.00000000,0.00000000
-0.50696272,0.00000000,0.00000000
-0.50655472,0.78740160,0.00000000
-0.50614672,0.39370080,0.00000000
-0.50573872,0.00000000,0.00000000
-0.50533072,0.39370080,0.00000000
-0.50492272,0.78740160,-0.07874016
-0.50451472,0.39370080,0.00000000
-0.50410672,0.78740160,0.00000000
-0.50369872,0.39370080,-0.07874016
-0.50329072,0.39370080,0.00000000
-0.50288272,0.39370080,0.00000000
-0.50247472,0.39370080,0.00000000
-0.50206672,0.78740160,0.00000000
-0.50165872,0.00000000,0.00000000
-0.50125072,0.78740160,0.00000000
-0.50084272,0.78740160,0.00000000
-0.50043472,0.39370080,0.00000000
-0.50002672,0.78740160,0.00000000
-0.49961872,0.39370080,0.00000000
-0.49921072,0.39370080,0.00000000
-0.49880272,0.78740160,0.00000000
-0.49839472,0.78740160,0.00000000
-0.49798672,0.39370080,0.00000000
-0.49757872,0.78740160,0.00000000
-0.49717072,0.39370080,0.00000000
-0.49676272,0.78740160,0.00000000
-0.49635472,0.39370080,0.00000000
-0.49594672,0.78740160,0.00000000
-0.49553872,0.78740160,0.00000000
-0.49513072,0.39370080,0.00000000
-0.49472272,0.39370080,-0.07874016
-0.49431472,0.78740160,-0.07874016
-0.49390672,0.39370080,0.00000000
-0.49349872,0.39370080,0.00000000
-0.49309072,0.39370080,-0.07874016
-0.49268272,0.39370080,-0.07874016
-0.49227472,0.39370080,0.00000000
-0.49186672,0.78740160,-0.07874016
-0.49145872,0.39370080,-0.07874016
-0.49105072,0.78740160,0.00000000
-0.49064272,0.39370080,0.00000000
-0.49023472,0.39370080,0.00000000
-0.48982672,0.39370080,-0.07874016
-0.48941872,0.39370080,-0.07874016
-0.48901072,0.39370080,0.00000000
-0.48860272,0.39370080,0.00000000
-0.48819472,0.39370080,0.00000000
-0.48778672,0.39370080,0.00000000
-0.48737872,0.39370080,-0.07874016
-0.48697072,0.00000000,0.00000000
-0.48656272,0.39370080,0.00000000
-0.48615472,0.39370080,-0.07874016
-0.48574672,0.39370080,0.00000000
-0.48533872,0.39370080,0.00000000
-0.48493072,0.39370080,0.00000000
-0.48452272,0.39370080,0.00000000
-0.48411472,0.39370080,0.00000000
-0.48370672,0.39370080,-0.07874016
-0.48329872,0.39370080,0.00000000
-0.48289072,0.00000000,-0.07874016
-0.48248272,0.39370080,0.00000000
-0.48207472,0.78740160,0.00000000
-0.48166672,0.39370080,0.00000000
-0.48125872,0.00000000,-0.07874016
-0.48085072,0.39370080,0.00000000
-0.48044272,0.39370080,-0.07874016
-0.48003472,0.39370080,0.00000000
-0.47962672,0.39370080,0.00000000
-0.47921872,0.39370080,0.00000000
-0.47881072,0.39370080,0.00000000
-0.47840272,0.39370080,0.00000000
-0.47799472,0.39370080,0.00000000
-0.47758672,0.39370080,0.00000000
-0.47717872,0.39370080,0.00000000
-0.47677072,0.39370080,0.00000000
-0.47636272,0.78740160,-0.07874016
-0.47595472,0.39370080,0.00000000
-0.47554672,0.39370080,-0.07874016
-0.47513872,0.39370080,0.00000000
-0.47473072,0.78740160,-0.07874016
-0.47432272,0.39370080,0.00000000
-0.47391472,0.39370080,0.00000000
-0.47350672,0.39370080,0.00000000
-0.47309872,0.78740160,-0.07874016
-0.47269072,0.78740160,-0.07874016
-0.47228272,0.78740160,0.00000000
-0.47187472,0.78740160,-0.07874016
-0.47146672,0.78740160,-0.07874016
-0.47105872,0.78740160,0.00000000
-0.47065072,0.78740160,0.00000000
-0.47024272,0.78740160,0.00000000
-0.46983472,0.39370080,0.00000000
-0.46942672,0.39370080,0.00000000
-0.46901872,0.78740160,0.00000000
-0.46861072,0.78740160,0.00000000
-0.46820272,0.39370080,0.00000000
-0.46779472,0.78740160,0.00000000
-0.46738672,0.78740160,0.00000000
-0.46697872,0.39370080,0.00000000
-0.46657072,0.78740160,0.00000000
-0.46616272,0.39370080,0.00000000
-0.46575472,0.78740160,0.00000000
-0.46534672,0.78740160,0.00000000
-0.46493872,0.39370080,-0.07874016
-0.46453072,0.39370080,0.00000000
-0.46412272,0.78740160,0.00000000
-0.46371472,0.39370080,0.00000000
-0.46330672,0.78740160,0.00000000
-0.46289872,0.39370080,0.00000000
-0.46249072,0.39370080,0.00000000
-0.46208272,0.39370080,-0.07874016
-0.46167472,0.78740160,-0.07874016
-0.46126672,0.39370080,0.00000000
-0.46085872,0.39370080,0.00000000
-0.46045072,0.78740160,0.00000000
-0.46004272,0.39370080,0.00000000
-0.45963472,0.39370080,0.00000000
-0.45922672,0.39370080,0.00000000
-0.45881872,0.39370080,-0.07874016
-0.45841072,0.39370080,-0.07874016
-0.45800272,0.39370080,0.00000000
-0.45759472,0.39370080,-0.07874016
-0.45718672,0.00000000,-0.07874016
-0.45677872,0.00000000,0.00000000
-0.45637072,0.39370080,-0.07874016
-0.45596272,0.39370080,0.00000000
-0.45555472,0.00000000,0.00000000
-0.45514672,0.39370080,-0.07874016
-0.45473872,0.39370080,0.00000000
-0.45433072,0.78740160,-0.07874016
-0.45392272,0.00000000,0.00000000
-0.45351472,0.78740160,0.00000000
-0.45310672,0.39370080,0.00000000
-0.45269872,0.39370080,0.00000000
-0.45229072,0.39370080,0.00000000
-0.45188272,0.39370080,-0.07874016
-0.45147472,0.39370080,0.00000000
-0.45106672,0.00000000,-0.07874016
-0.45065872,0.39370080,0.00000000
-0.45025072,0.39370080,0.00000000
-0.44984272,0.39370080,-0.07874016
-0.44943472,0.78740160,0.00000000
-0.44902672,0.39370080,0.00000000
-0.44861872,0.78740160,0.00000000
-0.44821072,0.78740160,0.00000000
-0.44780272,0.39370080,0.00000000
-0.44739472,0.39370080,0.00000000
-0.44698672,0.39370080,0.00000000
-0.44657872,0.78740160,0.00000000
-0.44617072,0.78740160,0.00000000
-0.44576272,0.39370080,0.00000000
-0.44535472,0.39370080,-0.07874016
-0.44494672,0.39370080,0.00000000
-0.44453872,0.78740160,-0.07874016
-0.44413072,0.78740160,0.00000000
-0.44372272,0.39370080,0.00000000
-0.44331472,0.39370080,0.00000000
-0.44290672,0.78740160,0.00000000
-0.44249872,0.39370080,0.00000000
-0.44209072,0.78740160,-0.07874016
-0.44168272,0.39370080,0.00000000
-0.44127472,0.39370080,0.00000000
-0.44086672,0.78740160,-0.07874016
-0.44045872,0.39370080,-0.07874016
-0.44005072,0.39370080,0.00000000
-0.43964272,0.39370080,-0.07874016
-0.43923472,0.39370080,0.00000000
-0.43882672,0.39370080,-0.07874016
-0.43841872,0.78740160,-0.07874016
-0.43801072,0.78740160,-0.07874016
-0.43760272,0.78740160,0.00000000
-0.43719472,0.39370080,0.00000000
-0.43678672,0.39370080,0.00000000
-0.43637872,0.39370080,0.00000000
-0.43597072,0.39370080,0.00000000
-0.43556272,0.00000000,-0.07874016
-0.43515472,0.39370080,0.00000000
-0.43474672,0.00000000,0.00000000
-0.43433872,0.39370080,0.00000000
-0.43393072,0.39370080,0.00000000
-0.43352272,0.00000000,-0.07874016
-0.43311472,0.00000000,0.00000000
-0.43270672,0.39370080,0.00000000
-0.43229872,0.39370080,-0.07874016
-0.43189072,0.39370080,0.00000000
-0.43148272,0.39370080,0.00000000
-0.43107472,0.00000000,0.00000000
-0.43066672,0.39370080,-0.07874016
-0.43025872,0.39370080,-0.07874016
-0.42985072,0.39370080,0.00000000
-0.42944272,0.39370080,0.00000000
-0.42903472,0.39370080,0.00000000
-0.42862672,0.39370080,0.00000000
-0.42821872,0.39370080,-0.07874016
-0.42781072,0.39370080,0.00000000
-0.42740272,0.39370080,0.00000000
-0.42699472,0.39370080,0.00000000
-0.42658672,0.39370080,-0.07874016
-0.42617872,0.39370080,0.00000000
-0.42577072,0.39370080,-0.07874016
-0.42536272,0.78740160,0.00000000
-0.42495472,0.39370080,0.00000000
-0.42454672,0.39370080,0.00000000
-0.42413872,0.39370080,0.00000000
-0.42373072,0.39370080,0.00000000
-0.42332272,0.78740160,-0.07874016
-0.42291472,0.78740160,0.00000000
-0.42250672,0.39370080,0.00000000
-0.42209872,0.39370080,0.00000000
-0.42169072,0.78740160,0.00000000
-0.42128272,0.39370080,0.00000000
-0.42087472,0.39370080,0.00000000
-0.42046672,0.78740160,0.00000000
-0.42005872,0.78740160,-0.07874016
-0.41965072,0.39370080,0.00000000
-0.41924272,0.78740160,-0.07874016
-0.41883472,0.39370080,0.00000000
-0.41842672,0.78740160,0.00000000
-0.41801872,0.78740160,0.00000000
-0.41761072,0.78740160,0.00000000
-0.41720273,0.39370080,0.00000000
-0.41679473,0.39370080,-0.07874016
-0.41638673,0.39370080,0.00000000
-0.41597873,0.39370080,-0.07874016
-0.41557073,0.78740160,0.00000000
-0.41516273,0.39370080,0.00000000
-0.41475473,0.39370080,-0.07874016
-0.41434673,0.39370080,-0.07874016
-0.41393873,0.39370080,0.00000000
-0.41353073,0.39370080,0.00000000
-0.41312273,0.39370080,0.00000000
-0.41271473,0.39370080,0.00000000
-0.41230673,0.39370080,0.00000000
-0.41189873,0.78740160,-0.07874016
-0.41149073,0.00000000,0.00000000
-0.41108273,0.39370080,0.00000000
-0.41067473,0.39370080,0.00000000
-0.41026673,0.39370080,-0.07874016
-0.40985873,0.39370080,0.00000000
-0.40945073,0.39370080,0.00000000
-0.40904273,0.39370080,0.00000000
-0.40863473,0.39370080,0.00000000
-0.40822673,0.39370080,0.00000000
-0.40781873,0.39370080,0.00000000
-0.40741073,0.39370080,0.00000000
-0.40700273,0.00000000,-0.07874016
-0.40659473,0.39370080,0.00000000
-0.40618673,0.39370080,0.00000000
-0.40577873,0.39370080,0.00000000
-0.40537073,0.39370080,0.00000000
-0.40496273,0.00000000,-0.07874016
-0.40455473,0.39370080,-0.07874016
-0.40414673,0.00000000,0.00000000
-0.40373873,0.39370080,0.00000000
-0.40333073,0.39370080,0.00000000
-0.40292273,0.78740160,0.00000000
-0.40251473,0.39370080,0.00000000
-0.40210673,0.78740160,0.00000000
-0.40169873,0.78740160,0.00000000
-0.40129073,0.39370080,-0.07874016
-0.40088273,0.78740160,0.00000000
-0.40047473,0.78740160,0.00000000
-0.40006673,0.39370080,0.00000000
-0.39965873,0.00000000,0.00000000
-0.39925073,0.78740160,0.00000000
-0.39884273,0.39370080,0.00000000
-0.39843473,0.39370080,0.00000000
-0.39802673,0.39370080,0.00000000
-0.39761873,0.39370080,0.00000000
-0.39721073,0.78740160,0.00000000
-0.39680273,0.39370080,0.00000000
-0.39639473,0.78740160,0.00000000
-0.39598673,0.78740160,-0.07874016
-0.39557873,0.78740160,-0.07874016
-0.39517073,0.78740160,0.00000000
-0.39476273,0.39370080,0.00000000
-0.39435473,0.78740160,0.00000000
-0.39394673,0.78740160,0.00000000
-0.39353873,0.39370080,0.00000000
-0.39313073,0.39370080,-0.07874016
-0.39272273,0.39370080,0.00000000
-0.39231473,0.39370080,-0.07874016
-0.39190673,0.78740160,-0.07874016
-0.39149873,0.78740160,0.00000000
-0.39109073,0.39370080,-0.07874016
-0.39068273,0.39370080,0.00000000
-0.39027473,0.78740160,0.00000000
-0.38986673,0.78740160,0.00000000
-0.38945873,0.39370080,0.00000000
-0.38905073,0.78740160,0.00000000
-0.38864273,0.39370080,0.00000000
-0.38823473,0.39370080,0.00000000
-0.38782673,0.39370080,0.00000000
-0.38741873,0.78740160,0.00000000
-0.38701073,0.39370080,0.00000000
-0.38660273,0.39370080,0.00000000
-0.38619473,0.00000000,0.00000000
-0.38578673,0.78740160,0.00000000
-0.38537873,0.00000000,-0.07874016
-0.38497073,0.39370080,0.00000000
-0.38456273,0.39370080,0.00000000
-0.38415473,0.39370080,-0.07874016
-0.38374673,0.00000000,0.00000000
-0.38333873,0.39370080,0.00000000
-0.38293073,0.39370080,0.00000000
-0.38252273,0.39370080,0.00000000
-0.38211473,0.00000000,0.00000000
-0.38170673,0.39370080,0.00000000
-0.38129873,0.39370080,0.00000000
-0.38089073,0.78740160,-0.07874016
-0.38048273,0.39370080,0.00000000
-0.38007473,0.39370080,-0.07874016
-0.37966673,0.39370080,0.00000000
-0.37925873,0.00000000,0.00000000
-0.37885073,0.78740160,0.00000000
-0.37844273,0.39370080,0.00000000
-0.37803473,0.39370080,0.00000000
-0.37762673,0.78740160,-0.07874016
-0.37721873,0.39370080,0.00000000
-0.37681073,0.39370080,0.00000000
-0.37640273,0.39370080,0.00000000
-0.37599473,0.39370080,0.00000000
-0.37558673,0.78740160,0.00000000
-0.37517873,0.78740160,-0.07874016
-0.37477073,0.00000000,0.00000000
-0.37436273,0.78740160,0.00000000
-0.37395473,0.39370080,0.00000000
-0.37354673,0.78740160,-0.07874016
-0.37313873,0.39370080,-0.07874016
-0.37273073,0.78740160,-0.07874016
-0.37232273,0.78740160,0.00000000
-0.37191473,0.39370080,-0.07874016
-0.37150673,0.78740160,0.00000000
-0.37109873,0.78740160,0.00000000
-0.37069073,0.00000000,0.00000000
-0.37028273,0.39370080,0.00000000
-0.36987473,0.78740160,0.00000000
-0.36946673,0.78740160,-0.07874016
-0.36905873,0.39370080,-0.07874016
-0.36865073,0.78740160,-0.07874016
-0.36824273,0.39370080,-0.07874016
-0.36783473,0.78740160,0.00000000
-0.36742673,0.39370080,0.00000000
-0.36701873,0.39370080,-0.07874016
-0.36661073,0.39370080,0.00000000
-0.36620273,0.39370080,-0.07874016
-0.36579473,0.39370080,0.00000000
-0.36538673,0.78740160,-0.07874016
-0.36497873,0.39370080,0.00000000
-0.36457073,0.39370080,0.00000000
-0.36416273,0.39370080,0.00000000
-0.36375473,0.78740160,0.00000000
-0.36334673,0.78740160,0.00000000
-0.36293873,0.39370080,0.00000000
-0.36253073,0.39370080,0.00000000
-0.36212273,0.39370080,0.00000000
-0.36171473,0.39370080,0.00000000
-0.36130673,0.00000000,-0.07874016
-0.36089873,0.39370080,0.00000000
-0.36049073,0.39370080,0.00000000
-0.36008273,0.39370080,0.00000000
-0.35967473,0.78740160,0.00000000
-0.35926673,0.39370080,0.00000000
-0.35885873,0.39370080,0.00000000
-0.35845073,0.39370080,0.00000000
-0.35804273,0.78740160,0.00000000
-0.35763473,0.39370080,0.00000000
-0.35722673,0.39370080,0.00000000
-0.35681873,0.00000000,0.00000000
-0.35641073,0.39370080,-0.07874016
-0.35600273,0.00000000,0.00000000
-0.35559473,0.39370080,0.00000000
-0.35518673,0.39370080,0.00000000
-0.35477873,0.39370080,0.00000000
-0.35437073,0.39370080,0.00000000
-0.35396273,0.39370080,0.00000000
-0.35355473,0.00000000,0.00000000
-0.35314673,0.39370080,0.00000000
-0.35273873,0.39370080,0.00000000
-0.35233073,0.39370080,0.00000000
-0.35192273,0.39370080,0.00000000
-0.35151473,0.39370080,0.00000000
-0.35110673,0.39370080,0.00000000
-0.35069873,0.78740160,0.00000000
-0.35029073,0.00000000,0.00000000
-0.34988273,0.39370080,-0.07874016
-0.34947473,0.39370080,0.00000000
-0.34906673,0.39370080,0.00000000
-0.34865873,0.78740160,0.00000000
-0.34825073,0.78740160,-0.07874016
-0.34784273,0.78740160,0.00000000
-0.34743473,0.78740160,0.00000000
-0.34702673,0.78740160,0.00000000
-0.34661873,0.78740160,0.00000000
-0.34621073,0.39370080,0.00000000
-0.34580273,0.78740160,-0.07874016
-0.34539473,0.39370080,0.00000000
-0.34498673,0.78740160,0.00000000
-0.34457873,0.39370080,0.00000000
-0.34417073,0.78740160,-0.07874016
-0.34376273,0.39370080,0.00000000
-0.34335473,0.78740160,-0.07874016
-0.34294673,0.78740160,0.00000000
-0.34253873,0.39370080,0.00000000
-0.34213073,0.39370080,0.00000000
-0.34172273,0.78740160,-0.07874016
-0.34131473,0.39370080,0.00000000
-0.34090673,0.78740160,0.00000000
-0.34049873,0.39370080,-0.07874016
-0.34009073,0.39370080,0.00000000
-0.33968273,0.39370080,0.00000000
-0.33927473,0.39370080,0.00000000
-0.33886673,0.39370080,0.00000000
-0.33845873,0.39370080,0.00000000
-0.33805073,0.39370080,-0.07874016
-0.33764273,0.78740160,-0.07874016
-0.33723473,0.39370080,0.00000000
-0.33682673,0.39370080,0.00000000
-0.33641873,0.78740160,0.00000000
-0.33601073,0.00000000,0.00000000
-0.33560273,0.78740160,-0.07874016
-0.33519473,0.78740160,-0.07874016
-0.33478673,0.39370080,0.00000000
-0.33437873,0.78740160,-0.07874016
-0.33397073,0.39370080,-0.07874016
-0.33356273,0.00000000,0.00000000
-0.33315473,0.39370080,0.00000000
-0.33274673,0.39370080,0.00000000
-0.33233873,0.39370080,-0.07874016
-0.33193073,0.39370080,0.00000000
-0.33152273,0.39370080,-0.07874016
-0.33111473,0.39370080,0.00000000
-0.33070673,0.39370080,0.00000000
-0.33029873,0.39370080,-0.07874016
-0.32989073,0.39370080,0.00000000
-0.32948273,0.39370080,0.00000000
-0.32907473,0.39370080,-0.07874016
-0.32866673,0.39370080,0.00000000
-0.32825873,0.39370080,0.00000000
-0.32785073,0.00000000,0.00000000
-0.32744273,0.39370080,0.00000000
-0.32703473,0.39370080,0.00000000
-0.32662673,0.78740160,0.00000000
-0.32621873,0.39370080,0.00000000
-0.32581073,0.39370080,-0.07874016
-0.32540273,0.39370080,-0.07874016
-0.32499473,0.39370080,-0.07874016
-0.32458673,0.78740160,0.00000000
-0.32417873,0.39370080,0.00000000
-0.32377073,0.39370080,0.00000000
-0.32336273,0.78740160,0.00000000
-0.32295473,0.78740160,0.00000000
-0.32254673,0.39370080,0.00000000
-0.32213873,0.39370080,0.00000000
-0.32173073,0.39370080,0.00000000
-0.32132273,0.78740160,0.00000000
-0.32091473,0.39370080,0.00000000
-0.32050673,0.39370080,0.00000000
-0.32009873,0.78740160,0.00000000
-0.31969073,0.78740160,0.00000000
-0.31928273,0.39370080,0.00000000
-0.31887473,0.78740160,-0.07874016
-0.31846673,0.78740160,0.00000000
-0.31805873,0.39370080,0.00000000
-0.31765073,0.78740160,0.00000000
-0.31724273,0.39370080,0.00000000
-0.31683473,0.78740160,0.00000000
-0.31642673,0.39370080,0.00000000
-0.31601873,0.39370080,0.00000000
-0.31561073,0.78740160,0.00000000
-0.31520273,0.39370080,-0.07874016
-0.31479473,0.39370080,0.00000000
-0.31438673,0.39370080,0.00000000
-0.31397873,0.78740160,0.00000000
-0.31357073,0.78740160,0.00000000
-0.31316273,0.78740160,0.00000000
-0.31275473,0.78740160,0.00000000
-0.31234673,0.78740160,0.00000000
-0.31193873,0.00000000,0.00000000
-0.31153073,0.00000000,0.00000000
-0.31112273,0.39370080,0.00000000
-0.31071473,0.39370080,-0.07874016
-0.31030673,0.39370080,0.00000000
-0.30989873,0.39370080,-0.07874016
-0.30949073,0.39370080,0.00000000
-0.30908273,0.39370080,-0.07874016
-0.30867473,0.39370080,0.00000000
-0.30826673,0.39370080,-0.07874016
-0.30785873,0.39370080,0.00000000
-0.30745073,0.00000000,0.00000000
-0.30704273,0.39370080,0.00000000
-0.30663473,0.39370080,0.00000000
-0.30622673,0.39370080,-0.07874016
-0.30581873,0.39370080,-0.07874016
-0.30541073,0.39370080,0.00000000
-0.30500273,0.00000000,-0.07874016
-0.30459473,0.39370080,0.00000000
-0.30418673,0.00000000,0.00000000
-0.30377873,0.39370080,0.00000000
-0.30337073,0.39370080,-0.07874016
-0.30296273,0.39370080,0.00000000
-0.30255473,0.39370080,0.00000000
-0.30214673,0.39370080,0.00000000
-0.30173873,0.39370080,0.00000000
-0.30133073,0.39370080,-0.07874016
-0.30092273,0.39370080,-0.07874016
-0.30051473,0.39370080,0.00000000
-0.30010673,0.78740160,0.00000000
-0.29969873,0.39370080,0.00000000
-0.29929073,0.39370080,0.00000000
-0.29888273,0.78740160,0.00000000
-0.29847473,0.78740160,0.00000000
-0.29806673,0.78740160,0.00000000
-0.29765873,0.78740160,-0.07874016
-0.29725073,0.78740160,0.00000000
-0.29684273,0.39370080,0.00000000
-0.29643473,0.78740160,0.00000000
-0.29602673,0.78740160,0.00000000
-0.29561873,0.78740160,0.00000000
-0.29521073,0.78740160,0.00000000
-0.29480273,0.39370080,0.00000000
-0.29439473,0.78740160,0.00000000
-0.29398673,0.78740160,0.00000000
-0.29357873,0.78740160,0.00000000
-0.29317073,0.78740160,0.00000000
-0.29276273,0.39370080,-0.07874016
-0.29235473,0.39370080,0.00000000
-0.29194673,0.39370080,0.00000000
-0.29153873,0.39370080,-0.07874016
-0.29113073,0.39370080,0.00000000
-0.29072273,0.39370080,0.00000000
-0.29031473,0.39370080,-0.07874016
-0.28990673,0.39370080,0.00000000
-0.28949873,0.78740160,0.00000000
-0.28909073,0.39370080,0.00000000
-0.28868273,0.39370080,0.00000000
-0.28827473,0.39370080,0.00000000
-0.28786673,0.39370080,-0.07874016
-0.28745873,0.39370080,0.00000000
-0.28705073,0.39370080,-0.07874016
-0.28664273,0.00000000,-0.07874016
-0.28623473,0.39370080,0.00000000
-0.28582673,0.39370080,0.00000000
-0.28541873,0.39370080,0.00000000
-0.28501073,0.39370080,0.00000000
-0.28460273,0.39370080,-0.07874016
-0.28419473,0.39370080,0.00000000
-0.28378673,0.39370080,0.00000000
-0.28337873,0.00000000,0.00000000
-0.28297073,0.39370080,0.00000000
-0.28256273,0.39370080,0.00000000
-0.28215473,0.39370080,0.00000000
-0.28174673,0.39370080,0.00000000
-0.28133873,0.00000000,-0.07874016
-0.28093073,0.39370080,-0.07874016
-0.28052273,0.78740160,0.00000000
-0.28011473,0.39370080,0.00000000
-0.27970673,0.39370080,-0.07874016
-0.27929873,0.39370080,0.00000000
-0.27889073,0.39370080,0.00000000
-0.27848273,0.39370080,0.00000000
-0.27807473,0.39370080,0.00000000
-0.27766673,0.00000000,0.00000000
-0.27725873,0.39370080,0.00000000
-0.27685073,0.39370080,0.00000000
-0.27644273,0.78740160,0.00000000
-0.27603473,0.39370080,0.00000000
-0.27562673,0.39370080,-0.07874016
-0.27521873,0.39370080,0.00000000
-0.27481073,0.78740160,0.00000000
-0.27440273,0.78740160,0.00000000
-0.27399473,0.39370080,-0.07874016
-0.27358673,0.39370080,0.00000000
-0.27317873,0.39370080,0.00000000
-0.27277073,1.18110200,0.00000000
-0.27236273,0.39370080,-0.07874016
-0.27195473,0.39370080,0.00000000
-0.27154673,0.39370080,-0.07874016
-0.27113873,0.39370080,0.00000000
-0.27073073,0.78740160,-0.07874016
-0.27032273,0.78740160,0.00000000
-0.26991473,0.39370080,-0.07874016
-0.26950673,0.78740160,0.00000000
-0.26909873,0.39370080,-0.07874016
-0.26869073,0.39370080,0.00000000
-0.26828273,0.78740160,0.00000000
-0.26787473,0.78740160,0.00000000
-0.26746673,0.39370080,0.00000000
-0.26705873,0.39370080,0.00000000
-0.26665073,0.39370080,-0.07874016
-0.26624273,0.78740160,-0.07874016
-0.26583473,0.78740160,-0.07874016
-0.26542673,0.39370080,0.00000000
-0.26501873,0.39370080,0.00000000
-0.26461073,0.39370080,-0.07874016
-0.26420273,0.39370080,-0.07874016
-0.26379473,0.78740160,-0.07874016
-0.26338673,0.00000000,0.00000000
-0.26297873,0.39370080,0.00000000
-0.26257073,0.39370080,-0.07874016
-0.26216273,0.00000000,0.00000000
-0.26175473,0.39370080,-0.07874016
-0.26134673,0.00000000,0.00000000
-0.26093873,0.39370080,0.00000000
-0.26053073,0.39370080,0.00000000
-0.26012273,0.39370080,0.00000000
-0.25971473,0.39370080,0.00000000
-0.25930673,0.39370080,-0.07874016
-0.25889873,0.00000000,0.00000000
-0.25849073,0.39370080,-0.07874016
-0.25808273,0.00000000,0.00000000
-0.25767473,0.00000000,0.00000000
-0.25726673,0.00000000,-0.07874016
-0.25685873,0.39370080,-0.07874016
-0.25645073,0.39370080,0.00000000
-0.25604273,0.39370080,-0.07874016
-0.25563473,0.39370080,0.00000000
-0.25522673,0.39370080,0.00000000
-0.25481873,0.39370080,0.00000000
-0.25441073,0.39370080,0.00000000
-0.25400273,0.39370080,-0.07874016
-0.25359473,0.78740160,0.00000000
-0.25318673,0.39370080,-0.07874016
-0.25277873,0.39370080,0.00000000
-0.25237073,0.00000000,0.00000000
-0.25196273,0.39370080,-0.07874016
-0.25155473,0.39370080,-0.07874016
-0.25114673,0.39370080,0.00000000
-0.25073873,0.39370080,0.00000000
-0.25033073,0.78740160,0.00000000
-0.24992273,0.78740160,-0.07874016
-0.24951473,0.78740160,-0.07874016
-0.24910673,0.78740160,0.00000000
-0.24869873,0.39370080,0.00000000
-0.24829073,0.78740160,-0.07874016
-0.24788273,0.39370080,0.00000000
-0.24747473,0.39370080,-0.07874016
-0.24706673,0.39370080,0.00000000
-0.24665873,0.78740160,0.00000000
-0.24625073,0.78740160,-0.07874016
-0.24584273,0.78740160,0.00000000
-0.24543473,0.39370080,0.00000000
-0.24502673,0.78740160,0.00000000
-0.24461873,0.39370080,-0.07874016
-0.24421073,0.39370080,0.00000000
-0.24380273,0.78740160,0.00000000
-0.24339473,0.78740160,0.00000000
-0.24298673,0.39370080,-0.07874016
-0.24257873,0.78740160,0.00000000
-0.24217073,0.39370080,0.00000000
-0.24176273,0.78740160,0.00000000
-0.24135473,1.18110200,0.00000000
-0.24094673,0.78740160,0.00000000
-0.24053874,0.78740160,0.00000000
-0.24013074,0.78740160,0.00000000
-0.23972274,0.78740160,-0.07874016
-0.23931474,0.78740160,0.00000000
-0.23890674,0.39370080,0.00000000
-0.23849874,0.39370080,0.00000000
-0.23809074,0.78740160,0.00000000
-0.23768274,0.39370080,0.00000000
-0.23727474,0.39370080,-0.07874016
-0.23686674,0.39370080,0.00000000
-0.23645874,0.00000000,-0.07874016
-0.23605074,0.39370080,0.00000000
-0.23564274,0.39370080,-0.07874016
-0.23523474,0.00000000,0.00000000
-0.23482674,0.78740160,-0.07874016
-0.23441874,0.78740160,0.00000000
-0.23401074,0.00000000,-0.07874016
-0.23360274,0.39370080,0.00000000
-0.23319474,0.00000000,0.00000000
-0.23278674,0.39370080,0.00000000
-0.23237874,0.39370080,0.00000000
-0.23197074,0.39370080,0.00000000
-0.23156274,0.78740160,-0.07874016
-0.23115474,0.39370080,-0.07874016
-0.23074674,0.39370080,0.00000000
-0.23033874,0.39370080,0.00000000
-0.22993074,0.78740160,-0.07874016
-0.22952274,0.39370080,0.00000000
-0.22911474,0.39370080,-0.07874016
-0.22870674,0.39370080,0.00000000
-0.22829874,0.39370080,-0.07874016
-0.22789074,0.39370080,0.00000000
-0.22748274,0.39370080,-0.07874016
-0.22707474,0.39370080,0.00000000
-0.22666674,0.39370080,-0.07874016
-0.22625874,0.78740160,-0.07874016
-0.22585074,0.78740160,0.00000000
-0.22544274,0.39370080,0.00000000
-0.22503474,0.78740160,0.00000000
-0.22462674,0.39370080,0.00000000
-0.22421874,0.39370080,0.00000000
-0.22381074,0.78740160,0.00000000
-0.22340274,0.39370080,-0.07874016
-0.22299474,0.39370080,-0.07874016
-0.22258674,0.39370080,0.00000000
-0.22217874,0.78740160,0.00000000
-0.22177074,0.78740160,0.00000000
-0.22136274,0.78740160,0.00000000
-0.22095474,0.78740160,-0.07874016
-0.22054674,0.78740160,0.00000000
-0.22013874,0.78740160,-0.07874016
-0.21973074,0.78740160,0.00000000
-0.21932274,1.18110200,0.00000000
-0.21891474,0.78740160,0.00000000
-0.21850674,0.39370080,0.00000000
-0.21809874,0.78740160,0.00000000
-0.21769074,0.78740160,0.00000000
-0.21728274,0.78740160,0.00000000
-0.21687474,0.39370080,-0.07874016
-0.21646674,0.78740160,0.00000000
-0.21605874,0.78740160,0.00000000
-0.21565074,0.39370080,0.00000000
-0.21524274,0.78740160,-0.07874016
-0.21483474,0.78740160,-0.07874016
-0.21442674,0.39370080,0.00000000
-0.21401874,0.39370080,0.00000000
-0.21361074,0.39370080,-0.07874016
-0.21320274,0.39370080,0.00000000
-0.21279474,0.39370080,0.00000000
-0.21238674,0.39370080,0.00000000
-0.21197874,0.39370080,0.00000000
-0.21157074,0.39370080,0.00000000
-0.21116274,0.00000000,-0.07874016
-0.21075474,0.39370080,0.00000000
-0.21034674,0.39370080,0.00000000
-0.20993874,0.39370080,0.00000000
-0.20953074,0.39370080,0.00000000
-0.20912274,0.39370080,0.00000000
-0.20871474,0.00000000,0.00000000
-0.20830674,0.39370080,0.00000000
-0.20789874,0.39370080,0.00000000
-0.20749074,0.39370080,0.00000000
-0.20708274,0.39370080,-0.07874016
-0.20667474,0.78740160,0.00000000
-0.20626674,0.39370080,-0.07874016
-0.20585874,0.39370080,0.00000000
-0.20545074,0.39370080,-0.07874016
-0.20504274,0.39370080,0.00000000
-0.20463474,0.39370080,-0.07874016
-0.20422674,0.39370080,0.00000000
-0.20381874,0.00000000,0.00000000
-0.20341074,0.39370080,0.00000000
-0.20300274,0.39370080,0.00000000
-0.20259474,0.39370080,0.00000000
-0.20218674,0.39370080,0.00000000
-0.20177874,0.39370080,0.00000000
-0.20137074,0.39370080,0.00000000
-0.20096274,0.39370080,0.00000000
-0.20055474,0.78740160,0.00000000
-0.20014674,0.39370080,-0.07874016
-0.19973874,0.39370080,0.00000000
-0.19933074,0.78740160,0.00000000
-0.19892274,0.39370080,0.00000000
-0.19851474,0.78740160,-0.07874016
-0.19810674,0.39370080,-0.07874016
-0.19769874,0.78740160,0.00000000
-0.19729074,0.39370080,-0.07874016
-0.19688274,0.78740160,0.00000000
-0.19647474,0.78740160,0.00000000
-0.19606674,0.78740160,0.00000000
-0.19565874,0.39370080,-0.07874016
-0.19525074,0.78740160,0.00000000
-0.19484274,0.78740160,-0.07874016
-0.19443474,0.78740160,0.00000000
-0.19402674,0.78740160,0.00000000
-0.19361874,0.39370080,0.00000000
-0.19321074,0.78740160,-0.07874016
-0.19280274,0.39370080,0.00000000
-0.19239474,0.78740160,0.00000000
-0.19198674,0.39370080,0.00000000
-0.19157874,0.39370080,-0.07874016
-0.19117074,0.78740160,0.00000000
-0.19076274,0.39370080,-0.07874016
-0.19035474,0.39370080,0.00000000
-0.18994674,0.78740160,0.00000000
-0.18953874,0.39370080,-0.07874016
-0.18913074,0.39370080,0.00000000
-0.18872274,0.78740160,0.00000000
-0.18831474,0.39370080,-0.07874016
-0.18790674,0.39370080,0.00000000
-0.18749874,0.00000000,0.00000000
-0.18709074,0.00000000,-0.07874016
-0.18668274,0.39370080,0.00000000
-0.18627474,0.00000000,0.00000000
-0.18586674,0.39370080,0.00000000
-0.18545874,0.39370080,0.00000000
-0.18505074,0.00000000,0.00000000
-0.18464274,0.39370080,0.00000000
-0.18423474,0.39370080,-0.07874016
-0.18382674,0.00000000,0.00000000
-0.18341874,0.39370080,-0.07874016
-0.18301074,0.00000000,0.00000000
-0.18260274,0.39370080,0.00000000
-0.18219474,0.39370080,0.00000000
-0.18178674,0.78740160,-0.07874016
-0.18137874,0.39370080,0.00000000
-0.18097074,0.00000000,-0.07874016
-0.18056274,0.00000000,0.00000000
-0.18015474,0.39370080,0.00000000
-0.17974674,0.39370080,0.00000000
-0.17933874,0.39370080,0.00000000
-0.17893074,0.39370080,0.00000000
-0.17852274,0.39370080,-0.07874016
-0.17811474,0.39370080,0.00000000
-0.17770674,0.39370080,-0.07874016
-0.17729874,0.39370080,0.00000000
-0.17689074,0.39370080,0.00000000
-0.17648274,0.39370080,0.00000000
-0.17607474,0.39370080,0.00000000
-0.17566674,0.78740160,0.00000000
-0.17525874,0.78740160,0.00000000
-0.17485074,0.78740160,0.00000000
-0.17444274,0.39370080,0.00000000
-0.17403474,0.39370080,0.00000000
-0.17362674,0.78740160,-0.07874016
-0.17321874,0.39370080,0.00000000
-0.17281074,0.39370080,0.00000000
-0.17240274,0.78740160,0.00000000
-0.17199474,0.39370080,-0.07874016
-0.17158674,0.78740160,0.00000000
-0.17117874,0.78740160,0.00000000
-0.17077074,0.39370080,-0.07874016
-0.17036274,0.78740160,0.00000000
-0.16995474,0.78740160,0.00000000
-0.16954674,0.78740160,-0.07874016
-0.16913874,0.78740160,0.00000000
-0.16873074,0.78740160,0.00000000
-0.16832274,0.78740160,0.00000000
-0.16791474,0.78740160,-0.07874016
-0.16750674,0.39370080,0.00000000
-0.16709874,0.78740160,0.00000000
-0.16669074,0.39370080,0.00000000
-0.16628274,0.39370080,0.00000000
-0.16587474,0.39370080,0.00000000
-0.16546674,0.39370080,-0.07874016
-0.16505874,0.39370080,0.00000000
-0.16465074,0.39370080,0.00000000
-0.16424274,0.39370080,0.00000000
-0.16383474,0.78740160,0.00000000
-0.16342674,0.39370080,0.00000000
-0.16301874,0.39370080,0.00000000
-0.16261074,0.39370080,0.00000000
-0.16220274,0.39370080,0.00000000
-0.16179474,0.00000000,0.00000000
-0.16138674,0.78740160,0.00000000
-0.16097874,0.39370080,0.00000000
-0.16057074,0.39370080,0.00000000
-0.16016274,0.39370080,0.00000000
-0.15975474,0.39370080,0.00000000
-0.15934674,0.39370080,0.00000000
-0.15893874,0.39370080,0.00000000
-0.15853074,0.00000000,0.00000000
-0.15812274,0.78740160,0.00000000
-0.15771474,0.00000000,-0.07874016
-0.15730674,0.00000000,0.00000000
-0.15689874,0.39370080,0.00000000
-0.15649074,0.39370080,0.00000000
-0.15608274,0.39370080,0.00000000
-0.15567474,0.39370080,-0.07874016
-0.15526674,0.00000000,0.00000000
-0.15485874,0.39370080,-0.07874016
-0.15445074,0.00000000,0.00000000
-0.15404274,0.00000000,-0.07874016
-0.15363474,0.39370080,0.00000000
-0.15322674,0.78740160,0.00000000
-0.15281874,0.00000000,0.00000000
-0.15241074,0.78740160,0.00000000
-0.15200274,0.39370080,0.00000000
-0.15159474,0.39370080,0.00000000
-0.15118674,0.39370080,0.00000000
-0.15077874,0.78740160,-0.07874016
-0.15037074,0.78740160,0.00000000
-0.14996274,0.39370080,0.00000000
-0.14955474,0.39370080,-0.07874016
-0.14914674,0.39370080,0.00000000
-0.14873874,0.78740160,0.00000000
-0.14833074,0.78740160,0.00000000
-0.14792274,0.78740160,0.00000000
-0.14751474,0.78740160,-0.07874016
-0.14710674,1.18110200,0.00000000
-0.14669874,0.78740160,0.00000000
-0.14629074,0.78740160,-0.07874016
-0.14588274,0.39370080,-0.07874016
-0.14547474,0.78740160,-0.07874016
-0.14506674,0.78740160,0.00000000
-0.14465874,0.78740160,0.00000000
-0.14425074,0.39370080,0.00000000
-0.14384274,0.39370080,0.00000000
-0.14343474,0.39370080,-0.07874016
-0.14302674,0.78740160,0.00000000
-0.14261874,0.78740160,0.00000000
-0.14221074,0.39370080,0.00000000
-0.14180274,0.39370080,0.00000000
-0.14139474,0.39370080,0.00000000
-0.14098674,0.39370080,0.00000000
-0.14057874,0.39370080,0.00000000
-0.14017074,0.39370080,-0.07874016
-0.13976274,0.39370080,0.00000000
-0.13935474,0.39370080,0.00000000
-0.13894674,0.39370080,0.00000000
-0.13853874,0.39370080,-0.07874016
-0.13813074,0.39370080,0.00000000
-0.13772274,0.39370080,0.00000000
-0.13731474,0.39370080,0.00000000
-0.13690674,0.39370080,-0.07874016
-0.13649874,0.39370080,-0.07874016
-0.13609074,0.78740160,0.00000000
-0.13568274,0.39370080,-0.07874016
-0.13527474,0.39370080,-0.07874016
-0.13486674,0.39370080,0.00000000
-0.13445874,0.39370080,-0.07874016
-0.13405074,0.00000000,0.00000000
-0.13364274,0.00000000,0.00000000
-0.13323474,0.39370080,0.00000000
-0.13282674,0.78740160,-0.07874016
-0.13241874,0.39370080,0.00000000
-0.13201074,0.00000000,0.00000000
-0.13160274,0.39370080,0.00000000
-0.13119474,0.39370080,0.00000000
-0.13078674,0.00000000,-0.07874016
-0.13037874,0.39370080,0.00000000
-0.12997074,0.39370080,-0.07874016
-0.12956274,0.39370080,0.00000000
-0.12915474,0.39370080,0.00000000
-0.12874674,0.00000000,-0.07874016
-0.12833874,0.39370080,0.00000000
-0.12793074,0.39370080,0.00000000
-0.12752274,0.39370080,0.00000000
-0.12711474,0.39370080,-0.07874016
-0.12670674,0.39370080,0.00000000
-0.12629874,0.78740160,0.00000000
-0.12589074,0.39370080,0.00000000
-0.12548274,0.78740160,-0.07874016
-0.12507474,0.39370080,0.00000000
-0.12466674,0.39370080,0.00000000
-0.12425874,0.39370080,0.00000000
-0.12385074,0.78740160,-0.07874016
-0.12344274,0.78740160,0.00000000
-0.12303474,0.39370080,-0.07874016
-0.12262674,0.78740160,0.00000000
-0.12221874,0.78740160,-0.07874016
-0.12181074,0.78740160,0.00000000
-0.12140274,0.39370080,0.00000000
-0.12099474,0.78740160,-0.07874016
-0.12058674,0.39370080,-0.07874016
-0.12017874,0.39370080,0.00000000
-0.11977074,0.78740160,0.00000000
-0.11936274,0.78740160,0.00000000
-0.11895474,0.78740160,0.00000000
-0.11854674,0.78740160,0.00000000
-0.11813874,0.78740160,0.00000000
-0.11773074,0.78740160,0.00000000
-0.11732274,0.78740160,0.00000000
-0.11691474,0.78740160,0.00000000
-0.11650674,0.78740160,0.00000000
-0.11609874,0.39370080,0.00000000
-0.11569074,0.39370080,0.00000000
-0.11528274,0.78740160,-0.07874016
-0.11487474,0.78740160,0.00000000
-0.11446674,0.78740160,-0.07874016
-0.11405874,0.78740160,0.00000000
-0.11365074,0.39370080,0.00000000
-0.11324274,0.78740160,-0.07874016
-0.11283474,0.00000000,0.00000000
-0.11242674,0.39370080,-0.07874016
-0.11201874,0.39370080,0.00000000
-0.11161074,0.39370080,-0.07874016
-0.11120274,0.39370080,0.00000000
-0.11079474,0.39370080,0.00000000
-0.11038674,0.39370080,0.00000000
-0.10997874,0.78740160,0.00000000
-0.10957074,0.39370080,0.00000000
-0.10916274,0.00000000,0.00000000
-0.10875474,0.78740160,-0.07874016
-0.10834674,0.00000000,-0.07874016
-0.10793874,0.39370080,0.00000000
-0.10753074,0.00000000,0.00000000
-0.10712274,0.00000000,0.00000000
-0.10671474,0.39370080,-0.07874016
-0.10630674,0.39370080,-0.07874016
-0.10589874,0.39370080,-0.07874016
-0.10549074,0.39370080,0.00000000
-0.10508274,0.39370080,0.00000000
-0.10467474,0.39370080,0.00000000
-0.10426674,0.39370080,0.00000000
-0.10385874,0.78740160,0.00000000
-0.10345074,0.78740160,0.00000000
-0.10304274,0.00000000,0.00000000
-0.10263474,0.00000000,0.00000000
-0.10222674,0.78740160,0.00000000
-0.10181874,0.39370080,-0.07874016
-0.10141074,0.39370080,0.00000000
-0.10100274,0.78740160,0.00000000
-0.10059474,0.39370080,0.00000000
-0.10018674,0.39370080,0.00000000
-0.09977874,0.78740160,-0.07874016
-0.09937074,0.39370080,0.00000000
-0.09896274,0.78740160,0.00000000
-0.09855474,0.78740160,-0.07874016
-0.09814674,0.39370080,0.00000000
-0.09773874,0.39370080,-0.07874016
-0.09733074,0.78740160,-0.07874016
-0.09692274,0.78740160,0.00000000
-0.09651474,0.78740160,-0.07874016
-0.09610674,0.39370080,0.00000000
-0.09569874,0.78740160,0.00000000
-0.09529074,0.39370080,0.00000000
-0.09488274,0.78740160,0.00000000
-0.09447474,0.78740160,0.00000000
-0.09406674,0.78740160,0.00000000
-0.09365874,0.78740160,-0.07874016
-0.09325074,0.78740160,0.00000000
-0.09284274,0.39370080,-0.07874016
-0.09243474,0.39370080,0.00000000
-0.09202674,0.39370080,0.00000000
-0.09161874,0.78740160,0.00000000
-0.09121074,0.78740160,-0.07874016
-0.09080274,0.39370080,0.00000000
-0.09039474,0.39370080,0.00000000
-0.08998674,0.39370080,0.00000000
-0.08957874,0.39370080,0.00000000
-0.08917074,0.39370080,0.00000000
-0.08876274,0.39370080,-0.07874016
-0.08835474,0.39370080,0.00000000
-0.08794674,0.78740160,-0.07874016
-0.08753874,0.39370080,0.00000000
-0.08713074,0.39370080,-0.07874016
-0.08672274,0.39370080,0.00000000
-0.08631474,0.39370080,0.00000000
-0.08590674,0.39370080,-0.07874016
-0.08549874,0.00000000,-0.07874016
-0.08509074,0.00000000,0.00000000
-0.08468274,0.39370080,-0.07874016
-0.08427474,0.39370080,-0.07874016
-0.08386674,0.00000000,0.00000000
-0.08345874,0.39370080,0.00000000
-0.08305074,0.39370080,0.00000000
-0.08264274,0.39370080,0.00000000
-0.08223474,0.39370080,0.00000000
-0.08182674,0.39370080,0.00000000
-0.08141874,0.00000000,-0.07874016
-0.08101074,0.00000000,0.00000000
-0.08060274,0.78740160,0.00000000
-0.08019474,0.39370080,0.00000000
-0.07978674,0.39370080,-0.07874016
-0.07937874,0.39370080,0.00000000
-0.07897074,0.78740160,0.00000000
-0.07856274,0.39370080,0.00000000
-0.07815474,0.39370080,-0.07874016
-0.07774674,0.39370080,0.00000000
-0.07733874,0.39370080,0.00000000
-0.07693074,0.39370080,0.00000000
-0.07652274,0.39370080,-0.07874016
-0.07611474,0.39370080,0.00000000
-0.07570674,0.39370080,0.00000000
-0.07529874,0.78740160,0.00000000
-0.07489074,0.78740160,-0.07874016
-0.07448274,0.78740160,0.00000000
-0.07407474,0.39370080,0.00000000
-0.07366674,0.78740160,0.00000000
-0.07325874,0.39370080,0.00000000
-0.07285074,0.78740160,0.00000000
-0.07244274,0.39370080,0.00000000
-0.07203474,0.39370080,0.00000000
-0.07162674,0.78740160,0.00000000
-0.07121874,0.78740160,0.00000000
-0.07081074,0.39370080,0.00000000
-0.07040274,0.39370080,0.00000000
-0.06999474,0.39370080,-0.07874016
-0.06958674,0.39370080,0.00000000
-0.06917874,0.39370080,0.00000000
-0.06877074,0.78740160,0.00000000
-0.06836274,0.78740160,0.00000000
-0.06795474,0.39370080,0.00000000
-0.06754674,0.78740160,-0.07874016
-0.06713874,0.39370080,0.00000000
-0.06673074,0.39370080,-0.07874016
-0.06632274,0.39370080,0.00000000
-0.06591474,0.39370080,0.00000000
-0.06550674,0.00000000,0.00000000
-0.06509874,0.78740160,-0.07874016
-0.06469074,0.39370080,0.00000000
-0.06428274,0.39370080,0.00000000
-0.06387475,0.39370080,0.00000000
-0.06346675,0.39370080,0.00000000
-0.06305875,0.78740160,-0.07874016
-0.06265075,0.39370080,-0.07874016
-0.06224275,0.39370080,-0.07874016
-0.06183475,0.39370080,-0.07874016
-0.06142675,0.39370080,-0.07874016
-0.06101875,0.39370080,0.00000000
-0.06061075,0.39370080,0.00000000
-0.06020275,0.39370080,0.00000000
-0.05979475,0.39370080,0.00000000
-0.05938675,0.39370080,-0.07874016
-0.05897875,0.39370080,0.00000000
-0.05857075,0.78740160,0.00000000
-0.05816275,0.00000000,0.00000000
-0.05775475,0.39370080,0.00000000
-0.05734675,0.00000000,0.00000000
-0.05693875,0.39370080,-0.07874016
-0.05653075,0.39370080,0.00000000
-0.05612275,0.39370080,-0.07874016
-0.05571475,0.39370080,0.00000000
-0.05530675,0.39370080,0.00000000
-0.05489875,0.39370080,0.00000000
-0.05449075,0.39370080,0.00000000
-0.05408275,0.39370080,0.00000000
-0.05367475,0.39370080,0.00000000
-0.05326675,0.39370080,0.00000000
-0.05285875,0.39370080,-0.07874016
-0.05245075,0.39370080,-0.07874016
-0.05204275,0.39370080,0.00000000
-0.05163475,0.39370080,0.00000000
-0.05122675,0.39370080,0.00000000
-0.05081875,0.39370080,0.00000000
-0.05041075,0.78740160,0.00000000
-0.05000275,0.78740160,0.00000000
-0.04959475,0.78740160,0.00000000
-0.04918675,1.18110200,0.00000000
-0.04877875,0.78740160,-0.07874016
-0.04837075,0.39370080,0.00000000
-0.04796275,0.78740160,0.00000000
-0.04755475,0.78740160,0.00000000
-0.04714675,0.39370080,0.00000000
-0.04673875,0.39370080,0.00000000
-0.04633075,0.39370080,-0.07874016
-0.04592275,0.78740160,0.00000000
-0.04551475,0.78740160,-0.07874016
-0.04510675,0.39370080,-0.07874016
-0.04469875,0.78740160,0.00000000
-0.04429075,0.78740160,-0.07874016
-0.04388275,0.39370080,-0.07874016
-0.04347475,0.39370080,0.00000000
-0.04306675,0.78740160,0.00000000
-0.04265875,0.39370080,0.00000000
-0.04225075,0.78740160,-0.07874016
-0.04184275,0.39370080,0.00000000
-0.04143475,0.39370080,0.00000000
-0.04102675,0.39370080,0.00000000
-0.04061875,0.39370080,-0.07874016
-0.04021075,0.00000000,0.00000000
-0.03980275,0.78740160,0.00000000
-0.03939475,0.39370080,0.00000000
-0.03898675,0.39370080,0.00000000
-0.03857875,0.78740160,0.00000000
-0.03817075,0.78740160,0.00000000
-0.03776275,0.39370080,0.00000000
-0.03735475,0.39370080,0.00000000
-0.03694675,0.39370080,0.00000000
-0.03653875,0.78740160,0.00000000
-0.03613075,0.00000000,0.00000000
-0.03572275,0.39370080,-0.07874016
-0.03531475,0.39370080,0.00000000
-0.03490675,0.00000000,0.00000000
-0.03449875,0.39370080,0.00000000
-0.03409075,0.39370080,0.00000000
-0.03368275,0.00000000,0.00000000
-0.03327475,0.78740160,0.00000000
-0.03286675,0.39370080,0.00000000
-0.03245875,0.39370080,0.00000000
-0.03205075,0.39370080,0.00000000
-0.03164275,0.39370080,0.00000000
-0.03123475,0.00000000,0.00000000
-0.03082675,0.39370080,0.00000000
-0.03041875,0.39370080,0.00000000
-0.03001075,0.39370080,0.00000000
-0.02960275,0.00000000,0.00000000
-0.02919475,0.39370080,-0.07874016
-0.02878675,0.78740160,-0.07874016
-0.02837875,0.39370080,0.00000000
-0.02797075,0.78740160,0.00000000
-0.02756275,0.00000000,0.00000000
-0.02715475,0.78740160,0.00000000
-0.02674675,0.39370080,0.00000000
-0.02633875,0.00000000,0.00000000
-0.02593075,0.39370080,0.00000000
-0.02552275,0.78740160,0.00000000
-0.02511475,0.78740160,-0.07874016
-0.02470675,0.78740160,0.00000000
-0.02429875,0.78740160,0.00000000
-0.02389075,0.78740160,0.00000000
-0.02348275,0.78740160,0.00000000
-0.02307475,0.78740160,0.00000000
-0.02266675,0.39370080,0.00000000
-0.02225875,0.78740160,0.00000000
-0.02185075,0.78740160,0.00000000
-0.02144275,0.39370080,0.00000000
-0.02103475,0.78740160,0.00000000
-0.02062675,0.39370080,0.00000000
-0.02021875,0.78740160,0.00000000
-0.01981075,0.78740160,0.00000000
-0.01940275,0.78740160,-0.07874016
-0.01899475,0.78740160,0.00000000
-0.01858675,0.78740160,0.00000000
-0.01817875,0.78740160,-0.07874016
-0.01777075,0.78740160,0.00000000
-0.01736275,0.78740160,0.00000000
-0.01695475,0.39370080,0.00000000
-0.01654675,0.39370080,0.00000000
-0.01613875,0.39370080,0.00000000
-0.01573075,0.39370080,0.00000000
-0.01532275,0.39370080,0.00000000
-0.01491475,0.00000000,0.00000000
-0.01450675,0.39370080,0.00000000
-0.01409875,0.00000000,-0.07874016
-0.01369075,0.39370080,0.00000000
-0.01328275,0.39370080,0.00000000
-0.01287475,0.39370080,0.00000000
-0.01246675,0.39370080,0.00000000
-0.01205875,0.39370080,-0.07874016
-0.01165075,0.39370080,0.00000000
-0.01124275,0.39370080,-0.07874016
-0.01083475,0.39370080,0.00000000
-0.01042675,0.39370080,-0.07874016
-0.01001875,0.39370080,0.00000000
-0.00961075,0.78740160,0.00000000
-0.00920275,0.39370080,0.00000000
-0.00879475,0.39370080,0.00000000
-0.00838675,0.39370080,0.00000000
-0.00797875,0.78740160,-0.07874016
-0.00757075,0.39370080,0.00000000
-0.00716275,0.39370080,0.00000000
-0.00675475,0.39370080,0.00000000
-0.00634675,0.39370080,0.00000000
-0.00593875,0.39370080,-0.07874016
-0.00553075,0.00000000,0.00000000
-0.00512275,0.78740160,-0.07874016
-0.00471475,0.39370080,0.00000000
-0.00430675,0.39370080,0.00000000
-0.00389875,0.39370080,-0.07874016
-0.00349075,0.39370080,0.00000000
-0.00308275,0.39370080,0.00000000
-0.00267475,0.78740160,0.00000000
-0.00226675,0.78740160,-0.07874016
-0.00185875,0.39370080,0.00000000
-0.00145075,0.78740160,0.00000000
-0.00104275,0.39370080,-0.07874016
-0.00063475,0.78740160,0.00000000
-0.00022675,0.39370080,0.70866140
0.00018125,0.39370080,1.41732300
0.00058925,0.78740160,2.12598400
0.00099725,0.39370080,2.83464600
0.00140525,0.78740160,3.54330700
0.00181325,0.78740160,4.17322800
0.00222125,0.39370080,4.80315000
0.00262925,0.78740160,5.35433100
0.00303725,0.39370080,5.82677200
0.00344525,0.39370080,6.29921200
0.00385325,1.18110200,6.61417300
0.00426125,0.39370080,6.92913400
0.00466925,0.39370080,7.16535400
0.00507725,0.39370080,7.24409400
0.00548525,0.39370080,7.32283400
0.00589325,0.78740160,7.40157500
0.00630125,0.78740160,7.32283400
0.00670925,0.78740160,7.16535400
0.00711725,0.39370080,6.92913400
0.00752525,0.78740160,6.61417300
0.00793325,0.39370080,6.22047200
0.00834125,0.39370080,5.74803200
0.00874925,0.78740160,5.27559000
0.00915725,0.78740160,4.72441000
0.00956525,0.39370080,4.09448800
0.00997325,0.39370080,3.46456700
0.01038125,0.78740160,2.75590500
0.01078925,0.78740160,2.12598400
0.01119725,0.39370080,1.33858300
0.01160525,0.78740160,0.55118110
0.01201325,0.39370080,-0.15748030
0.01242125,0.39370080,-0.94488190
0.01282925,0.39370080,-1.65354300
0.01323725,0.00000000,-2.36220500
0.01364525,0.78740160,-3.07086600
0.01405325,0.39370080,-3.70078700
0.01446125,0.39370080,-4.40944900
0.01486925,0.39370080,-4.96063000
0.01527725,0.39370080,-5.43307100
0.01568525,0.39370080,-5.98425200
0.01609325,0.00000000,-6.37795300
0.01650125,0.39370080,-6.77165400
0.01690925,0.78740160,-7.00787400
0.01731725,0.00000000,-7.24409400
0.01772525,0.39370080,-7.40157500
0.01813325,0.39370080,-7.40157500
0.01854125,0.39370080,-7.32283400
0.01894925,0.39370080,-7.24409400
0.01935725,0.39370080,-7.08661400
0.01976525,0.39370080,-6.85039400
0.02017325,0.39370080,-6.53543300
0.02058125,0.78740160,-6.14173200
0.02098925,0.39370080,-5.66929100
0.02139725,0.39370080,-5.19685000
0.02180525,0.39370080,-4.56692900
0.02221325,0.39370080,-3.93700800
0.02262125,0.39370080,-3.30708700
0.02302925,0.39370080,-2.59842500
0.02343725,0.39370080,-1.88976400
0.02384525,0.39370080,-1.18110200
0.02425325,0.39370080,-0.39370080
0.02466125,0.39370080,0.31496060
0.02506925,0.00000000,1.10236200
0.02547725,0.39370080,1.81102400
0.02588525,0.39370080,2.51968500
0.02629325,0.39370080,3.22834600
0.02670125,0.78740160,3.93700800
0.02710925,0.39370080,4.48818900
0.02751725,0.39370080,5.11811000
0.02792525,0.78740160,5.59055100
0.02833325,0.39370080,6.06299200
0.02874125,0.39370080,6.45669300
0.02914925,0.39370080,6.77165400
0.02955725,0.39370080,7.00787400
0.02996525,0.78740160,7.24409400
0.03037325,0.39370080,7.32283400
0.03078125,0.39370080,7.32283400
0.03118925,1.18110200,7.24409400
0.03159725,0.39370080,7.16535400
0.03200525,0.78740160,6.92913400
0.03241325,0.78740160,6.69291400
0.03282125,0.78740160,6.37795300
0.03322925,0.39370080,5.90551200
0.03363725,0.39370080,5.43307100
0.03404525,0.39370080,4.88189000
0.03445325,0.78740160,4.25196800
0.03486125,0.39370080,3.70078700
0.03526925,0.39370080,2.99212600
0.03567725,0.39370080,2.28346500
0.03608525,0.78740160,1.57480300
0.03649325,0.39370080,0.86614170
0.03690125,0.78740160,0.07874016
0.03730925,0.39370080,-0.62992130
0.03771725,0.39370080,-1.41732300
0.03812525,0.39370080,-2.20472400
0.03853325,0.00000000,-2.83464600
0.03894125,0.39370080,-3.54330700
0.03934925,0.00000000,-4.17322800
0.03975725,0.39370080,-4.80315000
0.04016525,0.39370080,-5.35433100
0.04057325,0.39370080,-5.82677200
0.04098125,0.00000000,-6.29921200
0.04138925,0.39370080,-6.69291400
0.04179725,0.78740160,-7.00787400
0.04220525,0.39370080,-7.16535400
0.04261325,0.39370080,-7.32283400
0.04302125,0.39370080,-7.40157500
0.04342925,0.39370080,-7.40157500
0.04383725,0.39370080,-7.32283400
0.04424525,0.39370080,-7.16535400
0.04465325,0.39370080,-6.92913400
0.04506125,0.39370080,-6.61417300
0.04546925,0.78740160,-6.22047200
0.04587725,0.39370080,-5.82677200
0.04628525,0.39370080,-5.27559000
0.04669325,0.39370080,-4.72441000
0.04710125,0.39370080,-4.17322800
0.04750925,0.39370080,-3.54330700
0.04791725,0.39370080,-2.83464600
0.04832525,0.78740160,-2.12598400
0.04873325,0.39370080,-1.33858300
0.04914125,0.39370080,-0.62992130
0.04954925,0.78740160,0.15748030
0.04995725,0.39370080,0.86614170
0.05036525,0.39370080,1.65354300
0.05077325,0.39370080,2.36220500
0.05118125,0.78740160,3.07086600
0.05158925,0.39370080,3.70078700
0.05199725,0.39370080,4.40944900
0.05240525,0.39370080,4.96063000
0.05281325,0.39370080,5.51181100
0.05322125,0.78740160,5.90551200
0.05362925,0.78740160,6.37795300
0.05403725,0.78740160,6.69291400
0.05444525,0.39370080,6.92913400
0.05485325,0.39370080,7.16535400
0.05526125,0.78740160,7.32283400
0.05566925,0.78740160,7.32283400
0.05607725,0.39370080,7.32283400
0.05648525,0.39370080,7.16535400
0.05689325,0.78740160,7.00787400
0.05730125,0.78740160,6.77165400
0.05770925,0.39370080,6.37795300
0.05811725,0.39370080,5.98425200
0.05852525,0.78740160,5.59055100
0.05893325,0.39370080,5.03937000
0.05934125,0.39370080,4.48818900
0.05974925,0.39370080,3.85826800
0.06015725,0.78740160,3.14960600
0.06056525,0.39370080,2.44094500
0.06097325,0.78740160,1.73228300
0.06138125,0.39370080,1.02362200
0.06178925,0.39370080,0.23622050
0.06219725,0.39370080,-0.47244100
0.06260525,0.00000000,-1.25984300
0.06301325,0.39370080,-1.96850400
0.06342125,0.39370080,-2.67716500
0.06382925,0.00000000,-3.38582700
0.06423725,0.39370080,-4.09448800
0.06464525,0.00000000,-4.64566900
0.06505325,0.39370080,-5.19685000
0.06546125,0.39370080,-5.74803200
0.06586925,0.39370080,-6.14173200
0.06627725,0.39370080,-6.53543300
0.06668525,0.39370080,-6.92913400
0.06709325,0.00000000,-7.08661400
0.06750125,0.39370080,-7.32283400
0.06790925,0.39370080,-7.40157500
0.06831725,0.78740160,-7.40157500
0.06872525,0.39370080,-7.32283400
0.06913325,0.39370080,-7.16535400
0.06954125,0.00000000,-7.00787400
0.06994925,0.39370080,-6.69291400
0.07035725,0.39370080,-6.29921200
0.07076525,0.39370080,-5.90551200
0.07117325,0.39370080,-5.43307100
0.07158125,0.39370080,-4.88189000
0.07198925,0.39370080,-4.33070900
0.07239725,0.39370080,-3.62204700
0.07280525,0.39370080,-2.99212600
0.07321325,0.78740160,-2.28346500
0.07362125,0.39370080,-1.57480300
0.07402925,0.39370080,-0.78740160
0.07443725,0.39370080,0.00000000
0.07484525,0.39370080,0.70866140
0.07525325,0.78740160,1.41732300
0.07566125,0.39370080,2.12598400
0.07606925,0.78740160,2.83464600
0.07647725,0.78740160,3.54330700
0.07688525,0.39370080,4.17322800
0.07729325,0.39370080,4.80315000
0.07770125,0.39370080,5.27559000
0.07810925,0.78740160,5.82677200
0.07851725,0.78740160,6.22047200
0.07892525,0.39370080,6.61417300
0.07933325,0.78740160,6.85039400
0.07974125,0.78740160,7.08661400
0.08014925,0.78740160,7.24409400
0.08055725,0.39370080,7.32283400
0.08096525,0.39370080,7.24409400
0.08137325,0.39370080,7.16535400
0.08178125,0.78740160,7.00787400
0.08218925,0.39370080,6.77165400
0.08259725,0.39370080,6.45669300
0.08300525,0.78740160,6.06299200
0.08341325,0.00000000,5.66929100
0.08382125,0.39370080,5.11811000
0.08422925,0.39370080,4.56692900
0.08463725,0.78740160,4.01574800
0.08504525,0.39370080,3.30708700
0.08545325,0.39370080,2.67716500
0.08586125,0.39370080,1.88976400
0.08626925,0.78740160,1.18110200
0.08667725,0.78740160,0.47244100
0.08708525,0.39370080,-0.31496060
0.08749325,0.39370080,-1.02362200
0.08790125,0.00000000,-1.73228300
0.08830925,0.39370080,-2.51968500
0.08871725,0.39370080,-3.22834600
0.08912525,0.39370080,-3.85826800
0.08953325,0.78740160,-4.48818900
0.08994125,0.39370080,-5.03937000
0.09034925,0.78740160,-5.59055100
0.09075725,0.39370080,-6.06299200
0.09116525,0.39370080,-6.45669300
0.09157325,0.39370080,-6.77165400
0.09198125,0.39370080,-7.00787400
0.09238925,0.39370080,-7.24409400
0.09279725,0.00000000,-7.32283400
0.09320525,0.39370080,-7.32283400
0.09361325,0.00000000,-7.32283400
0.09402125,0.39370080,-7.16535400
0.09442925,0.00000000,-7.00787400
0.09483725,0.39370080,-6.77165400
0.09524525,0.78740160,-6.37795300
0.09565325,0.39370080,-5.98425200
0.09606125,0.39370080,-5.51181100
0.09646925,0.00000000,-4.96063000
0.09687725,0.78740160,-4.40944900
0.09728525,0.78740160,-3.77952800
0.09769325,0.39370080,-3.14960600
0.09810125,0.39370080,-2.44094500
0.09850925,0.39370080,-1.73228300
0.09891725,0.39370080,-1.02362200
0.09932525,0.78740160,-0.23622050
0.09973325,0.78740160,0.47244100
0.10014125,0.78740160,1.18110200
0.10054925,0.78740160,1.96850400
0.10095725,0.39370080,2.67716500
0.10136525,0.78740160,3.30708700
0.10177325,0.78740160,4.01574800
0.10218125,0.78740160,4.56692900
0.10258925,0.78740160,5.19685000
0.10299725,0.78740160,5.66929100
0.10340525,0.39370080,6.14173200
0.10381325,0.78740160,6.45669300
0.10422125,0.78740160,6.77165400
0.10462925,0.78740160,7.00787400
0.10503725,0.78740160,7.16535400
0.10544525,0.39370080,7.24409400
0.10585325,0.78740160,7.24409400
0.10626125,0.39370080,7.16535400
0.10666925,0.39370080,7.08661400
0.10707725,0.39370080,6.85039400
0.10748525,0.39370080,6.53543300
0.10789325,0.78740160,6.22047200
0.10830125,0.78740160,5.74803200
0.10870925,0.39370080,5.27559000
0.10911725,0.39370080,4.72441000
0.10952525,0.39370080,4.09448800
0.10993325,0.00000000,3.54330700
0.11034125,0.39370080,2.83464600
0.11074925,0.39370080,2.12598400
0.11115725,0.39370080,1.41732300
0.11156525,0.39370080,0.70866140
0.11197325,0.78740160,-0.07874016
0.11238125,0.39370080,-0.78740160
0.11278924,0.39370080,-1.57480300
0.11319724,0.00000000,-2.28346500
0.11360524,0.39370080,-2.99212600
0.11401324,0.39370080,-3.70078700
0.11442124,0.39370080,-4.25196800
0.11482924,0.39370080,-4.88189000
0.11523724,0.00000000,-5.43307100
0.11564524,0.00000000,-5.90551200
0.11605324,0.39370080,-6.29921200
0.11646124,0.39370080,-6.69291400
0.11686924,0.39370080,-6.92913400
0.11727724,0.39370080,-7.16535400
0.11768524,0.39370080,-7.32283400
0.11809324,0.39370080,-7.32283400
0.11850124,0.39370080,-7.32283400
0.11890924,0.00000000,-7.24409400
0.11931724,0.39370080,-7.08661400
0.11972524,0.39370080,-6.85039400
0.12013324,0.39370080,-6.53543300
0.12054124,0.39370080,-6.14173200
0.12094924,0.39370080,-5.66929100
0.12135724,0.78740160,-5.11811000
0.12176524,0.39370080,-4.56692900
0.12217324,0.78740160,-4.01574800
0.12258124,0.78740160,-3.38582700
0.12298924,0.39370080,-2.59842500
0.12339724,0.39370080,-1.88976400
0.12380524,0.39370080,-1.18110200
0.12421324,0.39370080,-0.47244100
0.12462124,0.39370080,0.23622050
0.12502924,0.78740160,1.02362200
0.12543724,0.39370080,1.81102400
0.12584524,0.78740160,2.44094500
0.12625324,0.78740160,3.14960600
0.12666124,0.39370080,3.85826800
0.12706924,0.78740160,4.48818900
0.12747724,0.78740160,5.03937000
0.12788524,0.39370080,5.59055100
0.12829324,0.78740160,5.98425200
0.12870124,0.78740160,6.37795300
0.12910924,0.39370080,6.69291400
0.12951724,0.39370080,6.92913400
0.12992524,0.78740160,7.16535400
0.13033324,0.78740160,7.24409400
0.13074124,0.39370080,7.32283400
0.13114924,0.78740160,7.24409400
0.13155724,0.78740160,7.08661400
0.13196524,0.39370080,6.92913400
0.13237324,0.78740160,6.61417300
0.13278124,0.78740160,6.29921200
0.13318924,0.00000000,5.90551200
0.13359724,0.39370080,5.43307100
0.13400524,0.39370080,4.88189000
0.13441324,0.39370080,4.33070900
0.13482124,0.39370080,3.70078700
0.13522924,0.39370080,2.99212600
0.13563724,0.39370080,2.28346500
0.13604524,0.39370080,1.57480300
0.13645324,0.39370080,0.86614170
0.13686124,0.39370080,0.07874016
0.13726924,0.78740160,-0.62992130
0.13767724,0.39370080,-1.33858300
0.13808524,0.39370080,-2.12598400
0.13849324,0.39370080,-2.83464600
0.13890124,0.39370080,-3.46456700
0.13930924,0.39370080,-4.09448800
0.13971724,0.39370080,-4.72441000
0.14012524,0.39370080,-5.27559000
0.14053324,0.39370080,-5.82677200
0.14094124,0.39370080,-6.22047200
0.14134924,0.78740160,-6.61417300
0.14175724,0.39370080,-6.92913400
0.14216524,0.39370080,-7.16535400
0.14257324,0.39370080,-7.24409400
0.14298124,0.39370080,-7.32283400
0.14338924,0.39370080,-7.32283400
0.14379724,0.00000000,-7.24409400
0.14420524,0.39370080,-7.08661400
0.14461324,0.39370080,-6.92913400
0.14502124,0.39370080,-6.53543300
0.14542924,0.39370080,-6.22047200
0.14583724,0.78740160,-5.74803200
0.14624524,0.78740160,-5.27559000
0.14665324,0.78740160,-4.72441000
0.14706124,0.78740160,-4.17322800
0.14746924,0.39370080,-3.54330700
0.14787724,0.39370080,-2.83464600
0.14828524,0.39370080,-2.12598400
0.14869324,0.39370080,-1.41732300
0.14910124,0.78740160,-0.62992130
0.14950924,0.39370080,0.07874016
0.14991724,0.78740160,0.86614170
0.15032524,0.39370080,1.57480300
0.15073324,0.39370080,2.28346500
0.15114124,0.39370080,2.99212600
0.15154924,0.39370080,3.70078700
0.15195724,0.39370080,4.33070900
0.15236524,0.78740160,4.88189000
0.15277324,0.39370080,5.43307100
0.15318124,0.39370080,5.90551200
0.15358924,0.78740160,6.29921200
0.15399724,0.78740160,6.61417300
0.15440524,0.78740160,6.92913400
0.15481324,0.39370080,7.08661400
0.15522124,0.78740160,7.24409400
0.15562924,0.39370080,7.24409400
0.15603724,0.78740160,7.24409400
0.15644524,0.78740160,7.08661400
0.15685324,0.78740160,6.92913400
0.15726124,0.39370080,6.69291400
0.15766924,0.39370080,6.37795300
0.15807724,0.39370080,5.98425200
0.15848524,0.39370080,5.51181100
0.15889324,0.78740160,5.03937000
0.15930124,0.39370080,4.40944900
0.15970924,0.00000000,3.77952800
0.16011724,0.78740160,3.14960600
0.16052524,0.78740160,2.51968500
0.16093324,0.78740160,1.73228300
0.16134124,0.39370080,1.02362200
0.16174924,0.39370080,0.31496060
0.16215724,0.39370080,-0.47244100
0.16256524,0.39370080,-1.18110200
0.16297324,0.39370080,-1.88976400
0.16338124,0.39370080,-2.59842500
0.16378924,0.39370080,-3.30708700
0.16419724,0.39370080,-3.93700800
0.16460524,0.00000000,-4.56692900
0.16501324,0.39370080,-5.11811000
0.16542124,0.39370080,-5.59055100
0.16582924,0.39370080,-6.06299200
0.16623724,0.00000000,-6.45669300
0.16664524,0.39370080,-6.77165400
0.16705324,0.39370080,-7.00787400
0.16746124,0.39370080,-7.16535400
0.16786924,0.39370080,-7.32283400
0.16827724,0.39370080,-7.32283400
0.16868524,0.39370080,-7.24409400
0.16909324,0.39370080,-7.16535400
0.16950124,0.39370080,-6.92913400
0.16990924,0.39370080,-6.61417300
0.17031724,0.39370080,-6.29921200
0.17072524,0.39370080,-5.90551200
0.17113324,0.78740160,-5.43307100
0.17154124,0.39370080,-4.88189000
0.17194924,0.39370080,-4.25196800
0.17235724,0.78740160,-3.70078700
0.17276524,0.39370080,-2.99212600
0.17317324,0.78740160,-2.28346500
0.17358124,0.39370080,-1.57480300
0.17398924,0.39370080,-0.86614170
0.17439724,0.78740160,-0.07874016
0.17480524,0.39370080,0.62992130
0.17521324,0.39370080,1.41732300
0.17562124,0.78740160,2.04724400
0.17602924,0.39370080,2.83464600
0.17643724,0.39370080,3.46456700
0.17684524,0.39370080,4.09448800
0.17725324,0.39370080,4.64566900
0.17766124,0.39370080,5.19685000
0.17806924,0.78740160,5.66929100
0.17847724,0.39370080,6.14173200
0.17888524,0.39370080,6.53543300
0.17929324,0.39370080,6.85039400
0.17970124,0.39370080,7.00787400
0.18010924,0.39370080,7.16535400
0.18051724,0.39370080,7.24409400
0.18092524,0.39370080,7.24409400
0.18133324,0.39370080,7.16535400
0.18174124,0.39370080,7.00787400
0.18214924,0.78740160,6.77165400
0.18255724,0.39370080,6.45669300
0.18296524,0.39370080,6.14173200
0.18337324,0.39370080,5.66929100
0.18378124,0.78740160,5.19685000
0.18418924,0.00000000,4.64566900
0.18459724,0.39370080,4.01574800
0.18500524,0.39370080,3.38582700
0.18541324,0.78740160,2.67716500
0.18582124,0.39370080,1.96850400
0.18622924,0.78740160,1.25984300
0.18663724,0.39370080,0.55118110
0.18704524,0.39370080,-0.23622050
0.18745324,0.39370080,-0.94488190
0.18786124,0.39370080,-1.73228300
0.18826924,0.39370080,-2.44094500
0.18867724,0.78740160,-3.07086600
0.18908524,0.39370080,-3.77952800
0.18949324,0.39370080,-4.40944900
0.18990124,0.39370080,-4.96063000
0.19030924,0.39370080,-5.51181100
0.19071724,0.39370080,-5.90551200
0.19112524,0.39370080,-6.37795300
0.19153324,0.00000000,-6.69291400
0.19194124,0.39370080,-7.00787400
0.19234924,0.39370080,-7.16535400
0.19275724,0.39370080,-7.32283400
0.19316524,0.39370080,-7.32283400
0.19357324,0.39370080,-7.32283400
0.19398124,0.39370080,-7.24409400
0.19438924,0.78740160,-7.00787400
0.19479724,0.39370080,-6.77165400
0.19520524,0.39370080,-6.37795300
0.19561324,0.78740160,-6.06299200
0.19602124,0.39370080,-5.59055100
0.19642924,0.39370080,-5.03937000
0.19683724,0.39370080,-4.48818900
0.19724524,0.39370080,-3.85826800
0.19765324,0.39370080,-3.22834600
0.19806124,0.39370080,-2.51968500
0.19846924,0.39370080,-1.81102400
0.19887724,0.39370080,-1.02362200
0.19928524,0.39370080,-0.31496060
0.19969324,0.78740160,0.39370080
0.20010124,0.39370080,1.18110200
0.20050924,0.39370080,1.88976400
0.20091724,0.39370080,2.59842500
0.20132524,0.39370080,3.30708700
0.20173324,0.78740160,3.93700800
0.20214124,0.39370080,4.56692900
0.20254924,0.39370080,5.11811000
0.20295724,0.39370080,5.59055100
0.20336524,0.78740160,6.06299200
0.20377324,0.39370080,6.45669300
0.20418124,0.78740160,6.77165400
0.20458924,0.39370080,6.92913400
0.20499724,0.39370080,7.16535400
0.20540524,0.78740160,7.24409400
0.20581324,0.39370080,7.24409400
0.20622124,0.39370080,7.16535400
0.20662924,0.39370080,7.00787400
0.20703724,0.78740160,6.85039400
0.20744524,0.39370080,6.53543300
0.20785324,0.39370080,6.22047200
0.20826124,0.78740160,5.82677200
0.20866924,0.78740160,5.27559000
0.20907724,0.39370080,4.72441000
0.20948524,0.39370080,4.17322800
0.20989324,0.39370080,3.54330700
0.21030124,0.78740160,2.91338600
0.21070924,0.39370080,2.20472400
0.21111724,0.39370080,1.49606300
0.21152524,0.39370080,0.70866140
0.21193324,0.39370080,0.00000000
0.21234124,0.39370080,-0.78740160
0.21274924,0.39370080,-1.49606300
0.21315724,0.78740160,-2.20472400
0.21356524,0.39370080,-2.91338600
0.21397324,0.78740160,-3.62204700
0.21438124,0.39370080,-4.25196800
0.21478924,0.39370080,-4.88189000
0.21519724,0.39370080,-5.35433100
0.21560524,0.39370080,-5.90551200
0.21601324,0.39370080,-6.22047200
0.21642124,0.39370080,-6.61417300
0.21682924,0.00000000,-6.92913400
0.21723724,0.39370080,-7.16535400
0.21764524,0.00000000,-7.24409400
0.21805324,0.39370080,-7.32283400
0.21846124,0.39370080,-7.32283400
0.21886924,0.39370080,-7.24409400
0.21927724,0.39370080,-7.00787400
0.21968524,0.78740160,-6.77165400
0.22009324,0.00000000,-6.45669300
0.22050124,0.39370080,-6.14173200
0.22090924,0.39370080,-5.66929100
0.22131724,0.39370080,-5.19685000
0.22172524,0.39370080,-4.64566900
0.22213324,0.78740160,-4.01574800
0.22254124,0.39370080,-3.38582700
0.22294924,0.39370080,-2.75590500
0.22335724,0.39370080,-1.96850400
0.22376524,0.39370080,-1.25984300
0.22417324,0.78740160,-0.47244100
0.22458124,0.78740160,0.23622050
0.22498924,0.39370080,0.94488190
0.22539724,0.78740160,1.73228300
0.22580524,0.39370080,2.44094500
0.22621324,0.78740160,3.14960600
0.22662124,0.39370080,3.77952800
0.22702924,0.39370080,4.40944900
0.22743724,0.78740160,4.96063000
0.22784524,0.39370080,5.51181100
0.22825324,0.39370080,5.90551200
0.22866124,0.39370080,6.29921200
0.22906924,0.78740160,6.61417300
0.22947724,0.78740160,6.92913400
0.22988524,0.78740160,7.08661400
0.23029324,0.39370080,7.16535400
0.23070124,0.39370080,7.24409400
0.23110924,0.39370080,7.24409400
0.23151724,0.78740160,7.08661400
0.23192524,0.39370080,6.92913400
0.23233324,0.39370080,6.61417300
0.23274124,0.39370080,6.29921200
0.23314924,0.39370080,5.90551200
0.23355724,0.78740160,5.43307100
0.23396524,0.39370080,4.88189000
0.23437324,0.00000000,4.33070900
0.23478124,0.39370080,3.70078700
0.23518924,0.39370080,3.07086600
0.23559724,0.00000000,2.36220500
0.23600524,0.39370080,1.65354300
0.23641324,0.78740160,0.86614170
0.23682124,0.39370080,0.15748030
0.23722924,0.39370080,-0.55118110
0.23763724,0.39370080,-1.33858300
0.23804524,0.39370080,-2.04724400
0.23845324,0.39370080,-2.75590500
0.23886124,0.00000000,-3.46456700
0.23926924,0.78740160,-4.09448800
0.23967724,0.78740160,-4.64566900
0.24008524,0.39370080,-5.19685000
0.24049324,0.39370080,-5.74803200
0.24090124,0.39370080,-6.14173200
0.24130924,0.39370080,-6.53543300
0.24171724,0.78740160,-6.85039400
0.24212524,0.39370080,-7.08661400
0.24253324,0.39370080,-7.24409400
0.24294124,0.39370080,-7.32283400
0.24334924,0.39370080,-7.32283400
0.24375724,0.39370080,-7.24409400
0.24416524,0.78740160,-7.08661400
0.24457324,0.39370080,-6.85039400
0.24498124,0.39370080,-6.61417300
0.24538924,0.78740160,-6.22047200
0.24579724,0.78740160,-5.82677200
0.24620524,0.39370080,-5.27559000
0.24661324,0.78740160,-4.72441000
0.24702124,0.39370080,-4.17322800
0.24742924,0.78740160,-3.54330700
0.24783724,0.39370080,-2.91338600
0.24824524,0.39370080,-2.20472400
0.24865324,0.39370080,-1.49606300
0.24906124,0.39370080,-0.70866140
0.24946924,0.78740160,0.00000000
0.24987724,0.39370080,0.78740160
0.25028524,0.39370080,1.49606300
0.25069324,0.78740160,2.20472400
0.25110124,0.39370080,2.91338600
0.25150924,0.39370080,3.62204700
0.25191724,0.39370080,4.25196800
0.25232524,0.39370080,4.80315000
0.25273324,0.39370080,5.35433100
0.25314124,0.78740160,5.82677200
0.25354924,0.39370080,6.22047200
0.25395724,1.18110200,6.53543300
0.25436524,0.39370080,6.85039400
0.25477324,0.39370080,7.08661400
0.25518124,0.78740160,7.16535400
0.25558924,0.78740160,7.24409400
0.25599724,0.39370080,7.24409400
0.25640524,0.39370080,7.08661400
0.25681324,0.39370080,6.92913400
0.25722124,0.39370080,6.69291400
0.25762924,0.78740160,6.37795300
0.25803724,0.78740160,6.06299200
0.25844524,0.78740160,5.59055100
0.25885324,0.39370080,5.03937000
0.25926124,0.39370080,4.48818900
0.25966924,0.78740160,3.85826800
0.26007724,0.39370080,3.22834600
0.26048524,0.39370080,2.51968500
0.26089324,0.78740160,1.81102400
0.26130124,0.39370080,1.10236200
0.26170924,0.39370080,0.39370080
0.26211724,0.39370080,-0.39370080
0.26252524,0.78740160,-1.10236200
0.26293324,0.39370080,-1.81102400
0.26334124,0.00000000,-2.59842500
0.26374924,0.39370080,-3.22834600
0.26415724,0.78740160,-3.85826800
0.26456524,0.39370080,-4.48818900
0.26497324,0.39370080,-5.03937000
0.26538124,0.78740160,-5.59055100
0.26578924,0.39370080,-6.06299200
0.26619724,0.39370080,-6.45669300
0.26660524,0.39370080,-6.77165400
0.26701324,0.39370080,-7.00787400
0.26742124,0.39370080,-7.16535400
0.26782924,0.39370080,-7.32283400
0.26823724,0.39370080,-7.32283400
0.26864524,0.78740160,-7.32283400
0.26905324,0.39370080,-7.16535400
0.26946124,0.39370080,-6.92913400
0.26986924,0.39370080,-6.69291400
0.27027724,0.00000000,-6.29921200
0.27068524,0.39370080,-5.90551200
0.27109324,0.39370080,-5.43307100
0.27150124,0.39370080,-4.96063000
0.27190924,0.78740160,-4.33070900
0.27231724,0.39370080,-3.70078700
0.27272524,0.78740160,-3.07086600
0.27313324,0.39370080,-2.36220500
0.27354124,0.39370080,-1.65354300
0.27394924,0.39370080,-0.94488190
0.27435724,0.39370080,-0.15748030
0.27476524,0.39370080,0.55118110
0.27517324,0.39370080,1.25984300
0.27558124,0.39370080,2.04724400
0.27598924,0.00000000,2.75590500
0.27639724,0.78740160,3.46456700
0.27680524,0.39370080,4.01574800
0.27721324,0.00000000,4.64566900
0.27762124,0.39370080,5.19685000
0.27802924,0.39370080,5.66929100
0.27843724,0.39370080,6.06299200
0.27884524,0.78740160,6.53543300
0.27925324,0.39370080,6.77165400
0.27966124,0.39370080,7.00787400
0.28006924,0.78740160,7.16535400
0.28047724,0.39370080,7.24409400
0.28088524,0.78740160,7.24409400
0.28129324,0.78740160,7.16535400
0.28170124,0.39370080,7.00787400
0.28210924,0.39370080,6.77165400
0.28251724,0.39370080,6.45669300
0.28292524,0.39370080,6.14173200
0.28333324,0.39370080,5.66929100
0.28374124,0.39370080,5.19685000
0.28414924,0.39370080,4.64566900
0.28455724,0.00000000,4.01574800
0.28496524,0.00000000,3.38582700
0.28537324,0.39370080,2.75590500
0.28578124,0.39370080,2.04724400
0.28618924,0.39370080,1.33858300
0.28659724,0.39370080,0.55118110
0.28700524,0.39370080,-0.15748030
0.28741324,0.39370080,-0.94488190
0.28782124,0.39370080,-1.65354300
0.28822924,0.39370080,-2.36220500
0.28863724,0.39370080,-3.07086600
0.28904524,0.78740160,-3.77952800
0.28945323,0.39370080,-4.33070900
0.28986123,0.78740160,-4.88189000
0.29026923,0.39370080,-5.43307100
0.29067723,0.39370080,-5.90551200
0.29108523,0.39370080,-6.29921200
0.29149323,0.78740160,-6.69291400
0.29190123,0.00000000,-6.92913400
0.29230923,0.39370080,-7.16535400
0.29271723,0.78740160,-7.24409400
0.29312523,0.78740160,-7.32283400
0.29353323,0.39370080,-7.24409400
0.29394123,0.39370080,-7.24409400
0.29434923,0.78740160,-7.00787400
0.29475723,0.39370080,-6.77165400
0.29516523,0.78740160,-6.45669300
0.29557323,0.39370080,-6.06299200
0.29598123,0.39370080,-5.59055100
0.29638923,0.39370080,-5.03937000
0.29679723,0.39370080,-4.56692900
0.29720523,0.78740160,-3.85826800
0.29761323,0.39370080,-3.22834600
0.29802123,0.78740160,-2.59842500
0.29842923,0.00000000,-1.81102400
0.29883723,0.78740160,-1.10236200
0.29924523,0.39370080,-0.31496060
0.29965323,0.39370080,0.39370080
0.30006123,0.39370080,1.10236200
0.30046923,0.39370080,1.81102400
0.30087723,0.39370080,2.51968500
0.30128523,0.39370080,3.22834600
0.30169323,0.00000000,3.85826800
0.30210123,0.78740160,4.48818900
0.30250923,0.39370080,5.03937000
0.30291723,0.39370080,5.51181100
0.30332523,0.39370080,6.06299200
0.30373323,0.39370080,6.37795300
0.30414123,0.39370080,6.69291400
0.30454923,0.78740160,6.92913400
0.30495723,0.39370080,7.08661400
0.30536523,0.39370080,7.24409400
0.30577323,0.78740160,7.24409400
0.30618123,0.39370080,7.16535400
0.30658923,0.39370080,7.08661400
0.30699723,0.39370080,6.85039400
0.30740523,0.39370080,6.61417300
0.30781323,0.78740160,6.22047200
0.30822123,0.39370080,5.82677200
0.30862923,0.39370080,5.35433100
0.30903723,0.39370080,4.80315000
0.30944523,0.39370080,4.25196800
0.30985323,0.39370080,3.54330700
0.31026123,0.39370080,2.91338600
0.31066923,0.00000000,2.20472400
0.31107723,0.78740160,1.49606300
0.31148523,0.39370080,0.70866140
0.31189323,0.39370080,0.00000000
0.31230123,0.39370080,-0.70866140
0.31270923,0.00000000,-1.41732300
0.31311723,0.39370080,-2.12598400
0.31352523,0.78740160,-2.91338600
0.31393323,0.39370080,-3.54330700
0.31434123,0.39370080,-4.17322800
0.31474923,0.39370080,-4.72441000
0.31515723,0.39370080,-5.35433100
0.31556523,0.78740160,-5.74803200
0.31597323,0.39370080,-6.22047200
0.31638123,0.78740160,-6.61417300
0.31678923,0.78740160,-6.85039400
0.31719723,0.39370080,-7.08661400
0.31760523,0.39370080,-7.24409400
0.31801323,0.39370080,-7.24409400
0.31842123,0.39370080,-7.32283400
0.31882923,0.78740160,-7.24409400
0.31923723,0.39370080,-7.08661400
0.31964523,0.39370080,-6.85039400
0.32005323,0.39370080,-6.53543300
0.32046123,0.78740160,-6.14173200
0.32086923,0.78740160,-5.74803200
0.32127723,0.78740160,-5.19685000
0.32168523,0.78740160,-4.64566900
0.32209323,0.39370080,-4.09448800
0.32250123,0.39370080,-3.38582700
0.32290923,0.39370080,-2.75590500
0.32331723,0.39370080,-2.04724400
0.32372523,0.78740160,-1.33858300
0.32413323,0.39370080,-0.62992130
0.32454123,0.78740160,0.15748030
0.32494923,0.39370080,0.86614170
0.32535723,0.39370080,1.65354300
0.32576523,0.39370080,2.36220500
0.32617323,0.39370080,3.07086600
0.32658123,0.78740160,3.70078700
0.32698923,0.78740160,4.33070900
0.32739723,0.78740160,4.88189000
0.32780523,0.39370080,5.43307100
0.32821323,0.78740160,5.90551200
0.32862123,0.39370080,6.29921200
0.32902923,0.39370080,6.61417300
0.32943723,0.39370080,6.92913400
0.32984523,0.39370080,7.08661400
0.33025323,0.39370080,7.16535400
0.33066123,0.78740160,7.24409400
0.33106923,0.39370080,7.16535400
0.33147723,0.39370080,7.08661400
0.33188523,0.39370080,6.92913400
0.33229323,0.39370080,6.61417300
0.33270123,0.78740160,6.29921200
0.33310923,0.78740160,5.98425200
0.33351723,0.78740160,5.51181100
0.33392523,0.39370080,4.96063000
0.33433323,0.00000000,4.40944900
0.33474123,0.39370080,3.77952800
0.33514923,0.39370080,3.07086600
0.33555723,0.39370080,2.44094500
0.33596523,0.78740160,1.73228300
0.33637323,0.39370080,0.94488190
0.33678123,0.39370080,0.23622050
0.33718923,0.39370080,-0.47244100
0.33759723,0.00000000,-1.25984300
0.33800523,0.39370080,-1.96850400
0.33841323,0.78740160,-2.67716500
0.33882123,0.39370080,-3.38582700
0.33922923,0.78740160,-4.01574800
0.33963723,0.39370080,-4.56692900
0.34004523,0.00000000,-5.11811000
0.34045323,0.39370080,-5.66929100
0.34086123,0.78740160,-6.14173200
0.34126923,0.39370080,-6.53543300
0.34167723,0.39370080,-6.77165400
0.34208523,0.78740160,-7.00787400
0.34249323,0.78740160,-7.16535400
0.34290123,0.00000000,-7.32283400
0.34330923,0.39370080,-7.32283400
0.34371723,0.78740160,-7.24409400
0.34412523,0.78740160,-7.08661400
0.34453323,0.00000000,-6.85039400
0.34494123,0.39370080,-6.61417300
0.34534923,0.78740160,-6.29921200
0.34575723,0.00000000,-5.82677200
0.34616523,0.39370080,-5.35433100
0.34657323,0.39370080,-4.80315000
0.34698123,0.39370080,-4.25196800
0.34738923,0.39370080,-3.62204700
0.34779723,0.78740160,-2.91338600
0.34820523,0.39370080,-2.20472400
0.34861323,0.39370080,-1.49606300
0.34902123,0.39370080,-0.78740160
0.34942923,0.39370080,-0.07874016
0.34983723,0.39370080,0.70866140
0.35024523,0.39370080,1.41732300
0.35065323,0.39370080,2.20472400
0.35106123,0.39370080,2.83464600
0.35146923,0.39370080,3.54330700
0.35187723,0.78740160,4.17322800
0.35228523,0.39370080,4.72441000
0.35269323,0.39370080,5.27559000
0.35310123,0.39370080,5.74803200
0.35350923,0.39370080,6.14173200
0.35391723,0.39370080,6.53543300
0.35432523,0.39370080,6.77165400
0.35473323,0.39370080,7.00787400
0.35514123,0.39370080,7.16535400
0.35554923,0.39370080,7.24409400
0.35595723,0.39370080,7.24409400
0.35636523,0.78740160,7.16535400
0.35677323,0.39370080,7.00787400
0.35718123,0.78740160,6.69291400
0.35758923,0.39370080,6.45669300
0.35799723,0.39370080,6.06299200
0.35840523,0.78740160,5.59055100
0.35881323,0.39370080,5.11811000
0.35922123,0.39370080,4.56692900
0.35962923,0.78740160,3.93700800
0.36003723,0.39370080,3.30708700
0.36044523,0.00000000,2.59842500
0.36085323,0.00000000,1.88976400
0.36126123,0.39370080,1.18110200
0.36166923,0.78740160,0.47244100
0.36207723,0.39370080,-0.31496060
0.36248523,0.00000000,-1.02362200
0.36289323,0.39370080,-1.73228300
0.36330123,0.78740160,-2.51968500
0.36370923,0.39370080,-3.14960600
0.36411723,0.39370080,-3.85826800
0.36452523,0.39370080,-4.48818900
0.36493323,0.39370080,-5.03937000
0.36534123,0.39370080,-5.51181100
0.36574923,0.39370080,-5.98425200
0.36615723,0.39370080,-6.37795300
0.36656523,0.00000000,-6.77165400
0.36697323,0.39370080,-7.00787400
0.36738123,0.78740160,-7.16535400
0.36778923,0.78740160,-7.24409400
0.36819723,0.39370080,-7.32283400
0.36860523,0.39370080,-7.24409400
0.36901323,0.39370080,-7.16535400
0.36942123,0.78740160,-6.92913400
0.36982923,0.39370080,-6.69291400
0.37023723,0.39370080,-6.37795300
0.37064523,0.39370080,-5.98425200
0.37105323,0.39370080,-5.51181100
0.37146123,0.39370080,-4.96063000
0.37186923,0.39370080,-4.40944900
0.37227723,0.39370080,-3.77952800
0.37268523,0.39370080,-3.14960600
0.37309323,0.39370080,-2.44094500
0.37350123,0.78740160,-1.73228300
0.37390923,0.39370080,-0.94488190
0.37431723,0.78740160,-0.23622050
0.37472523,0.39370080,0.47244100
0.37513323,0.39370080,1.25984300
0.37554123,0.78740160,1.96850400
0.37594923,0.00000000,2.67716500
0.37635723,0.39370080,3.38582700
0.37676523,0.39370080,3.93700800
0.37717323,0.39370080,4.56692900
0.37758123,0.39370080,5.19685000
0.37798923,0.39370080,5.66929100
0.37839723,0.78740160,6.06299200
0.37880523,0.78740160,6.45669300
0.37921323,0.39370080,6.77165400
0.37962123,0.39370080,7.00787400
0.38002923,0.78740160,7.16535400
0.38043723,0.39370080,7.24409400
0.38084523,0.39370080,7.24409400
0.38125323,0.78740160,7.16535400
0.38166123,0.39370080,7.00787400
0.38206923,0.39370080,6.77165400
0.38247723,0.39370080,6.53543300
0.38288523,0.39370080,6.14173200
0.38329323,0.78740160,5.74803200
0.38370123,0.78740160,5.19685000
0.38410923,0.39370080,4.64566900
0.38451723,0.39370080,4.09448800
0.38492523,0.39370080,3.46456700
0.38533323,0.39370080,2.83464600
0.38574123,0.78740160,2.12598400
0.38614923,0.78740160,1.33858300
0.38655723,0.39370080,0.62992130
0.38696523,0.39370080,-0.07874016
0.38737323,0.39370080,-0.86614170
0.38778123,0.78740160,-1.57480300
0.38818923,0.39370080,-2.28346500
0.38859723,0.39370080,-2.99212600
0.38900523,0.78740160,-3.62204700
0.38941323,0.78740160,-4.25196800
0.38982123,0.78740160,-4.88189000
0.39022923,0.39370080,-5.35433100
0.39063723,0.39370080,-5.82677200
0.39104523,0.78740160,-6.29921200
0.39145323,0.39370080,-6.61417300
0.39186123,0.39370080,-6.92913400
0.39226923,0.39370080,-7.08661400
0.39267723,0.39370080,-7.24409400
0.39308523,0.39370080,-7.32283400
0.39349323,0.78740160,-7.24409400
0.39390123,0.39370080,-7.16535400
0.39430923,0.78740160,-7.00787400
0.39471723,0.39370080,-6.77165400
0.39512523,0.39370080,-6.45669300
0.39553323,0.39370080,-6.06299200
0.39594123,0.78740160,-5.66929100
0.39634923,0.39370080,-5.11811000
0.39675723,0.78740160,-4.56692900
0.39716523,0.39370080,-3.93700800
0.39757323,0.78740160,-3.30708700
0.39798123,0.78740160,-2.59842500
0.39838923,0.39370080,-1.96850400
0.39879723,0.39370080,-1.18110200
0.39920523,0.39370080,-0.47244100
0.39961323,0.39370080,0.31496060
0.40002123,0.78740160,1.02362200
0.40042923,0.39370080,1.73228300
0.40083723,0.00000000,2.44094500
0.40124523,0.39370080,3.14960600
0.40165323,0.39370080,3.77952800
0.40206123,0.39370080,4.40944900
0.40246923,0.39370080,4.96063000
0.40287723,0.78740160,5.51181100
0.40328523,0.39370080,5.90551200
0.40369323,0.78740160,6.29921200
0.40410123,0.39370080,6.69291400
0.40450923,0.78740160,6.92913400
0.40491723,0.78740160,7.08661400
0.40532523,0.39370080,7.16535400
0.40573323,0.39370080,7.24409400
0.40614123,0.39370080,7.16535400
0.40654923,0.78740160,7.08661400
0.40695723,0.39370080,6.85039400
0.40736523,0.39370080,6.61417300
0.40777323,0.39370080,6.22047200
0.40818123,0.39370080,5.82677200
0.40858923,0.39370080,5.35433100
0.40899723,0.78740160,4.88189000
0.40940523,0.39370080,4.33070900
0.40981323,0.78740160,3.62204700
0.41022123,0.39370080,2.99212600
0.41062923,0.78740160,2.28346500
0.41103723,0.39370080,1.57480300
0.41144523,0.39370080,0.86614170
0.41185323,0.39370080,0.15748030
0.41226123,0.78740160,-0.62992130
0.41266923,0.39370080,-1.33858300
0.41307723,0.39370080,-2.04724400
0.41348523,0.39370080,-2.83464600
0.41389323,0.78740160,-3.46456700
0.41430123,0.78740160,-4.09448800
0.41470923,0.39370080,-4.72441000
0.41511723,0.39370080,-5.27559000
0.41552523,0.78740160,-5.74803200
0.41593323,0.78740160,-6.14173200
0.41634123,0.39370080,-6.53543300
0.41674923,0.39370080,-6.85039400
0.41715723,0.39370080,-7.08661400
0.41756523,0.39370080,-7.24409400
0.41797323,0.39370080,-7.32283400
0.41838123,0.39370080,-7.32283400
0.41878923,0.39370080,-7.24409400
0.41919723,0.39370080,-7.08661400
0.41960523,0.39370080,-6.85039400
0.42001323,0.78740160,-6.53543300
0.42042123,0.39370080,-6.22047200
0.42082923,0.39370080,-5.74803200
0.42123723,0.39370080,-5.27559000
0.42164523,0.39370080,-4.72441000
0.42205323,0.39370080,-4.09448800
0.42246123,0.39370080,-3.46456700
0.42286923,0.39370080,-2.83464600
0.42327723,0.39370080,-2.12598400
0.42368523,0.78740160,-1.41732300
0.42409323,0.78740160,-0.62992130
0.42450123,0.39370080,0.07874016
0.42490923,0.78740160,0.86614170
0.42531723,0.39370080,1.57480300
0.42572523,0.39370080,2.28346500
0.42613323,0.39370080,2.99212600
0.42654123,0.78740160,3.62204700
0.42694923,0.39370080,4.25196800
0.42735723,0.78740160,4.80315000
0.42776523,0.78740160,5.35433100
0.42817323,0.39370080,5.82677200
0.42858123,0.39370080,6.22047200
0.42898923,0.39370080,6.53543300
0.42939723,0.39370080,6.85039400
0.42980523,0.39370080,7.08661400
0.43021323,0.39370080,7.24409400
0.43062123,0.78740160,7.24409400
0.43102923,0.39370080,7.24409400
0.43143723,0.39370080,7.16535400
0.43184523,0.39370080,6.92913400
0.43225323,0.39370080,6.69291400
0.43266123,0.39370080,6.37795300
0.43306923,0.39370080,5.98425200
0.43347723,0.39370080,5.51181100
0.43388523,0.39370080,5.03937000
0.43429323,0.39370080,4.40944900
0.43470123,0.39370080,3.85826800
0.43510923,0.39370080,3.22834600
0.43551723,0.00000000,2.51968500
0.43592523,0.39370080,1.81102400
0.43633323,0.78740160,1.02362200
0.43674123,0.39370080,0.23622050
0.43714923,0.39370080,-0.39370080
0.43755723,0.39370080,-1.18110200
0.43796523,0.39370080,-1.88976400
0.43837323,0.78740160,-2.59842500
0.43878123,0.39370080,-3.30708700
0.43918923,0.39370080,-3.93700800
0.43959723,0.39370080,-4.56692900
0.44000523,0.39370080,-5.11811000
0.44041323,0.39370080,-5.59055100
0.44082123,0.39370080,-6.06299200
0.44122923,0.39370080,-6.45669300
0.44163723,0.39370080,-6.77165400
0.44204523,0.78740160,-7.00787400
0.44245323,0.39370080,-7.16535400
0.44286123,0.39370080,-7.24409400
0.44326923,0.39370080,-7.32283400
0.44367723,0.39370080,-7.24409400
0.44408523,0.78740160,-7.08661400
0.44449323,0.39370080,-6.92913400
0.44490123,0.39370080,-6.69291400
0.44530923,0.39370080,-6.29921200
0.44571723,0.39370080,-5.90551200
0.44612523,0.00000000,-5.35433100
0.44653323,0.78740160,-4.88189000
0.44694123,0.39370080,-4.33070900
0.44734923,0.39370080,-3.62204700
0.44775723,0.39370080,-2.99212600
0.44816523,0.39370080,-2.28346500
0.44857323,0.78740160,-1.57480300
0.44898123,0.39370080,-0.86614170
0.44938923,0.39370080,-0.07874016
0.44979723,0.39370080,0.62992130
0.45020523,0.39370080,1.41732300
0.45061323,0.39370080,2.04724400
0.45102123,0.00000000,2.75590500
0.45142923,0.39370080,3.46456700
0.45183723,0.39370080,4.09448800
0.45224523,0.39370080,4.64566900
0.45265323,0.00000000,5.19685000
0.45306123,0.78740160,5.74803200
0.45346923,0.78740160,6.14173200
0.45387723,0.39370080,6.53543300
0.45428523,0.39370080,6.77165400
0.45469323,0.39370080,7.00787400
0.45510123,0.39370080,7.16535400
0.45550923,0.78740160,7.24409400
0.45591723,0.39370080,7.24409400
0.45632523,0.39370080,7.16535400
0.45673323,0.39370080,7.00787400
0.45714123,0.39370080,6.77165400
0.45754923,0.39370080,6.45669300
0.45795723,0.39370080,6.06299200
0.45836523,0.39370080,5.66929100
0.45877323,0.39370080,5.11811000
0.45918123,0.39370080,4.56692900
0.45958923,0.39370080,4.01574800
0.45999723,0.00000000,3.30708700
0.46040523,0.39370080,2.67716500
0.46081323,0.78740160,1.96850400
0.46122123,0.00000000,1.25984300
0.46162923,0.39370080,0.55118110
0.46203723,0.39370080,-0.23622050
0.46244523,0.39370080,-0.94488190
0.46285323,0.39370080,-1.73228300
0.46326123,0.39370080,-2.44094500
0.46366923,0.39370080,-3.07086600
0.46407723,0.39370080,-3.77952800
0.46448523,0.78740160,-4.40944900
0.46489323,0.39370080,-4.96063000
0.46530123,0.39370080,-5.51181100
0.46570923,0.39370080,-5.98425200
0.46611723,0.78740160,-6.37795300
0.46652522,0.00000000,-6.69291400
0.46693322,0.39370080,-7.00787400
0.46734122,0.39370080,-7.16535400
0.46774922,0.39370080,-7.24409400
0.46815722,0.39370080,-7.24409400
0.46856522,0.39370080,-7.24409400
0.46897322,0.78740160,-7.16535400
0.46938122,0.39370080,-6.92913400
0.46978922,0.39370080,-6.69291400
0.47019722,0.78740160,-6.37795300
0.47060522,0.78740160,-5.98425200
0.47101322,0.39370080,-5.51181100
0.47142122,0.39370080,-5.03937000
0.47182922,0.78740160,-4.48818900
0.47223722,0.39370080,-3.85826800
0.47264522,0.39370080,-3.14960600
0.47305322,0.78740160,-2.51968500
0.47346122,0.39370080,-1.73228300
0.47386922,0.39370080,-1.02362200
0.47427722,0.78740160,-0.31496060
0.47468522,0.39370080,0.39370080
0.47509322,0.78740160,1.18110200
0.47550122,0.78740160,1.88976400
0.47590922,0.78740160,2.59842500
0.47631722,0.78740160,3.30708700
0.47672522,0.78740160,3.93700800
0.47713322,0.39370080,4.48818900
0.47754122,0.78740160,5.11811000
0.47794922,0.39370080,5.59055100
0.47835722,0.39370080,5.98425200
0.47876522,0.39370080,6.45669300
0.47917322,0.39370080,6.69291400
0.47958122,0.39370080,6.92913400
0.47998922,0.39370080,7.08661400
0.48039722,0.39370080,7.24409400
0.48080522,0.78740160,7.24409400
0.48121322,0.39370080,7.16535400
0.48162122,0.39370080,7.08661400
0.48202922,0.39370080,6.77165400
0.48243722,0.39370080,6.53543300
0.48284522,0.39370080,6.14173200
0.48325322,0.39370080,5.74803200
0.48366122,0.39370080,5.27559000
0.48406922,0.39370080,4.72441000
0.48447722,0.78740160,4.17322800
0.48488522,0.39370080,3.54330700
0.48529322,0.39370080,2.83464600
0.48570122,0.78740160,2.12598400
0.48610922,0.39370080,1.41732300
0.48651722,0.39370080,0.70866140
0.48692522,0.00000000,0.00000000
0.48733322,0.39370080,-0.78740160
0.48774122,0.78740160,-1.49606300
0.48814922,0.39370080,-2.20472400
0.48855722,0.39370080,-2.91338600
0.48896522,0.78740160,-3.62204700
0.48937322,0.00000000,-4.17322800
0.48978122,0.39370080,-4.80315000
0.49018922,0.39370080,-5.35433100
0.49059722,0.39370080,-5.82677200
0.49100522,0.39370080,-6.22047200
0.49141322,0.39370080,-6.61417300
0.49182122,0.39370080,-6.85039400
0.49222922,0.39370080,-7.08661400
0.49263722,0.39370080,-7.24409400
0.49304522,0.00000000,-7.32283400
0.49345322,0.00000000,-7.32283400
0.49386122,0.39370080,-7.24409400
0.49426922,0.00000000,-7.08661400
0.49467722,0.78740160,-6.77165400
0.49508522,0.39370080,-6.45669300
0.49549322,0.39370080,-6.14173200
0.49590122,0.39370080,-5.66929100
0.49630922,0.00000000,-5.19685000
0.49671722,0.39370080,-4.64566900
0.49712522,0.39370080,-4.01574800
0.49753322,0.78740160,-3.38582700
0.49794122,0.78740160,-2.67716500
0.49834922,0.39370080,-1.96850400
0.49875722,0.39370080,-1.25984300
0.49916522,0.78740160,-0.47244100
0.49957322,0.39370080,0.23622050
0.49998122,0.39370080,0.94488190
0.50038922,0.78740160,1.65354300
0.50079722,0.39370080,2.36220500
0.50120522,0.78740160,3.07086600
0.50161322,0.39370080,3.70078700
0.50202122,0.78740160,4.33070900
0.50242922,0.78740160,4.96063000
0.50283722,0.78740160,5.43307100
0.50324522,0.39370080,5.90551200
0.50365322,0.39370080,6.29921200
0.50406122,0.39370080,6.61417300
0.50446922,0.78740160,6.85039400
0.50487722,0.39370080,7.08661400
0.50528522,0.39370080,7.16535400
0.50569322,0.39370080,7.24409400
0.50610122,0.39370080,7.16535400
0.50650922,0.39370080,7.08661400
0.50691722,0.39370080,6.85039400
0.50732522,0.39370080,6.61417300
0.50773322,0.39370080,6.29921200
0.50814122,0.78740160,5.90551200
0.50854922,0.39370080,5.43307100
0.50895722,0.39370080,4.88189000
0.50936522,0.39370080,4.33070900
0.50977322,0.39370080,3.70078700
0.51018122,0.00000000,3.07086600
0.51058922,0.39370080,2.36220500
0.51099722,0.39370080,1.65354300
0.51140522,0.39370080,0.94488190
0.51181322,0.39370080,0.15748030
0.51222122,0.39370080,-0.55118110
0.51262922,0.39370080,-1.33858300
0.51303722,0.39370080,-1.96850400
0.51344522,0.39370080,-2.75590500
0.51385322,0.78740160,-3.38582700
0.51426122,0.78740160,-4.09448800
0.51466922,0.39370080,-4.64566900
0.51507722,0.39370080,-5.19685000
0.51548522,0.39370080,-5.74803200
0.51589322,0.39370080,-6.14173200
0.51630122,0.00000000,-6.53543300
0.51670922,0.78740160,-6.77165400
0.51711722,0.39370080,-7.00787400
0.51752522,0.39370080,-7.24409400
0.51793322,0.00000000,-7.24409400
0.51834122,0.78740160,-7.32283400
0.51874922,0.78740160,-7.24409400
0.51915722,0.78740160,-7.16535400
0.51956522,0.39370080,-6.85039400
0.51997322,0.39370080,-6.61417300
0.52038122,0.39370080,-6.22047200
0.52078922,0.39370080,-5.82677200
0.52119722,0.78740160,-5.27559000
0.52160522,0.39370080,-4.80315000
0.52201322,0.39370080,-4.17322800
0.52242122,0.39370080,-3.54330700
0.52282922,0.39370080,-2.83464600
0.52323722,0.39370080,-2.20472400
0.52364522,0.39370080,-1.49606300
0.52405322,0.39370080,-0.70866140
0.52446122,0.39370080,0.00000000
0.52486922,0.78740160,0.70866140
0.52527722,0.78740160,1.49606300
0.52568522,0.39370080,2.20472400
0.52609322,0.78740160,2.91338600
0.52650122,0.39370080,3.54330700
0.52690922,0.78740160,4.25196800
0.52731722,0.78740160,4.80315000
0.52772522,0.78740160,5.35433100
0.52813322,0.39370080,5.82677200
0.52854122,0.39370080,6.22047200
0.52894922,0.39370080,6.61417300
0.52935722,0.78740160,6.85039400
0.52976522,0.39370080,7.08661400
0.53017322,0.39370080,7.16535400
0.53058122,0.39370080,7.24409400
0.53098922,0.39370080,7.24409400
0.53139722,0.78740160,7.08661400
0.53180522,0.78740160,6.92913400
0.53221322,0.39370080,6.69291400
0.53262122,0.39370080,6.37795300
0.53302922,0.78740160,5.98425200
0.53343722,0.78740160,5.59055100
0.53384522,0.39370080,5.03937000
0.53425322,0.39370080,4.48818900
0.53466122,0.39370080,3.85826800
0.53506922,0.00000000,3.22834600
0.53547722,0.39370080,2.51968500
0.53588522,0.78740160,1.81102400
0.53629322,0.78740160,1.10236200
0.53670122,0.00000000,0.39370080
0.53710922,0.39370080,-0.31496060
0.53751722,0.00000000,-1.10236200
0.53792522,0.39370080,-1.81102400
0.53833322,0.00000000,-2.51968500
0.53874122,0.78740160,-3.22834600
0.53914922,0.39370080,-3.85826800
0.53955722,0.00000000,-4.48818900
0.53996522,0.39370080,-5.03937000
0.54037322,0.39370080,-5.59055100
0.54078122,0.39370080,-6.06299200
0.54118922,0.39370080,-6.37795300
0.54159722,0.39370080,-6.77165400
0.54200522,0.00000000,-7.00787400
0.54241322,0.39370080,-7.16535400
0.54282122,0.78740160,-7.24409400
0.54322922,0.78740160,-7.32283400
0.54363722,0.78740160,-7.24409400
0.54404522,0.39370080,-7.16535400
0.54445322,0.39370080,-6.92913400
0.54486122,0.39370080,-6.61417300
0.54526922,0.39370080,-6.29921200
0.54567722,0.39370080,-5.90551200
0.54608522,0.78740160,-5.43307100
0.54649322,0.39370080,-4.96063000
0.54690122,0.39370080,-4.33070900
0.54730922,0.39370080,-3.70078700
0.54771722,0.39370080,-3.07086600
0.54812522,0.39370080,-2.36220500
0.54853322,0.39370080,-1.65354300
0.54894122,0.78740160,-0.86614170
0.54934922,0.78740160,-0.15748030
0.54975722,0.39370080,0.55118110
0.55016522,0.39370080,1.25984300
0.55057322,1.18110200,1.96850400
0.55098122,0.78740160,2.67716500
0.55138922,0.39370080,3.38582700
0.55179722,1.18110200,4.01574800
0.55220522,0.39370080,4.64566900
0.55261322,0.78740160,5.19685000
0.55302122,0.78740160,5.66929100
0.55342922,0.78740160,6.06299200
0.55383722,0.39370080,6.45669300
0.55424522,0.39370080,6.77165400
0.55465322,0.39370080,6.92913400
0.55506122,0.39370080,7.16535400
0.55546922,0.39370080,7.24409400
0.55587722,0.39370080,7.24409400
0.55628522,0.78740160,7.16535400
0.55669322,0.39370080,7.00787400
0.55710122,0.78740160,6.77165400
0.55750922,0.39370080,6.45669300
0.55791722,0.39370080,6.14173200
0.55832522,0.78740160,5.66929100
0.55873322,0.00000000,5.19685000
0.55914122,0.39370080,4.64566900
0.55954922,0.39370080,4.01574800
0.55995722,0.00000000,3.38582700
0.56036522,0.39370080,2.75590500
0.56077322,0.39370080,2.04724400
0.56118122,0.39370080,1.33858300
0.56158922,0.39370080,0.55118110
0.56199722,0.39370080,-0.15748030
0.56240522,0.39370080,-0.86614170
0.56281322,0.00000000,-1.57480300
0.56322122,0.39370080,-2.36220500
0.56362922,0.39370080,-3.07086600
0.56403722,0.39370080,-3.70078700
0.56444522,0.00000000,-4.33070900
0.56485322,0.39370080,-4.88189000
0.56526122,0.39370080,-5.43307100
0.56566922,0.78740160,-5.90551200
0.56607722,0.78740160,-6.29921200
0.56648522,0.39370080,-6.61417300
0.56689322,0.39370080,-6.92913400
0.56730122,0.00000000,-7.16535400
0.56770922,0.39370080,-7.24409400
0.56811722,0.39370080,-7.32283400
0.56852522,0.39370080,-7.24409400
0.56893322,0.39370080,-7.16535400
0.56934122,0.39370080,-7.00787400
0.56974922,0.39370080,-6.77165400
0.57015722,0.39370080,-6.45669300
0.57056522,1.18110200,-5.98425200
0.57097322,0.39370080,-5.59055100
0.57138122,0.78740160,-5.03937000
0.57178922,0.39370080,-4.48818900
0.57219722,0.78740160,-3.93700800
0.57260522,0.39370080,-3.22834600
0.57301322,0.39370080,-2.51968500
0.57342122,0.39370080,-1.81102400
0.57382922,0.78740160,-1.10236200
0.57423722,0.78740160,-0.39370080
0.57464522,0.39370080,0.39370080
0.57505322,0.39370080,1.10236200
0.57546122,0.78740160,1.81102400
0.57586922,0.39370080,2.51968500
0.57627722,0.78740160,3.22834600
0.57668522,0.78740160,3.85826800
0.57709322,0.39370080,4.48818900
0.57750122,0.39370080,5.03937000
0.57790922,0.78740160,5.51181100
0.57831722,0.78740160,5.98425200
0.57872522,0.78740160,6.37795300
0.57913322,0.39370080,6.69291400
0.57954122,0.78740160,6.92913400
0.57994922,0.39370080,7.08661400
0.58035722,0.78740160,7.16535400
0.58076522,0.78740160,7.24409400
0.58117322,0.39370080,7.16535400
0.58158122,0.39370080,7.00787400
0.58198922,0.39370080,6.85039400
0.58239722,0.39370080,6.61417300
0.58280522,0.78740160,6.22047200
0.58321322,0.00000000,5.82677200
0.58362122,0.39370080,5.35433100
0.58402922,0.39370080,4.80315000
0.58443722,0.39370080,4.25196800
0.58484522,0.00000000,3.62204700
0.58525322,0.39370080,2.91338600
0.58566122,0.39370080,2.20472400
0.58606922,0.39370080,1.49606300
0.58647722,0.39370080,0.78740160
0.58688522,0.00000000,0.00000000
0.58729322,0.39370080,-0.70866140
0.58770122,0.78740160,-1.41732300
0.58810922,0.39370080,-2.12598400
0.58851722,0.39370080,-2.83464600
0.58892522,0.39370080,-3.54330700
0.58933322,0.39370080,-4.17322800
0.58974122,0.39370080,-4.80315000
0.59014922,0.39370080,-5.27559000
0.59055722,0.39370080,-5.82677200
0.59096522,0.39370080,-6.22047200
0.59137322,0.00000000,-6.61417300
0.59178122,0.39370080,-6.85039400
0.59218922,0.39370080,-7.08661400
0.59259722,0.39370080,-7.24409400
0.59300522,0.78740160,-7.32283400
0.59341322,0.39370080,-7.32283400
0.59382122,0.39370080,-7.24409400
0.59422922,0.78740160,-7.08661400
0.59463722,0.39370080,-6.85039400
0.59504522,0.39370080,-6.53543300
0.59545322,0.78740160,-6.14173200
0.59586122,0.39370080,-5.74803200
0.59626922,0.78740160,-5.19685000
0.59667722,0.39370080,-4.64566900
0.59708522,0.78740160,-4.09448800
0.59749322,0.78740160,-3.38582700
0.59790122,0.78740160,-2.75590500
0.59830922,0.39370080,-2.04724400
0.59871722,0.39370080,-1.33858300
0.59912522,0.78740160,-0.55118110
0.59953322,0.39370080,0.15748030
0.59994122,0.78740160,0.86614170
0.60034922,0.78740160,1.65354300
0.60075722,0.78740160,2.36220500
0.60116522,0.39370080,3.07086600
0.60157322,0.78740160,3.70078700
0.60198122,0.39370080,4.33070900
0.60238922,0.39370080,4.88189000
0.60279722,0.39370080,5.35433100
0.60320522,0.78740160,5.82677200
0.60361322,0.39370080,6.29921200
0.60402122,0.39370080,6.61417300
0.60442922,0.39370080,6.85039400
0.60483722,0.39370080,7.08661400
0.60524522,0.39370080,7.24409400
0.60565322,0.78740160,7.24409400
0.60606122,0.39370080,7.16535400
0.60646922,0.78740160,7.08661400
0.60687722,0.78740160,6.85039400
0.60728522,0.39370080,6.61417300
0.60769322,0.39370080,6.29921200
0.60810122,0.39370080,5.90551200
0.60850922,0.39370080,5.43307100
0.60891722,0.78740160,4.96063000
0.60932522,0.00000000,4.33070900
0.60973322,0.39370080,3.77952800
0.61014122,0.00000000,3.14960600
0.61054922,0.39370080,2.44094500
0.61095722,0.39370080,1.73228300
0.61136522,0.39370080,1.02362200
0.61177322,0.39370080,0.23622050
0.61218122,0.39370080,-0.47244100
0.61258922,0.00000000,-1.25984300
0.61299722,0.00000000,-1.96850400
0.61340522,0.39370080,-2.67716500
0.61381322,0.00000000,-3.30708700
0.61422122,0.39370080,-4.01574800
0.61462922,0.00000000,-4.56692900
0.61503722,0.00000000,-5.11811000
0.61544522,0.78740160,-5.66929100
0.61585322,0.00000000,-6.06299200
0.61626122,0.00000000,-6.45669300
0.61666922,0.39370080,-6.77165400
0.61707722,0.39370080,-7.00787400
0.61748522,0.78740160,-7.16535400
0.61789322,0.39370080,-7.32283400
0.61830122,0.39370080,-7.24409400
0.61870922,0.39370080,-7.24409400
0.61911722,0.39370080,-7.08661400
0.61952522,0.39370080,-6.85039400
0.61993322,0.78740160,-6.61417300
0.62034122,0.39370080,-6.22047200
0.62074922,0.39370080,-5.82677200
0.62115722,0.78740160,-5.35433100
0.62156522,0.39370080,-4.80315000
0.62197322,0.78740160,-4.25196800
0.62238122,0.39370080,-3.62204700
0.62278922,0.78740160,-2.91338600
0.62319722,0.78740160,-2.20472400
0.62360522,0.39370080,-1.49606300
0.62401322,0.78740160,-0.78740160
0.62442122,0.39370080,-0.07874016
0.62482922,0.39370080,0.62992130
0.62523722,0.39370080,1.41732300
0.62564522,0.78740160,2.12598400
0.62605322,0.78740160,2.83464600
0.62646122,0.78740160,3.54330700
0.62686922,0.39370080,4.17322800
0.62727722,0.39370080,4.72441000
0.62768522,0.39370080,5.27559000
0.62809322,0.39370080,5.74803200
0.62850122,0.78740160,6.14173200
0.62890922,0.39370080,6.53543300
0.62931722,0.39370080,6.77165400
0.62972522,0.78740160,7.00787400
0.63013322,0.39370080,7.16535400
0.63054122,0.78740160,7.24409400
0.63094922,0.39370080,7.24409400
0.63135722,0.39370080,7.08661400
0.63176522,0.39370080,7.00787400
0.63217322,0.39370080,6.69291400
0.63258122,0.00000000,6.37795300
0.63298922,0.39370080,6.06299200
0.63339722,0.39370080,5.59055100
0.63380522,0.39370080,5.11811000
0.63421322,0.39370080,4.56692900
0.63462122,0.00000000,3.93700800
0.63502922,0.39370080,3.30708700
0.63543722,0.39370080,2.59842500
0.63584522,0.39370080,1.88976400
0.63625322,0.39370080,1.18110200
0.63666122,0.39370080,0.47244100
0.63706922,0.00000000,-0.23622050
0.63747722,0.39370080,-1.02362200
0.63788522,0.00000000,-1.73228300
0.63829322,0.39370080,-2.44094500
0.63870122,0.39370080,-3.14960600
0.63910922,0.00000000,-3.85826800
0.63951722,0.39370080,-4.40944900
0.63992522,0.39370080,-5.03937000
0.64033322,0.39370080,-5.51181100
0.64074122,0.39370080,-5.98425200
0.64114922,0.00000000,-6.37795300
0.64155722,0.39370080,-6.69291400
0.64196522,0.39370080,-6.92913400
0.64237322,0.00000000,-7.16535400
0.64278122,0.39370080,-7.24409400
0.64318921,0.39370080,-7.32283400
0.64359721,0.39370080,-7.24409400
0.64400521,0.39370080,-7.08661400
0.64441321,0.39370080,-6.92913400
0.64482121,0.39370080,-6.69291400
0.64522921,0.78740160,-6.37795300
0.64563721,0.39370080,-5.98425200
0.64604521,0.00000000,-5.51181100
0.64645321,0.39370080,-5.03937000
0.64686121,0.39370080,-4.40944900
0.64726921,0.78740160,-3.77952800
0.64767721,0.78740160,-3.14960600
0.64808521,0.78740160,-2.44094500
0.64849321,0.39370080,-1.73228300
0.64890121,0.39370080,-1.02362200
0.64930921,0.39370080,-0.23622050
0.64971721,0.78740160,0.47244100
0.65012521,0.78740160,1.18110200
0.65053321,0.39370080,1.96850400
0.65094121,0.78740160,2.67716500
0.65134921,1.18110200,3.30708700
0.65175721,0.78740160,3.93700800
0.65216521,0.78740160,4.56692900
0.65257321,0.39370080,5.11811000
0.65298121,0.78740160,5.59055100
0.65338921,0.78740160,6.06299200
0.65379721,0.39370080,6.45669300
0.65420521,0.39370080,6.77165400
0.65461321,0.39370080,7.00787400
0.65502121,0.39370080,7.16535400
0.65542921,0.39370080,7.24409400
0.65583721,0.39370080,7.24409400
0.65624521,0.39370080,7.16535400
0.65665321,0.39370080,7.00787400
0.65706121,0.00000000,6.77165400
0.65746921,0.39370080,6.53543300
0.65787721,0.39370080,6.14173200
0.65828521,0.39370080,5.74803200
0.65869321,0.00000000,5.19685000
0.65910121,0.00000000,4.64566900
0.65950921,0.39370080,4.09448800
0.65991721,0.39370080,3.46456700
0.66032521,0.39370080,2.83464600
0.66073321,0.39370080,2.12598400
0.66114121,0.39370080,1.41732300
0.66154921,0.00000000,0.62992130
0.66195721,0.00000000,-0.07874016
0.66236521,0.39370080,-0.78740160
0.66277321,0.00000000,-1.57480300
0.66318121,0.39370080,-2.28346500
0.66358921,0.00000000,-2.99212600
0.66399721,0.39370080,-3.62204700
0.66440521,0.39370080,-4.25196800
0.66481321,0.39370080,-4.88189000
0.66522121,0.00000000,-5.35433100
0.66562921,0.39370080,-5.82677200
0.66603721,0.39370080,-6.22047200
0.66644521,0.00000000,-6.61417300
0.66685321,0.39370080,-6.92913400
0.66726121,0.39370080,-7.08661400
0.66766921,0.39370080,-7.24409400
0.66807721,0.39370080,-7.24409400
0.66848521,0.78740160,-7.24409400
0.66889321,0.00000000,-7.16535400
0.66930121,0.39370080,-7.00787400
0.66970921,0.39370080,-6.77165400
0.67011721,0.39370080,-6.45669300
0.67052521,0.39370080,-6.06299200
0.67093321,0.39370080,-5.66929100
0.67134121,0.39370080,-5.11811000
0.67174921,0.78740160,-4.56692900
0.67215721,0.78740160,-3.93700800
0.67256521,0.39370080,-3.30708700
0.67297321,0.78740160,-2.59842500
0.67338121,0.39370080,-1.96850400
0.67378921,0.39370080,-1.18110200
0.67419721,0.39370080,-0.47244100
0.67460521,0.39370080,0.23622050
0.67501321,0.39370080,1.02362200
0.67542121,0.78740160,1.73228300
0.67582921,0.78740160,2.44094500
0.67623721,0.78740160,3.14960600
0.67664521,0.78740160,3.85826800
0.67705321,0.39370080,4.40944900
0.67746121,0.39370080,4.96063000
0.67786921,0.78740160,5.51181100
0.67827721,0.78740160,5.90551200
0.67868521,0.39370080,6.29921200
0.67909321,0.78740160,6.61417300
0.67950121,0.39370080,6.92913400
0.67990921,0.78740160,7.08661400
0.68031721,0.39370080,7.16535400
0.68072521,0.78740160,7.24409400
0.68113321,0.39370080,7.16535400
0.68154121,0.78740160,7.08661400
0.68194921,0.78740160,6.85039400
0.68235721,0.39370080,6.61417300
0.68276521,0.39370080,6.29921200
0.68317321,0.39370080,5.82677200
0.68358121,0.39370080,5.35433100
0.68398921,0.39370080,4.88189000
0.68439721,0.39370080,4.25196800
0.68480521,0.39370080,3.62204700
0.68521321,0.39370080,2.99212600
0.68562121,0.00000000,2.28346500
0.68602921,0.39370080,1.57480300
0.68643721,0.39370080,0.86614170
0.68684521,0.00000000,0.15748030
0.68725321,0.00000000,-0.62992130
0.68766121,0.00000000,-1.33858300
0.68806921,0.39370080,-2.04724400
0.68847721,0.39370080,-2.75590500
0.68888521,0.00000000,-3.46456700
0.68929321,0.39370080,-4.09448800
0.68970121,0.00000000,-4.72441000
0.69010921,0.39370080,-5.27559000
0.69051721,0.39370080,-5.74803200
0.69092521,0.39370080,-6.14173200
0.69133321,0.39370080,-6.53543300
0.69174121,0.39370080,-6.77165400
0.69214921,0.39370080,-7.08661400
0.69255721,0.00000000,-7.24409400
0.69296521,0.39370080,-7.32283400
0.69337321,0.39370080,-7.24409400
0.69378121,0.39370080,-7.24409400
0.69418921,0.39370080,-7.08661400
0.69459721,0.39370080,-6.85039400
0.69500521,0.78740160,-6.53543300
0.69541321,0.39370080,-6.14173200
0.69582121,0.39370080,-5.74803200
0.69622921,0.39370080,-5.27559000
0.69663721,0.39370080,-4.72441000
0.69704521,0.78740160,-4.09448800
0.69745321,0.39370080,-3.54330700
0.69786121,0.78740160,-2.83464600
0.69826921,0.78740160,-2.12598400
0.69867721,0.39370080,-1.41732300
0.69908521,0.78740160,-0.62992130
0.69949321,0.39370080,0.07874016
0.69990121,0.39370080,0.78740160
0.70030921,1.18110200,1.57480300
0.70071721,0.39370080,2.28346500
0.70112521,0.78740160,2.99212600
0.70153321,0.78740160,3.62204700
0.70194121,0.78740160,4.25196800
0.70234921,0.78740160,4.80315000
0.70275721,0.78740160,5.35433100
0.70316521,0.78740160,5.82677200
0.70357321,0.78740160,6.22047200
0.70398121,0.39370080,6.61417300
0.70438921,0.39370080,6.85039400
0.70479721,0.78740160,7.08661400
0.70520521,0.39370080,7.16535400
0.70561321,0.78740160,7.24409400
0.70602121,0.39370080,7.24409400
0.70642921,0.39370080,7.08661400
0.70683721,0.39370080,6.92913400
0.70724521,0.39370080,6.69291400
0.70765321,0.39370080,6.37795300
0.70806121,0.78740160,5.98425200
0.70846921,0.39370080,5.51181100
0.70887721,0.39370080,5.03937000
0.70928521,0.39370080,4.40944900
0.70969321,0.00000000,3.77952800
0.71010121,0.39370080,3.14960600
0.71050921,0.39370080,2.51968500
0.71091721,0.39370080,1.81102400
0.71132521,0.39370080,1.10236200
0.71173321,0.39370080,0.31496060
0.71214121,0.00000000,-0.47244100
0.71254921,0.00000000,-1.18110200
0.71295721,0.00000000,-1.88976400
0.71336521,0.39370080,-2.59842500
0.71377321,0.00000000,-3.30708700
0.71418121,0.39370080,-3.93700800
0.71458921,0.00000000,-4.56692900
0.71499721,0.39370080,-5.11811000
0.71540521,0.00000000,-5.59055100
0.71581321,0.39370080,-6.06299200
0.71622121,0.39370080,-6.45669300
0.71662921,0.39370080,-6.77165400
0.71703721,0.39370080,-7.00787400
0.71744521,0.39370080,-7.16535400
0.71785321,0.39370080,-7.24409400
0.71826121,0.00000000,-7.32283400
0.71866921,0.39370080,-7.24409400
0.71907721,0.39370080,-7.08661400
0.71948521,0.39370080,-6.92913400
0.71989321,0.39370080,-6.61417300
0.72030121,0.39370080,-6.29921200
0.72070921,0.78740160,-5.90551200
0.72111721,0.78740160,-5.43307100
0.72152521,0.39370080,-4.88189000
0.72193321,0.78740160,-4.25196800
0.72234121,0.78740160,-3.70078700
0.72274921,0.78740160,-2.99212600
0.72315721,0.78740160,-2.36220500
0.72356521,0.78740160,-1.57480300
0.72397321,0.78740160,-0.86614170
0.72438121,0.78740160,-0.15748030
0.72478921,0.78740160,0.62992130
0.72519721,0.78740160,1.33858300
0.72560521,0.78740160,2.04724400
0.72601321,0.39370080,2.75590500
0.72642121,0.78740160,3.46456700
0.72682921,0.78740160,4.09448800
0.72723721,1.18110200,4.64566900
0.72764521,0.78740160,5.19685000
0.72805321,0.78740160,5.66929100
0.72846121,0.39370080,6.14173200
0.72886921,0.78740160,6.45669300
0.72927721,0.78740160,6.77165400
0.72968521,0.78740160,7.00787400
0.73009321,0.78740160,7.16535400
0.73050121,0.78740160,7.24409400
0.73090921,0.78740160,7.24409400
0.73131721,0.39370080,7.08661400
0.73172521,1.18110200,7.00787400
0.73213321,0.39370080,6.77165400
0.73254121,0.39370080,6.45669300
0.73294921,0.39370080,6.06299200
0.73335721,0.39370080,5.66929100
0.73376521,0.39370080,5.11811000
0.73417321,0.39370080,4.56692900
0.73458121,0.00000000,4.01574800
0.73498921,0.39370080,3.38582700
0.73539721,0.39370080,2.67716500
0.73580521,0.00000000,1.96850400
0.73621321,0.00000000,1.25984300
0.73662121,0.39370080,0.55118110
0.73702921,0.00000000,-0.15748030
0.73743721,0.39370080,-0.94488190
0.73784521,0.00000000,-1.65354300
0.73825321,0.00000000,-2.44094500
0.73866121,0.39370080,-3.07086600
0.73906921,0.39370080,-3.77952800
0.73947721,0.00000000,-4.40944900
0.73988521,0.39370080,-4.96063000
0.74029321,0.00000000,-5.51181100
0.74070121,0.39370080,-5.90551200
0.74110921,0.39370080,-6.37795300
0.74151721,0.00000000,-6.69291400
0.74192521,0.39370080,-6.92913400
0.74233321,0.39370080,-7.16535400
0.74274121,0.39370080,-7.24409400
0.74314921,0.00000000,-7.32283400
0.74355721,0.00000000,-7.24409400
0.74396521,0.39370080,-7.16535400
0.74437321,0.39370080,-7.00787400
0.74478121,0.39370080,-6.77165400
0.74518921,0.39370080,-6.37795300
0.74559721,0.78740160,-5.98425200
0.74600521,0.78740160,-5.59055100
0.74641321,0.78740160,-5.03937000
0.74682121,0.39370080,-4.48818900
0.74722921,1.18110200,-3.85826800
0.74763721,0.78740160,-3.14960600
0.74804521,0.78740160,-2.51968500
0.74845321,0.78740160,-1.81102400
0.74886121,0.78740160,-1.02362200
0.74926921,0.78740160,-0.31496060
0.74967721,1.18110200,-0.15748030
0.75008521,0.39370080,-0.07874016
0.75049321,0.78740160,-0.07874016
0.75090121,1.18110200,-0.07874016
0.75130921,0.78740160,-0.07874016
0.75171721,1.18110200,-0.15748030
0.75212521,0.78740160,-0.15748030
0.75253321,0.78740160,-0.15748030
0.75294121,0.78740160,-0.15748030
0.75334921,0.78740160,-0.15748030
0.75375721,0.78740160,-0.15748030
0.75416521,0.78740160,-0.15748030
0.75457321,0.39370080,-0.15748030
0.75498121,0.78740160,-0.15748030
0.75538921,0.78740160,-0.15748030
0.75579721,0.78740160,-0.23622050
0.75620521,0.78740160,-0.23622050
0.75661321,0.39370080,-0.23622050
0.75702121,0.39370080,-0.23622050
0.75742921,0.39370080,-0.23622050
0.75783721,0.39370080,-0.15748030
0.75824521,0.78740160,-0.15748030
0.75865321,0.39370080,-0.15748030
0.75906121,0.00000000,-0.15748030
0.75946921,0.39370080,-0.15748030
0.75987721,0.00000000,-0.15748030
0.76028521,0.00000000,-0.15748030
0.76069321,0.39370080,-0.15748030
0.76110121,0.39370080,-0.15748030
0.76150921,0.39370080,-0.07874016
0.76191721,0.39370080,-0.07874016
0.76232521,0.39370080,-0.07874016
0.76273321,0.00000000,-0.07874016
0.76314121,0.39370080,0.00000000
0.76354921,0.00000000,-0.07874016
0.76395721,0.00000000,0.00000000
0.76436521,0.00000000,0.00000000
0.76477321,0.00000000,0.00000000
0.76518121,0.39370080,0.00000000
0.76558921,0.00000000,0.00000000
0.76599721,0.00000000,0.07874016
0.76640521,0.39370080,0.07874016
0.76681321,0.00000000,0.07874016
0.76722121,0.00000000,0.00000000
0.76762921,0.00000000,0.07874016
0.76803721,0.39370080,0.07874016
0.76844521,0.39370080,0.07874016
0.76885321,0.00000000,0.07874016
0.76926121,0.39370080,0.07874016
0.76966921,0.39370080,0.07874016
0.77007721,0.78740160,0.07874016
0.77048521,0.78740160,0.07874016
0.77089321,0.78740160,0.07874016
0.77130121,0.39370080,0.07874016
0.77170921,0.78740160,0.07874016
0.77211721,0.78740160,0.00000000
0.77252521,0.78740160,0.00000000
0.77293321,0.78740160,0.00000000
0.77334121,0.78740160,0.00000000
0.77374921,0.78740160,0.07874016
0.77415721,0.78740160,0.00000000
0.77456521,0.39370080,0.00000000
0.77497321,0.78740160,0.00000000
0.77538121,0.78740160,0.00000000
0.77578921,0.78740160,0.00000000
0.77619721,0.78740160,-0.07874016
0.77660521,1.18110200,-0.07874016
0.77701321,0.78740160,-0.07874016
0.77742121,0.78740160,-0.07874016
0.77782921,0.78740160,-0.07874016
0.77823721,0.78740160,-0.07874016
0.77864521,0.39370080,-0.07874016
0.77905321,0.78740160,-0.07874016
0.77946121,1.18110200,-0.15748030
0.77986921,0.39370080,-0.15748030
0.78027721,0.39370080,-0.15748030
0.78068521,0.78740160,-0.15748030
0.78109321,0.39370080,-0.15748030
0.78150121,0.39370080,-0.15748030
0.78190921,0.78740160,-0.15748030
0.78231721,0.39370080,-0.15748030
0.78272521,0.00000000,-0.15748030
0.78313321,0.00000000,-0.15748030
0.78354121,0.39370080,-0.15748030
0.78394921,0.39370080,-0.15748030
0.78435721,0.39370080,-0.15748030
0.78476521,0.00000000,-0.07874016
0.78517321,0.00000000,-0.15748030
0.78558121,0.00000000,-0.15748030
0.78598921,0.00000000,-0.15748030
0.78639721,0.00000000,-0.07874016
0.78680521,0.39370080,-0.07874016
0.78721321,0.39370080,-0.07874016
0.78762121,0.00000000,-0.07874016
0.78802921,0.00000000,-0.07874016
0.78843721,0.00000000,-0.07874016
0.78884521,0.00000000,0.00000000
0.78925321,0.39370080,0.00000000
0.78966121,0.00000000,0.00000000
0.79006921,0.00000000,0.00000000
0.79047721,0.00000000,0.00000000
0.79088521,0.00000000,0.00000000
0.79129321,0.00000000,0.00000000
0.79170121,0.00000000,0.00000000
0.79210921,0.00000000,0.07874016
0.79251721,0.39370080,0.07874016
0.79292521,0.00000000,0.07874016
0.79333321,0.39370080,0.07874016
0.79374121,0.39370080,0.07874016
0.79414921,0.39370080,0.07874016
0.79455721,0.39370080,0.07874016
0.79496521,0.39370080,0.07874016
0.79537321,0.39370080,0.07874016
0.79578121,0.39370080,0.07874016
0.79618921,0.78740160,0.07874016
0.79659721,0.78740160,0.07874016
0.79700521,0.78740160,0.07874016
0.79741321,0.39370080,0.07874016
0.79782121,0.78740160,0.07874016
0.79822921,0.78740160,0.00000000
0.79863721,0.78740160,0.00000000
0.79904521,0.78740160,0.00000000
0.79945321,0.39370080,0.00000000
0.79986121,1.18110200,0.00000000
0.80026921,0.78740160,0.00000000
0.80067721,0.78740160,0.00000000
0.80108521,1.18110200,0.00000000
0.80149321,0.78740160,-0.07874016
0.80190121,1.18110200,-0.07874016
0.80230921,0.78740160,-0.07874016
0.80271721,0.78740160,-0.07874016
0.80312521,0.78740160,-0.07874016
0.80353321,0.78740160,-0.07874016
0.80394121,0.78740160,-0.07874016
0.80434921,0.78740160,-0.07874016
0.80475721,0.78740160,-0.15748030
0.80516521,0.78740160,-0.15748030
0.80557321,0.78740160,-0.15748030
0.80598121,0.39370080,-0.15748030
0.80638921,0.78740160,-0.15748030
0.80679721,0.39370080,-0.15748030
0.80720521,0.39370080,-0.15748030
0.80761321,0.00000000,-0.15748030
0.80802121,0.78740160,-0.15748030
0.80842921,0.39370080,-0.15748030
0.80883721,0.78740160,-0.15748030
0.80924521,0.00000000,-0.15748030
0.80965321,0.39370080,-0.15748030
0.81006121,0.00000000,-0.07874016
0.81046921,0.39370080,-0.07874016
0.81087721,0.00000000,-0.07874016
0.81128521,0.00000000,-0.07874016
0.81169321,0.00000000,-0.07874016
0.81210121,0.00000000,-0.07874016
0.81250921,0.00000000,-0.07874016
0.81291721,0.00000000,-0.07874016
0.81332521,0.39370080,0.00000000
0.81373321,0.00000000,0.00000000
0.81414121,0.00000000,0.00000000
0.81454921,0.00000000,0.00000000
0.81495721,0.00000000,0.00000000
0.81536521,0.00000000,0.00000000
0.81577321,0.00000000,0.00000000
0.81618121,-0.39370080,0.00000000
0.81658921,0.00000000,0.00000000
0.81699721,0.00000000,0.07874016
0.81740521,0.39370080,0.07874016
0.81781321,0.39370080,0.07874016
0.81822121,0.00000000,0.07874016
0.81862921,0.39370080,0.07874016
0.81903721,0.39370080,0.07874016
0.81944521,0.39370080,0.07874016
0.81985320,0.39370080,0.07874016
0.82026120,0.39370080,0.07874016
0.82066920,0.78740160,0.07874016
0.82107720,0.39370080,0.07874016
0.82148520,0.78740160,0.00000000
0.82189320,0.78740160,0.00000000
0.82230120,0.78740160,0.00000000
0.82270920,0.78740160,0.00000000
0.82311720,0.78740160,0.00000000
0.82352520,1.18110200,0.00000000
0.82393320,0.39370080,0.00000000
0.82434120,1.18110200,0.00000000
0.82474920,0.78740160,0.00000000
0.82515720,0.78740160,0.00000000
0.82556520,0.78740160,0.00000000
0.82597320,0.78740160,-0.07874016
0.82638120,0.78740160,-0.07874016
0.82678920,0.78740160,-0.07874016
0.82719720,0.78740160,-0.07874016
0.82760520,0.78740160,-0.07874016
0.82801320,1.18110200,-0.07874016
0.82842120,1.18110200,-0.07874016
0.82882920,0.78740160,-0.07874016
0.82923720,1.18110200,-0.07874016
0.82964520,0.78740160,-0.07874016
0.83005320,0.78740160,-0.15748030
0.83046120,0.78740160,-0.07874016
0.83086920,0.78740160,-0.07874016
0.83127720,0.39370080,-0.07874016
0.83168520,0.39370080,-0.07874016
0.83209320,0.78740160,-0.07874016
0.83250120,0.39370080,-0.07874016
0.83290920,0.39370080,-0.07874016
0.83331720,0.78740160,-0.07874016
0.83372520,0.00000000,-0.07874016
0.83413320,0.78740160,-0.07874016
0.83454120,0.39370080,-0.07874016
0.83494920,0.00000000,-0.07874016
0.83535720,0.00000000,-0.07874016
0.83576520,0.00000000,-0.07874016
0.83617320,0.00000000,-0.07874016
0.83658120,0.00000000,-0.07874016
0.83698920,0.00000000,-0.07874016
0.83739720,0.00000000,-0.07874016
0.83780520,0.00000000,-0.07874016
0.83821320,0.00000000,-0.07874016
0.83862120,0.00000000,0.00000000
0.83902920,0.00000000,-0.07874016
0.83943720,0.00000000,0.00000000
0.83984520,0.00000000,0.00000000
0.84025320,0.00000000,0.00000000
0.84066120,-0.39370080,0.00000000
0.84106920,0.00000000,0.00000000
0.84147720,0.39370080,0.00000000
0.84188520,0.39370080,0.00000000
0.84229320,0.00000000,0.00000000
0.84270120,0.39370080,0.00000000
0.84310920,0.39370080,0.00000000
0.84351720,0.00000000,0.07874016
0.84392520,0.00000000,0.00000000
0.84433320,0.39370080,0.00000000
0.84474120,0.39370080,0.00000000
0.84514920,0.78740160,0.00000000
0.84555720,0.39370080,0.07874016
0.84596520,0.39370080,0.00000000
0.84637320,0.39370080,0.00000000
0.84678120,0.78740160,0.07874016
0.84718920,0.78740160,0.00000000
0.84759720,1.18110200,0.00000000
0.84800520,0.78740160,0.00000000
0.84841320,0.78740160,0.00000000
0.84882120,1.18110200,0.00000000
0.84922920,0.78740160,0.00000000
0.84963720,0.78740160,0.00000000
0.85004520,1.18110200,0.00000000
0.85045320,1.18110200,0.00000000
0.85086120,1.18110200,0.00000000
0.85126920,1.18110200,0.00000000
0.85167720,1.18110200,0.00000000
0.85208520,1.18110200,0.00000000
0.85249320,0.78740160,0.00000000
0.85290120,1.18110200,-0.07874016
0.85330920,0.39370080,-0.07874016
0.85371720,1.18110200,-0.07874016
0.85412520,0.78740160,-0.07874016
0.85453320,0.78740160,-0.07874016
0.85494120,0.78740160,-0.07874016
0.85534920,0.78740160,-0.07874016
0.85575720,0.78740160,-0.07874016
0.85616520,0.39370080,-0.07874016
0.85657320,0.39370080,-0.07874016
0.85698120,0.39370080,-0.07874016
0.85738920,0.39370080,-0.07874016
0.85779720,0.39370080,-0.07874016
0.85820520,0.39370080,-0.07874016
0.85861320,0.39370080,-0.07874016
0.85902120,0.00000000,-0.07874016
0.85942920,0.39370080,-0.15748030
0.85983720,0.00000000,-0.07874016
0.86024520,0.39370080,-0.07874016
0.86065320,0.39370080,-0.07874016
0.86106120,0.00000000,-0.07874016
0.86146920,0.00000000,-0.07874016
0.86187720,0.00000000,-0.07874016
0.86228520,0.00000000,-0.07874016
0.86269320,0.39370080,-0.07874016
0.86310120,0.00000000,-0.07874016
0.86350920,0.00000000,0.00000000
0.86391720,0.00000000,0.00000000
0.86432520,0.00000000,0.00000000
0.86473320,0.00000000,0.00000000
0.86514120,0.00000000,0.00000000
0.86554920,0.00000000,0.00000000
0.86595720,0.00000000,0.00000000
0.86636520,0.00000000,0.00000000
0.86677320,0.39370080,0.00000000
0.86718120,0.00000000,0.00000000
0.86758920,0.00000000,0.00000000
0.86799720,0.00000000,0.00000000
0.86840520,0.00000000,0.00000000
0.86881320,0.00000000,0.00000000
0.86922120,0.39370080,0.00000000
0.86962920,0.00000000,0.07874016
0.87003720,0.39370080,0.07874016
0.87044520,0.39370080,0.07874016
0.87085320,0.78740160,0.07874016
0.87126120,0.39370080,0.07874016
0.87166920,0.39370080,0.00000000
0.87207720,0.78740160,0.00000000
0.87248520,0.78740160,0.00000000
0.87289320,0.78740160,0.00000000
0.87330120,0.78740160,0.00000000
0.87370920,0.78740160,0.07874016
0.87411720,1.18110200,0.00000000
0.87452520,1.18110200,0.00000000
0.87493320,1.18110200,0.00000000
0.87534120,0.78740160,0.00000000
0.87574920,1.18110200,-0.07874016
0.87615720,0.78740160,0.00000000
0.87656520,1.18110200,-0.07874016
0.87697320,1.18110200,-0.07874016
0.87738120,0.78740160,0.00000000
0.87778920,1.18110200,-0.07874016
0.87819720,0.78740160,-0.07874016
0.87860520,1.18110200,-0.07874016
0.87901320,0.78740160,-0.07874016
0.87942120,0.78740160,-0.07874016
0.87982920,0.78740160,-0.07874016
0.88023720,0.78740160,-0.07874016
0.88064520,0.78740160,-0.07874016
0.88105320,0.78740160,-0.07874016
0.88146120,0.78740160,-0.07874016
0.88186920,0.39370080,-0.07874016
0.88227720,1.18110200,-0.07874016
0.88268520,0.39370080,-0.07874016
0.88309320,0.78740160,-0.07874016
0.88350120,0.39370080,-0.07874016
0.88390920,0.39370080,-0.07874016
0.88431720,0.39370080,-0.07874016
0.88472520,0.00000000,-0.07874016
0.88513320,0.00000000,-0.07874016
0.88554120,0.00000000,-0.07874016
0.88594920,0.00000000,-0.07874016
0.88635720,0.00000000,-0.07874016
0.88676520,0.00000000,-0.07874016
0.88717320,0.00000000,-0.07874016
0.88758120,0.00000000,-0.07874016
0.88798920,0.00000000,0.00000000
0.88839720,-0.39370080,0.00000000
0.88880520,-0.39370080,0.00000000
0.88921320,0.00000000,0.00000000
0.88962120,0.00000000,0.00000000
0.89002920,0.00000000,0.00000000
0.89043720,0.00000000,-0.07874016
0.89084520,0.00000000,0.00000000
0.89125320,0.00000000,0.00000000
0.89166120,0.00000000,0.00000000
0.89206920,0.00000000,0.00000000
0.89247720,0.00000000,0.00000000
0.89288520,0.39370080,0.00000000
0.89329320,0.00000000,0.00000000
0.89370120,0.39370080,0.00000000
0.89410920,0.00000000,0.00000000
0.89451720,0.39370080,0.00000000
0.89492520,0.78740160,0.00000000
0.89533320,0.78740160,0.00000000
0.89574120,0.78740160,0.00000000
0.89614920,0.39370080,0.00000000
0.89655720,0.78740160,0.00000000
0.89696520,0.78740160,0.00000000
0.89737320,0.78740160,0.00000000
0.89778120,0.78740160,0.00000000
0.89818920,0.78740160,0.00000000
0.89859720,1.18110200,0.00000000
0.89900520,0.78740160,0.00000000
0.89941320,1.18110200,0.00000000
0.89982120,0.78740160,0.00000000
0.90022920,1.18110200,0.00000000
0.90063720,0.78740160,0.00000000
0.90104520,0.78740160,0.00000000
0.90145320,1.18110200,0.00000000
0.90186120,1.18110200,-0.07874016
0.90226920,1.18110200,-0.07874016
0.90267720,1.18110200,-0.07874016
0.90308520,0.78740160,-0.07874016
0.90349320,0.78740160,-0.07874016
0.90390120,0.78740160,-0.07874016
0.90430920,1.18110200,-0.07874016
0.90471720,0.39370080,-0.07874016
0.90512520,0.78740160,-0.07874016
0.90553320,0.78740160,-0.07874016
0.90594120,0.39370080,-0.07874016
0.90634920,0.39370080,-0.07874016
0.90675720,0.78740160,-0.07874016
0.90716520,0.39370080,-0.07874016
0.90757320,0.39370080,-0.07874016
0.90798120,0.39370080,-0.07874016
0.90838920,0.39370080,-0.07874016
0.90879720,0.00000000,-0.07874016
0.90920520,0.39370080,-0.07874016
0.90961320,0.00000000,-0.07874016
0.91002120,0.00000000,-0.07874016
0.91042920,0.00000000,-0.07874016
0.91083720,0.00000000,-0.07874016
0.91124520,0.00000000,-0.07874016
0.91165320,0.00000000,-0.07874016
0.91206120,0.00000000,-0.07874016
0.91246920,0.00000000,0.00000000
0.91287720,0.00000000,0.00000000
0.91328520,0.39370080,-0.07874016
0.91369320,0.00000000,0.00000000
0.91410120,0.00000000,-0.07874016
0.91450920,0.00000000,0.00000000
0.91491720,0.00000000,-0.07874016
0.91532520,0.00000000,0.00000000
0.91573320,0.00000000,0.00000000
0.91614120,0.00000000,0.00000000
0.91654920,0.00000000,0.00000000
0.91695720,0.00000000,0.00000000
0.91736520,0.00000000,0.00000000
0.91777320,0.00000000,0.00000000
0.91818120,0.39370080,0.00000000
0.91858920,0.39370080,0.00000000
0.91899720,0.78740160,0.00000000
0.91940520,0.39370080,0.00000000
0.91981320,0.39370080,0.00000000
0.92022120,0.78740160,0.00000000
0.92062920,0.00000000,0.00000000
0.92103720,0.78740160,0.00000000
0.92144520,1.18110200,0.00000000
0.92185320,0.39370080,0.00000000
0.92226120,0.78740160,0.00000000
0.92266920,0.78740160,0.00000000
0.92307720,0.78740160,0.00000000
0.92348520,0.78740160,0.00000000
0.92389320,0.78740160,0.00000000
0.92430120,1.18110200,0.00000000
0.92470920,0.78740160,0.00000000
0.92511720,1.18110200,0.00000000
0.92552520,1.57480300,0.00000000
0.92593320,1.18110200,0.00000000
0.92634120,1.18110200,0.00000000
0.92674920,0.78740160,0.00000000
0.92715720,0.78740160,0.00000000
0.92756520,1.18110200,0.00000000
0.92797320,1.18110200,-0.07874016
0.92838120,1.18110200,-0.07874016
0.92878920,0.78740160,-0.07874016
0.92919720,0.78740160,-0.07874016
0.92960520,0.78740160,-0.07874016
0.93001320,1.18110200,-0.07874016
0.93042120,0.39370080,-0.07874016
0.93082920,0.78740160,-0.07874016
0.93123720,0.78740160,-0.07874016
0.93164520,0.39370080,-0.07874016
0.93205320,0.39370080,-0.07874016
0.93246120,0.78740160,-0.07874016
0.93286920,0.39370080,-0.07874016
0.93327720,0.00000000,-0.07874016
0.93368520,0.39370080,-0.07874016
0.93409320,0.00000000,-0.07874016
0.93450120,0.00000000,-0.07874016
0.93490920,0.00000000,-0.07874016
0.93531720,0.00000000,-0.07874016
0.93572520,0.00000000,-0.07874016
0.93613320,0.00000000,-0.07874016
0.93654120,0.00000000,-0.07874016
0.93694920,0.00000000,-0.07874016
0.93735720,0.00000000,-0.07874016
0.93776520,0.00000000,-0.07874016
0.93817320,0.00000000,-0.07874016
0.93858120,-0.39370080,-0.07874016
0.93898920,0.00000000,0.00000000
0.93939720,0.00000000,-0.07874016
0.93980520,0.00000000,0.00000000
0.94021320,0.00000000,-0.07874016
0.94062120,0.00000000,0.00000000
0.94102920,0.00000000,0.00000000
0.94143720,-0.39370080,0.00000000
0.94184520,0.00000000,0.00000000
0.94225320,0.00000000,0.00000000
0.94266120,0.39370080,0.00000000
0.94306920,0.39370080,0.00000000
0.94347720,0.39370080,0.00000000
0.94388520,0.00000000,0.00000000
0.94429320,0.39370080,0.00000000
0.94470120,0.39370080,0.00000000
0.94510920,0.00000000,0.00000000
0.94551720,0.78740160,0.00000000
0.94592520,0.78740160,0.00000000
0.94633320,0.78740160,0.00000000
0.94674120,0.78740160,0.00000000
0.94714920,0.39370080,0.00000000
0.94755720,1.18110200,0.00000000
0.94796520,0.78740160,0.00000000
0.94837320,0.78740160,0.00000000
0.94878120,1.18110200,0.00000000
0.94918920,1.18110200,0.00000000
0.94959720,1.18110200,0.00000000
0.95000520,1.57480300,0.00000000
0.95041320,1.18110200,0.00000000
0.95082120,1.18110200,-0.07874016
0.95122920,0.78740160,0.00000000
0.95163720,0.78740160,0.00000000
0.95204520,1.18110200,-0.07874016
0.95245320,1.18110200,0.00000000
0.95286120,1.18110200,-0.07874016
0.95326920,0.78740160,-0.07874016
0.95367720,0.78740160,-0.07874016
0.95408520,1.18110200,-0.07874016
0.95449320,0.78740160,-0.07874016
0.95490120,0.78740160,-0.07874016
0.95530920,0.78740160,-0.07874016
0.95571720,0.78740160,-0.07874016
0.95612520,1.18110200,-0.07874016
0.95653320,0.78740160,-0.07874016
0.95694120,0.00000000,-0.07874016
0.95734920,0.78740160,-0.07874016
0.95775720,0.39370080,-0.07874016
0.95816520,0.39370080,-0.07874016
0.95857320,0.00000000,-0.07874016
0.95898120,0.39370080,-0.07874016
0.95938920,0.00000000,-0.07874016
0.95979720,0.00000000,-0.07874016
0.96020520,0.39370080,-0.07874016
0.96061320,0.00000000,0.00000000
0.96102120,0.00000000,-0.07874016
0.96142920,0.00000000,-0.07874016
0.96183720,0.00000000,-0.07874016
0.96224520,-0.78740160,-0.07874016
0.96265320,0.00000000,0.00000000
0.96306120,-0.39370080,-0.07874016
0.96346920,-0.39370080,0.00000000
0.96387720,0.00000000,0.00000000
0.96428520,0.00000000,0.00000000
0.96469320,0.00000000,0.00000000
0.96510120,0.00000000,0.00000000
0.96550920,0.39370080,0.00000000
0.96591720,0.00000000,-0.07874016
0.96632520,0.00000000,0.00000000
0.96673320,0.00000000,0.00000000
0.96714120,0.00000000,0.00000000
0.96754920,0.00000000,0.00000000
0.96795720,0.39370080,0.00000000
0.96836520,0.39370080,0.00000000
0.96877320,0.39370080,0.00000000
0.96918120,0.78740160,0.00000000
0.96958920,0.78740160,0.00000000
0.96999720,0.78740160,0.00000000
0.97040520,0.39370080,0.00000000
0.97081320,0.39370080,0.00000000
0.97122120,0.78740160,0.00000000
0.97162920,0.78740160,0.00000000
0.97203720,0.78740160,0.00000000
0.97244520,0.78740160,0.00000000
0.97285320,0.78740160,0.00000000
0.97326120,0.78740160,0.00000000
0.97366920,0.78740160,0.00000000
0.97407720,1.18110200,0.00000000
0.97448520,1.18110200,-0.07874016
0.97489320,0.78740160,0.00000000
0.97530120,1.18110200,-0.07874016
0.97570920,1.57480300,0.00000000
0.97611720,1.18110200,-0.07874016
0.97652520,1.18110200,0.00000000
0.97693320,1.18110200,0.00000000
0.97734120,1.18110200,0.00000000
0.97774920,1.18110200,-0.07874016
0.97815720,0.78740160,0.00000000
0.97856520,1.18110200,-0.07874016
0.97897320,0.78740160,-0.07874016
0.97938120,0.78740160,-0.07874016
0.97978920,1.18110200,-0.07874016
0.98019720,0.39370080,-0.07874016
0.98060520,0.78740160,-0.07874016
0.98101320,0.78740160,0.00000000
0.98142120,0.78740160,-0.07874016
0.98182920,0.78740160,-0.07874016
0.98223720,0.39370080,-0.07874016
0.98264520,0.39370080,-0.07874016
0.98305320,0.39370080,-0.07874016
0.98346120,0.00000000,-0.07874016
0.98386920,0.39370080,-0.07874016
0.98427720,0.00000000,-0.07874016
0.98468520,0.39370080,-0.07874016
0.98509320,0.39370080,-0.07874016
0.98550120,0.00000000,0.00000000
0.98590920,0.00000000,-0.07874016
0.98631720,0.00000000,0.00000000
0.98672520,0.00000000,-0.07874016
0.98713320,-0.39370080,0.00000000
0.98754120,0.00000000,-0.07874016
0.98794920,-0.39370080,0.00000000
0.98835720,-0.39370080,0.00000000
0.98876520,0.00000000,-0.07874016
0.98917320,0.00000000,0.00000000
0.98958120,0.00000000,0.00000000
0.98998920,0.00000000,-0.07874016
0.99039720,0.39370080,0.00000000
0.99080520,0.00000000,-0.07874016
0.99121320,-0.39370080,0.00000000
0.99162120,0.00000000,0.00000000
0.99202920,0.00000000,0.00000000
0.99243720,0.39370080,0.00000000
0.99284520,0.39370080,0.00000000
0.99325320,0.00000000,0.00000000
0.99366120,0.00000000,0.00000000
0.99406920,0.00000000,0.00000000
0.99447720,0.39370080,0.00000000
0.99488520,0.78740160,0.00000000
0.99529320,0.39370080,0.00000000
0.99570120,0.78740160,0.00000000
0.99610920,0.78740160,0.00000000
0.99651719,0.78740160,0.00000000
0.99692519,0.78740160,0.00000000
0.99733319,0.78740160,0.00000000
0.99774119,0.78740160,0.00000000
0.99814919,0.78740160,0.00000000
0.99855719,0.78740160,0.00000000
0.99896519,1.18110200,0.00000000
0.99937319,1.18110200,0.00000000
0.99978119,1.18110200,0.00000000
1.00018919,0.78740160,0.00000000
1.00059719,1.18110200,0.00000000
1.00100519,1.18110200,0.00000000
1.00141319,1.18110200,0.00000000
1.00182119,1.18110200,0.00000000
1.00222919,1.18110200,0.00000000
1.00263719,1.18110200,0.00000000
1.00304519,0.78740160,0.00000000
1.00345319,1.18110200,0.00000000
1.00386119,1.18110200,0.00000000
1.00426919,0.78740160,0.00000000
1.00467719,0.78740160,0.00000000
1.00508519,0.39370080,-0.07874016
1.00549319,0.78740160,-0.07874016
1.00590119,0.39370080,0.00000000
1.00630919,0.39370080,0.00000000
1.00671719,0.78740160,0.00000000
1.00712519,0.39370080,-0.07874016
1.00753319,0.39370080,-0.07874016
1.00794119,0.39370080,-0.07874016
1.00834919,0.00000000,-0.07874016
1.00875719,0.00000000,-0.07874016
1.00916519,0.39370080,-0.07874016
1.00957319,0.00000000,0.00000000
1.00998119,0.00000000,-0.07874016
1.01038919,0.00000000,-0.07874016
1.01079719,0.00000000,0.00000000
1.01120519,-0.39370080,-0.07874016
1.01161319,-0.39370080,-0.07874016
1.01202119,-0.39370080,-0.07874016
1.01242919,0.00000000,-0.07874016
1.01283719,0.00000000,-0.07874016
1.01324519,0.00000000,-0.07874016
1.01365319,0.00000000,-0.07874016
1.01406119,-0.39370080,-0.07874016
1.01446919,0.00000000,0.00000000
1.01487719,0.00000000,0.00000000
1.01528519,0.00000000,-0.07874016
1.01569319,0.00000000,0.00000000
1.01610119,0.39370080,0.00000000
1.01650919,-0.39370080,0.00000000
1.01691719,0.00000000,0.00000000
1.01732519,0.00000000,0.00000000
1.01773319,0.39370080,0.00000000
1.01814119,0.39370080,0.00000000
1.01854919,0.39370080,0.00000000
1.01895719,0.39370080,0.00000000
1.01936519,0.78740160,0.00000000
1.01977319,0.00000000,0.00000000
1.02018119,0.39370080,0.00000000
1.02058919,0.39370080,0.00000000
1.02099719,0.78740160,0.00000000
1.02140519,0.39370080,0.00000000
1.02181319,1.18110200,0.00000000
1.02222119,0.78740160,0.00000000
1.02262919,0.78740160,0.00000000
1.02303719,0.78740160,0.00000000
1.02344519,1.18110200,0.00000000
1.02385319,0.78740160,0.00000000
1.02426119,0.78740160,0.00000000
1.02466919,1.18110200,0.00000000
1.02507719,1.18110200,0.00000000
1.02548519,0.78740160,0.00000000
1.02589319,1.18110200,0.00000000
1.02630119,1.18110200,0.00000000
1.02670919,1.57480300,-0.07874016
1.02711719,1.18110200,0.00000000
1.02752519,1.18110200,-0.07874016
1.02793319,1.18110200,-0.07874016
1.02834119,1.18110200,-0.07874016
1.02874919,1.18110200,-0.07874016
1.02915719,0.78740160,-0.07874016
1.02956519,0.78740160,-0.07874016
1.02997319,0.78740160,-0.07874016
1.03038119,0.78740160,-0.07874016
1.03078919,0.39370080,-0.07874016
1.03119719,0.78740160,-0.07874016
1.03160519,0.78740160,-0.07874016
1.03201319,0.78740160,-0.07874016
1.03242119,0.39370080,-0.07874016
1.03282919,0.00000000,-0.07874016
1.03323719,0.39370080,-0.07874016
1.03364519,0.39370080,-0.07874016
1.03405319,0.39370080,-0.07874016
1.03446119,0.00000000,-0.07874016
1.03486919,0.00000000,-0.07874016
1.03527719,0.00000000,0.00000000
1.03568519,-0.39370080,-0.07874016
1.03609319,0.00000000,-0.07874016
1.03650119,-0.39370080,-0.07874016
1.03690919,0.00000000,0.00000000
1.03731719,0.00000000,-0.07874016
1.03772519,0.00000000,0.00000000
1.03813319,0.00000000,-0.07874016
1.03854119,0.00000000,0.00000000
1.03894919,0.00000000,-0.07874016
1.03935719,0.00000000,0.00000000
1.03976519,0.00000000,0.00000000
1.04017319,0.00000000,0.00000000
1.04058119,0.00000000,0.00000000
1.04098919,0.00000000,0.00000000
1.04139719,0.00000000,0.00000000
1.04180519,0.00000000,0.00000000
1.04221319,0.00000000,0.00000000
1.04262119,0.39370080,0.00000000
1.04302919,0.00000000,0.00000000
1.04343719,0.00000000,0.00000000
1.04384519,0.00000000,0.00000000
1.04425319,0.39370080,0.00000000
1.04466119,0.39370080,0.00000000
1.04506919,0.78740160,0.00000000
1.04547719,0.39370080,0.00000000
1.04588519,0.78740160,0.00000000
1.04629319,0.78740160,0.00000000
1.04670119,0.78740160,0.00000000
1.04710919,0.78740160,0.00000000
1.04751719,1.18110200,0.00000000
1.04792519,1.18110200,0.00000000
1.04833319,0.78740160,-0.07874016
1.04874119,1.18110200,0.00000000
1.04914919,1.18110200,0.00000000
1.04955719,0.78740160,0.00000000
1.04996519,1.18110200,0.00000000
1.05037319,1.18110200,0.00000000
1.05078119,1.18110200,0.00000000
1.05118919,1.18110200,-0.07874016
1.05159719,1.18110200,0.00000000
1.05200519,1.18110200,-0.07874016
1.05241319,1.57480300,0.00000000
1.05282119,0.78740160,0.00000000
1.05322919,0.78740160,-0.07874016
1.05363719,1.18110200,0.00000000
1.05404519,0.78740160,-0.07874016
1.05445319,0.78740160,-0.07874016
1.05486119,0.78740160,-0.07874016
1.05526919,0.39370080,-0.07874016
1.05567719,0.39370080,0.00000000
1.05608519,0.39370080,-0.07874016
1.05649319,0.78740160,-0.07874016
1.05690119,0.39370080,-0.07874016
1.05730919,0.39370080,0.00000000
1.05771719,0.39370080,-0.07874016
1.05812519,0.39370080,0.00000000
1.05853319,0.39370080,-0.07874016
1.05894119,0.39370080,-0.07874016
1.05934919,0.00000000,-0.07874016
1.05975719,0.00000000,0.00000000
1.06016519,0.00000000,-0.07874016
1.06057319,-0.39370080,-0.07874016
1.06098119,0.00000000,-0.07874016
1.06138919,-0.39370080,0.00000000
1.06179719,0.00000000,-0.07874016
1.06220519,-0.39370080,-0.07874016
1.06261319,-0.39370080,0.00000000
1.06302119,0.00000000,0.00000000
1.06342919,0.00000000,-0.07874016
1.06383719,-0.39370080,-0.07874016
1.06424519,0.00000000,-0.07874016
1.06465319,0.00000000,0.00000000
1.06506119,0.00000000,0.00000000
1.06546919,0.00000000,0.00000000
1.06587719,0.00000000,0.00000000
1.06628519,0.00000000,0.00000000
1.06669319,0.39370080,0.00000000
1.06710119,0.00000000,0.00000000
1.06750919,0.00000000,0.00000000
1.06791719,0.00000000,0.00000000
1.06832519,0.39370080,0.00000000
1.06873319,0.78740160,0.00000000
1.06914119,0.39370080,0.00000000
1.06954919,0.39370080,0.00000000
1.06995719,0.78740160,0.00000000
1.07036519,0.39370080,0.00000000
1.07077319,0.78740160,0.00000000
1.07118119,0.39370080,0.00000000
1.07158919,0.78740160,0.00000000
1.07199719,1.18110200,0.00000000
1.07240519,0.78740160,0.00000000
1.07281319,1.57480300,0.00000000
1.07322119,0.78740160,0.00000000
1.07362919,1.18110200,0.00000000
1.07403719,1.18110200,0.00000000
1.07444519,0.78740160,0.00000000
1.07485319,1.18110200,0.00000000
1.07526119,1.57480300,0.00000000
1.07566919,1.18110200,0.00000000
1.07607719,1.18110200,0.00000000
1.07648519,1.18110200,0.00000000
1.07689319,0.78740160,0.00000000
1.07730119,0.78740160,-0.07874016
1.07770919,0.78740160,0.00000000
1.07811719,0.78740160,0.00000000
1.07852519,0.78740160,0.00000000
1.07893319,0.78740160,-0.07874016
1.07934119,0.78740160,-0.07874016
1.07974919,1.18110200,-0.07874016
1.08015719,0.39370080,0.00000000
1.08056519,0.78740160,-0.07874016
1.08097319,0.39370080,0.00000000
1.08138119,0.39370080,-0.07874016
1.08178919,0.39370080,-0.07874016
1.08219719,0.39370080,-0.07874016
1.08260519,0.39370080,-0.07874016
1.08301319,0.39370080,-0.07874016
1.08342119,0.00000000,-0.07874016
1.08382919,0.00000000,-0.07874016
1.08423719,0.00000000,0.00000000
1.08464519,0.00000000,-0.07874016
1.08505319,0.00000000,-0.07874016
1.08546119,0.00000000,-0.07874016
1.08586919,0.00000000,-0.07874016
1.08627719,0.00000000,-0.07874016
1.08668519,0.00000000,0.00000000
1.08709319,0.00000000,-0.07874016
1.08750119,-0.39370080,-0.07874016
1.08790919,0.00000000,-0.07874016
1.08831719,0.00000000,0.00000000
1.08872519,0.00000000,0.00000000
1.08913319,0.00000000,-0.07874016
1.08954119,0.00000000,0.00000000
1.08994919,0.00000000,0.00000000
1.09035719,-0.39370080,0.00000000
1.09076519,-0.39370080,0.00000000
1.09117319,0.00000000,0.00000000
1.09158119,0.00000000,0.00000000
1.09198919,0.39370080,0.00000000
1.09239719,0.00000000,0.00000000
1.09280519,0.39370080,0.00000000
1.09321319,0.00000000,0.00000000
1.09362119,0.39370080,0.00000000
1.09402919,0.39370080,0.00000000
1.09443719,0.39370080,0.00000000
1.09484519,0.39370080,0.00000000
1.09525319,0.39370080,0.00000000
1.09566119,0.39370080,0.00000000
1.09606919,0.78740160,0.00000000
1.09647719,0.78740160,0.00000000
1.09688519,0.78740160,0.00000000
1.09729319,0.78740160,0.00000000
1.09770119,1.18110200,0.00000000
1.09810919,0.78740160,0.00000000
1.09851719,0.78740160,0.00000000
1.09892519,1.18110200,0.00000000
1.09933319,0.78740160,0.00000000
1.09974119,1.18110200,0.00000000
1.10014919,1.57480300,-0.07874016
1.10055719,1.18110200,0.00000000
1.10096519,1.18110200,-0.07874016
1.10137319,0.78740160,-0.07874016
1.10178119,1.18110200,0.00000000
1.10218919,1.18110200,0.00000000
1.10259719,1.18110200,0.00000000
1.10300519,1.18110200,0.00000000
1.10341319,1.18110200,0.00000000
1.10382119,1.18110200,0.00000000
1.10422919,0.78740160,-0.07874016
1.10463719,0.78740160,-0.07874016
1.10504519,1.18110200,-0.07874016
1.10545319,0.39370080,0.00000000
1.10586119,0.78740160,-0.07874016
1.10626919,0.78740160,0.00000000
1.10667719,0.39370080,-0.07874016
1.10708519,0.39370080,-0.07874016
1.10749319,0.39370080,-0.07874016
1.10790119,0.00000000,-0.07874016
1.10830919,0.00000000,-0.07874016
1.10871719,0.00000000,0.00000000
1.10912519,0.00000000,0.00000000
1.10953319,0.00000000,-0.07874016
1.10994119,0.00000000,0.00000000
1.11034919,0.00000000,-0.07874016
1.11075719,0.00000000,0.00000000
1.11116519,0.00000000,-0.07874016
1.11157319,0.00000000,-0.07874016
1.11198119,0.00000000,0.00000000
1.11238919,0.00000000,-0.07874016
1.11279719,0.00000000,0.00000000
1.11320519,0.00000000,0.00000000
1.11361319,-0.39370080,0.00000000
1.11402119,0.00000000,0.00000000
1.11442919,0.00000000,0.00000000
1.11483719,0.00000000,-0.07874016
1.11524519,0.00000000,0.00000000
1.11565319,0.00000000,0.00000000
1.11606119,0.39370080,0.00000000
1.11646919,0.39370080,0.00000000
1.11687719,-0.39370080,0.00000000
1.11728519,0.00000000,0.00000000
1.11769319,0.00000000,0.00000000
1.11810119,0.00000000,0.00000000
1.11850919,0.39370080,0.00000000
1.11891719,0.00000000,0.00000000
1.11932519,0.78740160,0.00000000
1.11973319,0.78740160,0.00000000
1.12014119,0.78740160,0.00000000
1.12054919,0.78740160,0.00000000
1.12095719,0.78740160,-0.07874016
1.12136519,0.78740160,0.00000000
1.12177319,1.18110200,-0.07874016
1.12218119,1.18110200,0.00000000
1.12258919,0.78740160,0.00000000
1.12299719,1.18110200,-0.07874016
1.12340519,0.78740160,0.00000000
1.12381319,1.18110200,0.00000000
1.12422119,0.78740160,0.00000000
1.12462919,1.18110200,0.00000000
1.12503719,1.18110200,0.00000000
1.12544519,0.78740160,0.00000000
1.12585319,1.18110200,0.00000000
1.12626119,1.18110200,-0.07874016
1.12666919,0.78740160,-0.07874016
1.12707719,1.57480300,0.00000000
1.12748519,0.78740160,0.00000000
1.12789319,0.78740160,-0.07874016
1.12830119,1.18110200,-0.07874016
1.12870919,0.78740160,-0.07874016
1.12911719,0.78740160,-0.07874016
1.12952519,0.78740160,-0.07874016
1.12993319,0.78740160,0.00000000
1.13034119,0.39370080,0.00000000
1.13074919,0.39370080,0.00000000
1.13115719,0.78740160,-0.07874016
1.13156519,0.39370080,-0.07874016
1.13197319,0.39370080,-0.07874016
1.13238119,0.00000000,-0.07874016
1.13278919,0.39370080,-0.07874016
1.13319719,0.00000000,0.00000000
1.13360519,0.00000000,0.00000000
1.13401319,0.00000000,0.00000000
1.13442119,0.00000000,-0.07874016
1.13482919,0.00000000,-0.07874016
1.13523719,0.00000000,0.00000000
1.13564519,0.00000000,-0.07874016
1.13605319,-0.39370080,0.00000000
1.13646119,-0.39370080,0.00000000
1.13686919,-0.39370080,-0.07874016
1.13727719,0.00000000,0.00000000
1.13768519,0.00000000,-0.07874016
1.13809319,0.00000000,0.00000000
1.13850119,0.00000000,0.00000000
1.13890919,-0.39370080,0.00000000
1.13931719,0.00000000,0.00000000
1.13972519,-0.39370080,0.00000000
1.14013319,0.00000000,0.00000000
1.14054119,0.00000000,-0.07874016
1.14094919,0.00000000,0.00000000
1.14135719,0.00000000,0.00000000
1.14176519,0.00000000,0.00000000
1.14217319,0.00000000,0.00000000
1.14258119,0.00000000,0.00000000
1.14298919,0.39370080,0.00000000
1.14339719,0.39370080,0.00000000
1.14380519,0.39370080,0.00000000
1.14421319,0.39370080,-0.07874016
1.14462119,0.39370080,0.00000000
1.14502919,0.78740160,0.00000000
1.14543719,0.39370080,0.00000000
1.14584519,0.39370080,0.00000000
1.14625319,0.39370080,0.00000000
1.14666119,0.78740160,0.00000000
1.14706919,0.39370080,0.00000000
1.14747719,0.78740160,0.00000000
1.14788519,1.18110200,0.00000000
1.14829319,0.78740160,0.00000000
1.14870119,1.18110200,0.00000000
1.14910919,0.78740160,0.00000000
1.14951719,1.18110200,0.00000000
1.14992519,1.18110200,0.00000000
1.15033319,1.57480300,0.00000000
1.15074119,1.18110200,0.00000000
1.15114919,0.78740160,0.00000000
1.15155719,0.78740160,0.00000000
1.15196519,1.18110200,-0.07874016
1.15237319,1.18110200,0.00000000
1.15278119,0.78740160,-0.07874016
1.15318919,1.18110200,0.00000000
1.15359719,0.78740160,0.00000000
1.15400519,0.78740160,-0.07874016
1.15441319,1.18110200,0.00000000
1.15482119,0.78740160,0.00000000
1.15522919,0.78740160,0.00000000
1.15563719,0.39370080,-0.07874016
1.15604519,0.39370080,0.00000000
1.15645319,0.39370080,-0.07874016
1.15686119,0.39370080,-0.07874016
1.15726919,0.78740160,-0.07874016
1.15767719,0.39370080,-0.07874016
1.15808519,0.39370080,-0.07874016
1.15849319,0.39370080,0.00000000
1.15890119,0.00000000,-0.07874016
1.15930919,0.00000000,0.00000000
1.15971719,0.00000000,-0.07874016
1.16012519,0.00000000,0.00000000
1.16053319,0.00000000,-0.07874016
1.16094119,0.00000000,0.00000000
1.16134919,0.00000000,0.00000000
1.16175719,0.00000000,-0.07874016
1.16216519,0.00000000,-0.07874016
1.16257319,0.00000000,-0.07874016
1.16298119,0.00000000,-0.07874016
1.16338919,0.00000000,0.00000000
1.16379719,0.00000000,0.00000000
1.16420519,0.00000000,0.00000000
1.16461319,-0.39370080,0.00000000
1.16502119,0.00000000,0.00000000
1.16542919,0.00000000,0.00000000
1.16583719,0.00000000,0.00000000
1.16624519,0.00000000,0.00000000
1.16665319,0.00000000,0.00000000
1.16706119,0.00000000,0.00000000
1.16746919,0.39370080,0.00000000
1.16787719,0.00000000,0.00000000
1.16828519,0.00000000,-0.07874016
1.16869319,0.78740160,0.00000000
1.16910119,0.39370080,0.00000000
1.16950919,0.78740160,0.00000000
1.16991719,0.39370080,0.00000000
1.17032519,0.39370080,0.00000000
1.17073319,0.39370080,0.00000000
1.17114119,0.78740160,-0.07874016
1.17154919,0.78740160,0.00000000
1.17195719,1.18110200,0.00000000
1.17236519,1.18110200,0.00000000
1.17277319,1.18110200,0.00000000
1.17318118,0.78740160,0.00000000
1.17358918,1.18110200,0.00000000
1.17399718,1.18110200,0.00000000
1.17440518,0.78740160,0.00000000
1.17481318,1.18110200,0.00000000
1.17522118,1.18110200,0.00000000
1.17562918,0.78740160,0.00000000
1.17603718,1.18110200,-0.07874016
1.17644518,1.18110200,0.00000000
1.17685318,1.57480300,0.00000000
1.17726118,1.18110200,0.00000000
1.17766918,0.78740160,-0.07874016
1.17807718,0.78740160,-0.07874016
1.17848518,0.78740160,-0.07874016
1.17889318,0.78740160,0.00000000
1.17930118,0.78740160,0.00000000
1.17970918,0.78740160,-0.07874016
1.18011718,0.78740160,-0.07874016
1.18052518,0.78740160,-0.07874016
1.18093318,0.78740160,-0.07874016
1.18134118,0.78740160,-0.07874016
1.18174918,0.78740160,-0.07874016
1.18215718,0.00000000,0.00000000
1.18256518,0.39370080,-0.07874016
1.18297318,0.39370080,-0.07874016
1.18338118,0.39370080,-0.07874016
1.18378918,0.00000000,-0.07874016
1.18419718,0.00000000,-0.07874016
1.18460518,0.39370080,-0.07874016
1.18501318,0.00000000,-0.07874016
1.18542118,-0.39370080,0.00000000
1.18582918,0.00000000,-0.07874016
1.18623718,0.00000000,0.00000000
1.18664518,0.00000000,0.00000000
1.18705318,0.00000000,0.00000000
1.18746118,0.00000000,-0.07874016
1.18786918,-0.39370080,0.00000000
1.18827718,0.00000000,-0.07874016
1.18868518,-0.39370080,0.00000000
1.18909318,0.00000000,-0.07874016
1.18950118,0.00000000,0.00000000
1.18990918,0.00000000,0.00000000
1.19031718,-0.39370080,0.00000000
1.19072518,0.00000000,0.00000000
1.19113318,0.00000000,0.00000000
1.19154118,0.00000000,0.00000000
1.19194918,0.39370080,0.00000000
1.19235718,0.00000000,0.00000000
1.19276518,0.00000000,0.00000000
1.19317318,0.39370080,0.00000000
1.19358118,0.39370080,0.00000000
1.19398918,0.78740160,0.00000000
1.19439718,0.39370080,0.00000000
1.19480518,0.78740160,0.00000000
1.19521318,0.39370080,0.00000000
1.19562118,0.78740160,0.00000000
1.19602918,0.78740160,0.00000000
1.19643718,0.78740160,0.00000000
1.19684518,0.39370080,0.00000000
1.19725318,1.18110200,0.00000000
1.19766118,0.39370080,0.00000000
1.19806918,1.18110200,0.00000000
1.19847718,1.18110200,0.00000000
1.19888518,1.18110200,0.00000000
1.19929318,1.18110200,0.00000000
1.19970118,1.57480300,-0.07874016
1.20010918,1.18110200,0.00000000
1.20051718,1.18110200,0.00000000
1.20092518,0.78740160,-0.07874016
1.20133318,1.18110200,0.00000000
1.20174118,0.78740160,0.00000000
1.20214918,1.18110200,0.00000000
1.20255718,0.78740160,0.00000000
1.20296518,0.78740160,-0.07874016
1.20337318,1.18110200,-0.07874016
1.20378118,1.18110200,0.00000000
1.20418918,0.78740160,-0.07874016
1.20459718,0.78740160,0.00000000
1.20500518,0.78740160,0.00000000
1.20541318,0.78740160,0.00000000
1.20582118,0.78740160,-0.07874016
1.20622918,0.39370080,0.00000000
1.20663718,0.39370080,-0.07874016
1.20704518,0.39370080,-0.07874016
1.20745318,0.39370080,0.00000000
1.20786118,0.39370080,-0.07874016
1.20826918,0.39370080,-0.07874016
1.20867718,0.00000000,-0.07874016
1.20908518,0.00000000,-0.07874016
1.20949318,0.00000000,-0.07874016
1.20990118,-0.39370080,-0.07874016
1.21030918,0.00000000,0.00000000
1.21071718,0.00000000,0.00000000
1.21112518,0.00000000,0.00000000
1.21153318,0.00000000,-0.07874016
1.21194118,0.00000000,-0.07874016
1.21234918,0.00000000,-0.07874016
1.21275718,0.00000000,0.00000000
1.21316518,-0.39370080,0.00000000
1.21357318,0.00000000,-0.07874016
1.21398118,0.00000000,0.00000000
1.21438918,0.00000000,0.00000000
1.21479718,0.00000000,0.00000000
1.21520518,0.00000000,0.00000000
1.21561318,-0.39370080,0.00000000
1.21602118,0.00000000,0.00000000
1.21642918,0.00000000,0.00000000
1.21683718,0.00000000,-0.07874016
1.21724518,0.00000000,0.00000000
1.21765318,0.00000000,0.00000000
1.21806118,0.00000000,0.00000000
1.21846918,0.39370080,-0.07874016
1.21887718,0.78740160,0.00000000
1.21928518,0.39370080,0.00000000
1.21969318,0.39370080,0.00000000
1.22010118,0.39370080,0.00000000
1.22050918,0.78740160,0.00000000
1.22091718,0.78740160,0.00000000
1.22132518,0.78740160,0.00000000
1.22173318,0.78740160,0.00000000
1.22214118,1.18110200,0.00000000
1.22254918,0.78740160,0.00000000
1.22295718,1.18110200,0.00000000
1.22336518,1.18110200,0.00000000
1.22377318,0.78740160,-0.07874016
1.22418118,0.78740160,0.00000000
1.22458918,1.18110200,0.00000000
1.22499718,0.78740160,0.00000000
1.22540518,0.78740160,0.00000000
1.22581318,1.18110200,0.00000000
1.22622118,0.78740160,0.00000000
1.22662918,0.78740160,0.00000000
1.22703718,0.78740160,-0.07874016
1.22744518,1.18110200,-0.07874016
1.22785318,1.18110200,0.00000000
1.22826118,1.18110200,0.00000000
1.22866918,0.78740160,-0.07874016
1.22907718,0.78740160,-0.07874016
1.22948518,0.78740160,0.00000000
1.22989318,0.78740160,-0.07874016
1.23030118,0.39370080,-0.07874016
1.23070918,0.39370080,0.00000000
1.23111718,0.78740160,0.00000000
1.23152518,0.39370080,-0.07874016
1.23193318,0.39370080,0.00000000
1.23234118,0.39370080,-0.07874016
1.23274918,0.39370080,0.00000000
1.23315718,0.39370080,-0.07874016
1.23356518,0.39370080,0.00000000
1.23397318,0.00000000,-0.07874016
1.23438118,0.39370080,-0.07874016
1.23478918,0.00000000,-0.07874016
1.23519718,0.00000000,-0.07874016
1.23560518,0.00000000,0.00000000
1.23601318,0.00000000,-0.07874016
1.23642118,0.00000000,-0.07874016
1.23682918,0.00000000,0.00000000
1.23723718,-0.39370080,-0.07874016
1.23764518,0.00000000,-0.07874016
1.23805318,0.00000000,0.00000000
1.23846118,0.00000000,-0.07874016
1.23886918,0.00000000,0.00000000
1.23927718,0.00000000,-0.07874016
1.23968518,0.00000000,-0.07874016
1.24009318,-0.39370080,0.00000000
1.24050118,-0.39370080,0.00000000
1.24090918,0.00000000,-0.07874016
1.24131718,0.39370080,0.00000000
1.24172518,0.00000000,0.00000000
1.24213318,0.39370080,0.00000000
1.24254118,0.00000000,0.00000000
1.24294918,0.39370080,-0.07874016
1.24335718,0.00000000,0.00000000
1.24376518,0.39370080,0.00000000
1.24417318,0.39370080,0.00000000
1.24458118,0.39370080,0.00000000
1.24498918,0.39370080,0.00000000
1.24539718,1.18110200,-0.07874016
1.24580518,0.39370080,-0.07874016
1.24621318,0.78740160,0.00000000
1.24662118,0.78740160,0.00000000
1.24702918,0.78740160,0.00000000
1.24743718,0.78740160,0.00000000
1.24784518,1.18110200,0.00000000
1.24825318,0.78740160,0.00000000
1.24866118,1.18110200,-0.07874016
1.24906918,0.78740160,0.00000000
1.24947718,1.18110200,0.00000000
1.24988518,0.78740160,0.00000000
1.25029318,1.18110200,-0.07874016
1.25070118,1.18110200,0.00000000
1.25110918,1.18110200,-0.07874016
1.25151718,0.78740160,-0.07874016
1.25192518,0.78740160,-0.07874016
1.25233318,0.78740160,0.00000000
1.25274118,1.18110200,-0.07874016
1.25314918,1.18110200,0.00000000
1.25355718,0.78740160,-0.07874016
1.25396518,0.78740160,0.00000000
1.25437318,0.78740160,-0.07874016
1.25478118,0.78740160,0.00000000
1.25518918,0.39370080,-0.07874016
1.25559718,0.39370080,-0.07874016
1.25600518,0.78740160,0.00000000
1.25641318,0.39370080,0.00000000
1.25682118,0.78740160,-0.07874016
1.25722918,0.39370080,0.00000000
1.25763718,0.39370080,0.00000000
1.25804518,0.00000000,-0.07874016
1.25845318,0.00000000,-0.07874016
1.25886118,0.39370080,0.00000000
1.25926918,0.39370080,-0.07874016
1.25967718,0.00000000,0.00000000
1.26008518,0.00000000,0.00000000
1.26049318,0.00000000,0.00000000
1.26090118,0.00000000,-0.07874016
1.26130918,0.00000000,0.00000000
1.26171718,0.00000000,-0.07874016
1.26212518,0.00000000,0.00000000
1.26253318,0.00000000,0.00000000
1.26294118,0.00000000,0.00000000
1.26334918,0.00000000,0.00000000
1.26375718,0.00000000,0.00000000
1.26416518,0.00000000,0.00000000
1.26457318,0.00000000,0.00000000
1.26498118,0.00000000,0.00000000
1.26538918,0.00000000,0.00000000
1.26579718,0.00000000,0.00000000
1.26620518,0.00000000,0.00000000
1.26661318,0.39370080,0.00000000
1.26702118,0.00000000,0.00000000
1.26742918,0.39370080,0.00000000
1.26783718,0.39370080,-0.07874016
1.26824518,0.39370080,0.00000000
1.26865318,0.39370080,0.00000000
1.26906118,0.39370080,0.00000000
1.26946918,0.39370080,0.00000000
1.26987718,0.39370080,0.00000000
1.27028518,0.78740160,-0.07874016
1.27069318,0.78740160,0.00000000
1.27110118,0.78740160,0.00000000
1.27150918,0.78740160,0.00000000
1.27191718,0.78740160,0.00000000
1.27232518,1.18110200,0.00000000
1.27273318,0.78740160,-0.07874016
1.27314118,0.78740160,0.00000000
1.27354918,0.78740160,0.00000000
1.27395718,0.39370080,-0.07874016
1.27436518,0.78740160,0.00000000
1.27477318,0.78740160,-0.07874016
1.27518118,0.78740160,0.00000000
1.27558918,1.18110200,-0.07874016
1.27599718,0.39370080,0.00000000
1.27640518,1.18110200,0.00000000
1.27681318,0.78740160,0.00000000
1.27722118,0.78740160,-0.07874016
1.27762918,1.18110200,0.00000000
1.27803718,0.78740160,0.00000000
1.27844518,0.78740160,0.00000000
1.27885318,0.78740160,-0.07874016
1.27926118,0.39370080,0.00000000
1.27966918,0.78740160,0.00000000
1.28007718,0.39370080,0.00000000
1.28048518,0.78740160,-0.07874016
1.28089318,0.39370080,-0.07874016
1.28130118,0.00000000,-0.07874016
1.28170918,0.39370080,0.00000000
1.28211718,0.39370080,0.00000000
1.28252518,0.00000000,0.00000000
1.28293318,0.00000000,-0.07874016
1.28334118,0.39370080,-0.07874016
1.28374918,0.00000000,0.00000000
1.28415718,0.39370080,0.00000000
1.28456518,0.00000000,-0.07874016
1.28497318,0.39370080,-0.07874016
1.28538118,0.00000000,0.00000000
1.28578918,0.00000000,0.00000000
1.28619718,0.39370080,0.00000000
1.28660518,0.00000000,0.00000000
1.28701318,0.00000000,0.00000000
1.28742118,0.00000000,-0.07874016
1.28782918,0.00000000,0.00000000
1.28823718,0.00000000,0.00000000
1.28864518,0.00000000,-0.07874016
1.28905318,0.00000000,0.00000000
1.28946118,0.00000000,-0.07874016
1.28986918,0.00000000,-0.07874016
1.29027718,0.00000000,0.00000000
1.29068518,0.00000000,0.00000000
1.29109318,0.00000000,0.00000000
1.29150118,0.39370080,0.00000000
1.29190918,0.00000000,0.00000000
1.29231718,0.39370080,0.00000000
1.29272518,0.39370080,0.00000000
1.29313318,0.39370080,0.00000000
1.29354118,0.39370080,0.00000000
1.29394918,0.39370080,0.00000000
1.29435718,0.39370080,0.00000000
1.29476518,0.00000000,0.00000000
1.29517318,0.78740160,-0.07874016
1.29558118,0.39370080,0.00000000
1.29598918,0.78740160,0.00000000
1.29639718,0.78740160,0.00000000
1.29680518,0.78740160,-0.07874016
1.29721318,0.78740160,0.00000000
1.29762118,0.78740160,0.00000000
1.29802918,0.78740160,0.00000000
1.29843718,0.78740160,-0.07874016
1.29884518,0.78740160,0.00000000
1.29925318,0.78740160,-0.07874016
1.29966118,0.39370080,0.00000000
1.30006918,0.78740160,0.00000000
1.30047718,0.78740160,0.00000000
1.30088518,1.18110200,0.00000000
1.30129318,0.78740160,0.00000000
1.30170118,0.78740160,0.00000000
1.30210918,0.78740160,0.00000000
1.30251718,0.78740160,-0.07874016
1.30292518,0.78740160,-0.07874016
1.30333318,0.78740160,-0.07874016
1.30374118,0.39370080,0.00000000
1.30414918,0.39370080,-0.07874016
1.30455718,0.39370080,-0.07874016
1.30496518,0.78740160,0.00000000
1.30537318,0.78740160,-0.07874016
1.30578118,0.39370080,0.00000000
1.30618918,0.39370080,-0.07874016
1.30659718,0.78740160,0.00000000
1.30700518,0.39370080,0.00000000
1.30741318,0.78740160,-0.07874016
1.30782118,0.39370080,0.00000000
1.30822918,0.39370080,-0.07874016
1.30863718,0.39370080,-0.07874016
1.30904518,0.39370080,0.00000000
1.30945318,0.39370080,0.00000000
1.30986118,0.39370080,-0.07874016
1.31026918,0.00000000,0.00000000
1.31067718,0.00000000,0.00000000
1.31108518,0.39370080,-0.07874016
1.31149318,0.00000000,-0.07874016
1.31190118,0.39370080,0.00000000
1.31230918,0.39370080,-0.07874016
1.31271718,0.39370080,0.00000000
1.31312518,0.00000000,0.00000000
1.31353318,0.00000000,-0.07874016
1.31394118,0.00000000,0.00000000
1.31434918,0.39370080,0.00000000
1.31475718,0.00000000,0.00000000
1.31516518,0.00000000,0.00000000
1.31557318,0.00000000,0.00000000
1.31598118,0.39370080,0.00000000
1.31638918,0.00000000,0.00000000
1.31679718,0.00000000,0.00000000
1.31720518,0.00000000,0.00000000
1.31761318,0.39370080,0.00000000
1.31802118,0.39370080,0.00000000
1.31842918,0.39370080,0.00000000
1.31883718,0.39370080,0.00000000
1.31924518,0.39370080,0.00000000
1.31965318,0.39370080,-0.07874016
1.32006118,0.39370080,0.00000000
1.32046918,0.78740160,0.00000000
1.32087718,0.39370080,0.00000000
1.32128518,0.39370080,-0.07874016
1.32169318,0.78740160,0.00000000
1.32210118,0.39370080,0.00000000
1.32250918,0.39370080,0.00000000
1.32291718,0.78740160,0.00000000
1.32332518,0.39370080,0.00000000
1.32373318,0.78740160,0.00000000
1.32414118,0.39370080,0.00000000
1.32454918,0.78740160,0.00000000
1.32495718,0.78740160,0.00000000
1.32536518,0.78740160,0.00000000
1.32577318,0.78740160,0.00000000
1.32618118,0.78740160,0.00000000
1.32658918,0.39370080,0.00000000
1.32699718,0.78740160,0.00000000
1.32740518,0.39370080,0.00000000
1.32781318,0.78740160,0.00000000
1.32822118,1.18110200,0.00000000
1.32862918,0.39370080,-0.07874016
1.32903718,0.39370080,0.00000000
1.32944518,0.78740160,-0.07874016
1.32985318,0.39370080,0.00000000
1.33026118,0.78740160,-0.07874016
1.33066918,0.00000000,-0.07874016
1.33107718,0.39370080,0.00000000
1.33148518,0.39370080,0.00000000
1.33189318,0.78740160,0.00000000
1.33230118,0.78740160,-0.07874016
1.33270918,0.39370080,0.00000000
1.33311718,0.78740160,-0.07874016
1.33352518,0.00000000,-0.07874016
1.33393318,0.39370080,-0.07874016
1.33434118,0.39370080,-0.07874016
1.33474918,0.00000000,-0.07874016
1.33515718,0.00000000,-0.07874016
1.33556518,0.39370080,-0.07874016
1.33597318,0.39370080,-0.07874016
1.33638118,0.00000000,-0.07874016
1.33678918,0.39370080,-0.07874016
1.33719718,0.00000000,0.00000000
1.33760518,0.39370080,0.00000000
1.33801318,0.00000000,0.00000000
1.33842118,0.00000000,0.00000000
1.33882918,0.39370080,0.00000000
1.33923718,0.39370080,0.00000000
1.33964518,0.00000000,0.00000000
1.34005318,0.39370080,0.00000000
1.34046118,0.00000000,0.00000000
1.34086918,0.39370080,0.00000000
1.34127718,0.00000000,0.00000000
1.34168518,0.39370080,0.00000000
1.34209318,0.39370080,0.00000000
1.34250118,0.39370080,-0.07874016
1.34290918,0.39370080,-0.07874016
1.34331718,0.39370080,0.00000000
1.34372518,0.39370080,0.00000000
1.34413318,0.78740160,0.00000000
1.34454118,0.39370080,0.00000000
1.34494918,0.39370080,0.00000000
1.34535718,0.78740160,0.00000000
1.34576518,0.78740160,0.00000000
1.34617318,0.39370080,0.00000000
1.34658118,0.39370080,0.00000000
1.34698918,0.78740160,0.00000000
1.34739718,0.39370080,0.00000000
1.34780518,0.78740160,0.00000000
1.34821318,0.78740160,0.00000000
1.34862118,0.78740160,0.00000000
1.34902918,0.78740160,0.00000000
1.34943718,0.78740160,0.00000000
1.34984517,0.78740160,0.00000000
1.35025317,0.39370080,0.00000000
1.35066117,0.39370080,0.00000000
1.35106917,0.39370080,0.00000000
1.35147717,0.78740160,0.00000000
1.35188517,0.39370080,0.00000000
1.35229317,0.39370080,-0.07874016
1.35270117,0.78740160,0.00000000
1.35310917,0.39370080,0.00000000
1.35351717,0.39370080,0.00000000
1.35392517,0.39370080,0.00000000
1.35433317,0.39370080,0.00000000
1.35474117,0.39370080,0.00000000
1.35514917,0.39370080,-0.07874016
1.35555717,0.39370080,0.00000000
1.35596517,0.39370080,0.00000000
1.35637317,0.00000000,0.00000000
1.35678117,0.00000000,-0.07874016
1.35718917,0.00000000,0.00000000
1.35759717,0.00000000,0.00000000
1.35800517,0.00000000,-0.07874016
1.35841317,0.00000000,0.00000000
1.35882117,0.00000000,0.00000000
1.35922917,0.00000000,-0.07874016
1.35963717,0.00000000,-0.07874016
1.36004517,0.39370080,-0.07874016
1.36045317,0.00000000,0.00000000
1.36086117,0.00000000,0.00000000
1.36126917,0.78740160,-0.07874016
1.36167717,0.39370080,0.00000000
1.36208517,0.39370080,0.00000000
1.36249317,0.39370080,-0.07874016
1.36290117,0.39370080,0.00000000
1.36330917,0.39370080,0.00000000
1.36371717,0.78740160,0.00000000
1.36412517,0.39370080,0.00000000
1.36453317,0.78740160,0.00000000
1.36494117,0.78740160,-0.07874016
1.36534917,0.78740160,0.00000000
1.36575717,0.78740160,0.00000000
1.36616517,0.78740160,0.00000000
1.36657317,0.78740160,0.00000000
1.36698117,1.18110200,-0.07874016
1.36738917,1.18110200,0.00000000
1.36779717,1.18110200,-0.07874016
1.36820517,0.78740160,0.00000000
1.36861317,1.18110200,0.00000000
1.36902117,1.18110200,-0.07874016
1.36942917,1.18110200,-0.07874016
1.36983717,0.78740160,-0.07874016
1.37024517,1.18110200,0.00000000
1.37065317,0.39370080,0.00000000
1.37106117,0.78740160,0.00000000
1.37146917,0.39370080,0.00000000
1.37187717,0.78740160,0.00000000
1.37228517,0.78740160,0.00000000
1.37269317,0.78740160,0.00000000
1.37310117,0.78740160,0.00000000
1.37350917,0.78740160,0.00000000
1.37391717,0.00000000,0.00000000
1.37432517,0.39370080,-0.07874016
1.37473317,0.00000000,0.00000000
1.37514117,0.00000000,0.00000000
1.37554917,0.00000000,0.00000000
1.37595717,0.00000000,0.00000000
1.37636517,-0.39370080,0.00000000
1.37677317,-0.39370080,0.00000000
1.37718117,-0.78740160,0.00000000
1.37758917,-0.78740160,-0.07874016
1.37799717,-0.39370080,-0.07874016
1.37840517,-1.18110200,0.00000000
1.37881317,-0.39370080,0.00000000
1.37922117,-0.39370080,-0.07874016
1.37962917,-0.78740160,0.00000000
1.38003717,-0.39370080,0.00000000
1.38044517,-0.78740160,-0.07874016
1.38085317,-0.78740160,-0.07874016
1.38126117,-0.39370080,0.00000000
1.38166917,-0.39370080,0.00000000
1.38207717,-0.78740160,0.00000000
1.38248517,-0.39370080,0.00000000
1.38289317,0.00000000,0.00000000
1.38330117,0.00000000,0.00000000
1.38370917,0.00000000,0.00000000
1.38411717,0.39370080,0.00000000
1.38452517,0.39370080,0.00000000
1.38493317,0.00000000,-0.07874016
1.38534117,0.78740160,0.00000000
1.38574917,0.78740160,-0.07874016
1.38615717,0.78740160,0.00000000
1.38656517,1.18110200,-0.07874016
1.38697317,1.18110200,-0.07874016
1.38738117,1.57480300,-0.07874016
1.38778917,1.57480300,-0.07874016
1.38819717,1.57480300,0.00000000
1.38860517,1.96850400,0.00000000
1.38901317,1.96850400,0.00000000
1.38942117,1.57480300,0.00000000
1.38982917,2.36220500,0.00000000
1.39023717,1.96850400,0.00000000
1.39064517,2.36220500,-0.07874016
1.39105317,1.96850400,0.00000000
1.39146117,2.36220500,0.00000000
1.39186917,2.36220500,0.00000000
1.39227717,2.36220500,-0.07874016
1.39268517,1.96850400,0.00000000
1.39309317,1.96850400,0.00000000
1.39350117,1.96850400,0.00000000
1.39390917,1.96850400,0.00000000
1.39431717,1.96850400,0.00000000
1.39472517,1.57480300,0.00000000
1.39513317,1.18110200,0.00000000
1.39554117,1.18110200,0.00000000
1.39594917,0.78740160,0.00000000
1.39635717,0.78740160,0.00000000
1.39676517,0.39370080,0.00000000
1.39717317,0.00000000,-0.07874016
1.39758117,0.00000000,0.00000000
1.39798917,-0.39370080,0.00000000
1.39839717,-0.39370080,0.00000000
1.39880517,-0.39370080,0.00000000
1.39921317,-0.78740160,0.00000000
1.39962117,-0.78740160,0.00000000
1.40002917,-1.18110200,0.00000000
1.40043717,-1.96850400,0.00000000
1.40084517,-1.96850400,0.00000000
1.40125317,-1.96850400,-0.07874016
1.40166117,-1.96850400,0.00000000
1.40206917,-1.96850400,0.00000000
1.40247717,-1.96850400,0.00000000
1.40288517,-2.36220500,0.00000000
1.40329317,-1.96850400,0.00000000
1.40370117,-1.96850400,0.00000000
1.40410917,-1.96850400,0.00000000
1.40451717,-1.96850400,-0.07874016
1.40492517,-1.96850400,0.00000000
1.40533317,-1.57480300,-0.07874016
1.40574117,-1.57480300,0.00000000
1.40614917,-1.57480300,0.00000000
1.40655717,-1.18110200,0.00000000
1.40696517,-1.18110200,-0.07874016
1.40737317,-0.78740160,0.00000000
1.40778117,-0.39370080,-0.07874016
1.40818917,-0.39370080,-0.07874016
1.40859717,0.39370080,0.00000000
1.40900517,0.00000000,0.00000000
1.40941317,0.78740160,0.00000000
1.40982117,1.18110200,0.00000000
1.41022917,1.18110200,0.00000000
1.41063717,1.57480300,0.00000000
1.41104517,2.36220500,-0.07874016
1.41145317,1.96850400,0.00000000
1.41186117,2.36220500,0.00000000
1.41226917,2.75590500,-0.07874016
1.41267717,2.75590500,0.00000000
1.41308517,2.75590500,0.00000000
1.41349317,3.54330700,0.00000000
1.41390117,3.54330700,0.00000000
1.41430917,3.93700800,0.00000000
1.41471717,3.93700800,0.00000000
1.41512517,3.93700800,0.00000000
1.41553317,4.33070900,0.00000000
1.41594117,3.93700800,0.00000000
1.41634917,3.93700800,0.00000000
1.41675717,3.54330700,0.00000000
1.41716517,3.54330700,-0.07874016
1.41757317,3.54330700,0.00000000
1.41798117,3.54330700,0.00000000
1.41838917,3.14960600,-0.07874016
1.41879717,2.75590500,-0.07874016
1.41920517,2.36220500,0.00000000
1.41961317,1.96850400,0.00000000
1.42002117,1.57480300,0.00000000
1.42042917,1.57480300,0.00000000
1.42083717,1.57480300,0.00000000
1.42124517,0.78740160,0.00000000
1.42165317,0.39370080,0.00000000
1.42206117,0.00000000,-0.07874016
1.42246917,-0.39370080,-0.07874016
1.42287717,-0.78740160,0.00000000
1.42328517,-1.57480300,0.00000000
1.42369317,-1.96850400,0.00000000
1.42410117,-2.36220500,0.00000000
1.42450917,-2.36220500,-0.07874016
1.42491717,-3.14960600,-0.07874016
1.42532517,-3.14960600,0.00000000
1.42573317,-3.54330700,0.00000000
1.42614117,-3.54330700,-0.07874016
1.42654917,-3.54330700,-0.07874016
1.42695717,-3.93700800,0.00000000
1.42736517,-4.33070900,0.00000000
1.42777317,-4.33070900,0.00000000
1.42818117,-4.33070900,-0.07874016
1.42858917,-3.93700800,0.00000000
1.42899717,-3.93700800,0.00000000
1.42940517,-3.93700800,0.00000000
1.42981317,-3.54330700,0.00000000
1.43022117,-3.14960600,0.00000000
1.43062917,-2.75590500,0.00000000
1.43103717,-2.75590500,0.00000000
1.43144517,-2.36220500,0.00000000
1.43185317,-1.96850400,0.00000000
1.43226117,-1.57480300,0.00000000
1.43266917,-1.18110200,0.00000000
1.43307717,0.00000000,0.00000000
1.43348517,0.00000000,-0.07874016
1.43389317,0.39370080,0.00000000
1.43430117,1.18110200,0.00000000
1.43470917,1.96850400,0.00000000
1.43511717,2.36220500,0.00000000
1.43552517,3.14960600,0.00000000
1.43593317,3.54330700,0.00000000
1.43634117,3.54330700,0.00000000
1.43674917,4.33070900,0.00000000
1.43715717,4.72441000,-0.07874016
1.43756517,5.11811000,0.00000000
1.43797317,5.51181100,0.00000000
1.43838117,5.90551200,0.00000000
1.43878917,6.29921200,0.00000000
1.43919717,6.29921200,0.00000000
1.43960517,6.69291400,0.00000000
1.44001317,6.69291400,-0.07874016
1.44042117,6.69291400,-0.07874016
1.44082917,6.29921200,0.00000000
1.44123717,6.69291400,0.00000000
1.44164517,5.90551200,0.00000000
1.44205317,6.29921200,0.00000000
1.44246117,5.51181100,0.00000000
1.44286917,5.11811000,0.00000000
1.44327717,4.72441000,0.00000000
1.44368517,4.33070900,0.00000000
1.44409317,3.54330700,-0.07874016
1.44450117,3.14960600,0.00000000
1.44490917,2.36220500,0.00000000
1.44531717,1.57480300,0.00000000
1.44572517,1.18110200,0.00000000
1.44613317,0.39370080,0.00000000
1.44654117,-0.39370080,0.00000000
1.44694917,-1.18110200,-0.07874016
1.44735717,-1.96850400,0.00000000
1.44776517,-2.75590500,-0.07874016
1.44817317,-3.14960600,-0.07874016
1.44858117,-3.93700800,0.00000000
1.44898917,-4.33070900,-0.07874016
1.44939717,-5.11811000,-0.07874016
1.44980517,-5.90551200,0.00000000
1.45021317,-5.90551200,-0.07874016
1.45062117,-6.69291400,0.00000000
1.45102917,-6.69291400,0.00000000
1.45143717,-7.08661400,0.00000000
1.45184517,-7.48031500,-0.07874016
1.45225317,-7.08661400,0.00000000
1.45266117,-7.48031500,0.00000000
1.45306917,-7.08661400,0.00000000
1.45347717,-6.69291400,0.00000000
1.45388517,-7.08661400,0.00000000
1.45429317,-6.69291400,0.00000000
1.45470117,-5.90551200,-0.07874016
1.45510917,-5.51181100,0.00000000
1.45551717,-5.11811000,-0.07874016
1.45592517,-3.93700800,0.00000000
1.45633317,-3.93700800,-0.07874016
1.45674117,-2.75590500,0.00000000
1.45714917,-2.36220500,-0.07874016
1.45755717,-1.18110200,-0.07874016
1.45796517,0.00000000,-0.07874016
1.45837317,0.39370080,0.00000000
1.45878117,1.57480300,0.00000000
1.45918917,2.36220500,0.00000000
1.45959717,3.14960600,0.00000000
1.46000517,3.93700800,0.00000000
1.46041317,4.72441000,0.00000000
1.46082117,5.90551200,-0.07874016
1.46122917,6.69291400,0.00000000
1.46163717,7.08661400,-0.07874016
1.46204517,7.48031500,0.00000000
1.46245317,8.26771600,0.00000000
1.46286117,8.66141700,0.00000000
1.46326917,9.05511800,0.00000000
1.46367717,9.84252000,0.00000000
1.46408517,9.44881900,0.00000000
1.46449317,9.84252000,0.00000000
1.46490117,9.84252000,0.00000000
1.46530917,9.44881900,0.00000000
1.46571717,9.44881900,-0.07874016
1.46612517,9.05511800,-0.07874016
1.46653317,8.66141700,-0.07874016
1.46694117,8.26771600,0.00000000
1.46734917,7.48031500,-0.07874016
1.46775717,7.08661400,0.00000000
1.46816517,6.69291400,0.00000000
1.46857317,5.51181100,0.00000000
1.46898117,4.72441000,-0.07874016
1.46938917,3.54330700,0.00000000
1.46979717,2.75590500,0.00000000
1.47020517,1.57480300,0.00000000
1.47061317,0.78740160,0.00000000
1.47102117,0.00000000,0.00000000
1.47142917,-1.18110200,-0.07874016
1.47183717,-2.36220500,0.00000000
1.47224517,-3.54330700,0.00000000
1.47265317,-4.72441000,0.00000000
1.47306117,-5.11811000,-0.07874016
1.47346917,-6.29921200,0.00000000
1.47387717,-7.08661400,0.00000000
1.47428517,-7.87401600,0.00000000
1.47469317,-8.26771600,-0.07874016
1.47510117,-9.05511800,0.00000000
1.47550917,-9.84252000,0.00000000
1.47591717,-9.84252000,0.00000000
1.47632517,-10.23622000,0.00000000
1.47673317,-10.62992000,0.00000000
1.47714117,-10.23622000,-0.07874016
1.47754917,-10.62992000,0.00000000
1.47795717,-9.84252000,0.00000000
1.47836517,-9.84252000,-0.07874016
1.47877317,-9.44881900,0.00000000
1.47918117,-9.05511800,0.00000000
1.47958917,-8.26771600,-0.07874016
1.47999717,-7.87401600,0.00000000
1.48040517,-6.69291400,0.00000000
1.48081317,-5.90551200,0.00000000
1.48122117,-5.11811000,0.00000000
1.48162917,-3.54330700,0.00000000
1.48203717,-2.36220500,0.00000000
1.48244517,-1.18110200,0.00000000
1.48285317,0.00000000,-0.07874016
1.48326117,0.78740160,0.00000000
1.48366917,1.96850400,0.00000000
1.48407717,3.54330700,0.00000000
1.48448517,4.72441000,0.00000000
1.48489317,5.51181100,0.00000000
1.48530117,7.08661400,0.00000000
1.48570917,7.87401600,0.00000000
1.48611717,8.66141700,0.00000000
1.48652517,9.44881900,0.00000000
1.48693317,10.62992000,0.00000000
1.48734117,11.41732000,0.00000000
1.48774917,11.81102000,0.00000000
1.48815717,12.20472000,0.00000000
1.48856517,12.59842000,0.00000000
1.48897317,12.99213000,0.00000000
1.48938117,12.59842000,0.00000000
1.48978917,12.59842000,0.00000000
1.49019717,12.59842000,0.00000000
1.49060517,12.20472000,-0.07874016
1.49101317,12.20472000,-0.07874016
1.49142117,11.81102000,-0.07874016
1.49182917,10.62992000,-0.07874016
1.49223717,10.23622000,0.00000000
1.49264517,9.05511800,0.00000000
1.49305317,8.26771600,0.00000000
1.49346117,7.08661400,-0.07874016
1.49386917,5.90551200,0.00000000
1.49427717,4.72441000,0.00000000
1.49468517,3.54330700,0.00000000
1.49509317,1.57480300,0.00000000
1.49550117,0.78740160,0.00000000
1.49590917,-0.78740160,0.00000000
1.49631717,-1.96850400,0.00000000
1.49672517,-3.14960600,0.00000000
1.49713317,-4.72441000,0.00000000
1.49754117,-6.29921200,-0.07874016
1.49794917,-7.48031500,-0.07874016
1.49835717,-8.26771600,-0.07874016
1.49876517,-9.84252000,0.00000000
1.49917317,-10.62992000,-0.07874016
1.49958117,-11.81102000,0.00000000
1.49998917,-12.20472000,-0.07874016
1.50039717,-12.99213000,0.00000000
1.50080517,-13.38583000,0.00000000
1.50121317,-13.77953000,0.00000000
1.50162117,-14.17323000,-0.07874016
1.50202917,-14.17323000,0.00000000
1.50243717,-14.17323000,-0.07874016
1.50284517,-13.77953000,0.00000000
1.50325317,-13.38583000,0.00000000
1.50366117,-12.59842000,0.00000000
1.50406917,-11.81102000,0.00000000
1.50447717,-11.02362000,-0.07874016
1.50488517,-10.23622000,-0.07874016
1.50529317,-9.44881900,0.00000000
1.50570117,-7.87401600,-0.07874016
1.50610917,-6.69291400,0.00000000
1.50651717,-5.11811000,0.00000000
1.50692517,-3.54330700,0.00000000
1.50733317,-1.96850400,-0.07874016
1.50774117,-0.39370080,-0.07874016
1.50814917,1.18110200,0.00000000
1.50855717,2.75590500,0.00000000
1.50896517,4.33070900,0.00000000
1.50937317,5.51181100,0.00000000
1.50978117,7.08661400,0.00000000
1.51018917,8.66141700,-0.07874016
1.51059717,9.84252000,-0.07874016
1.51100517,11.41732000,0.00000000
1.51141317,12.99213000,0.00000000
1.51182117,13.38583000,0.00000000
1.51222917,14.96063000,0.00000000
1.51263717,14.96063000,0.00000000
1.51304517,16.14173000,-0.07874016
1.51345317,16.53543000,0.00000000
1.51386117,16.53543000,-0.07874016
1.51426917,16.92913000,0.00000000
1.51467717,17.32283000,0.00000000
1.51508517,16.53543000,0.00000000
1.51549317,16.53543000,0.00000000
1.51590117,15.74803000,-0.07874016
1.51630917,14.96063000,0.00000000
1.51671717,14.17323000,0.00000000
1.51712517,12.99213000,-0.07874016
1.51753317,11.81102000,0.00000000
1.51794117,10.62992000,0.00000000
1.51834917,9.05511800,-0.07874016
1.51875717,7.48031500,0.00000000
1.51916517,6.29921200,-0.07874016
1.51957317,4.33070900,-0.07874016
1.51998117,2.36220500,0.00000000
1.52038917,0.78740160,-0.07874016
1.52079717,-1.18110200,0.00000000
1.52120517,-2.75590500,0.00000000
1.52161317,-4.72441000,0.00000000
1.52202117,-6.29921200,-0.07874016
1.52242917,-7.87401600,-0.07874016
1.52283717,-9.44881900,0.00000000
1.52324517,-11.02362000,0.00000000
1.52365317,-12.20472000,0.00000000
1.52406117,-13.77953000,0.00000000
1.52446917,-14.56693000,0.00000000
1.52487717,-15.74803000,0.00000000
1.52528517,-16.53543000,0.00000000
1.52569317,-17.32283000,-0.07874016
1.52610117,-17.71653000,0.00000000
1.52650917,-17.71653000,0.00000000
1.52691716,-17.71653000,0.00000000
1.52732516,-18.11024000,0.00000000
1.52773316,-17.32283000,-0.07874016
1.52814116,-16.92913000,0.00000000
1.52854916,-16.53543000,0.00000000
1.52895716,-15.35433000,-0.07874016
1.52936516,-14.17323000,-0.07874016
1.52977316,-12.99213000,0.00000000
1.53018116,-11.81102000,0.00000000
1.53058916,-9.84252000,-0.07874016
1.53099716,-8.66141700,0.00000000
1.53140516,-6.29921200,0.00000000
1.53181316,-5.11811000,0.00000000
1.53222116,-2.75590500,0.00000000
1.53262916,-0.78740160,0.00000000
1.53303716,1.18110200,0.00000000
1.53344516,3.14960600,0.00000000
1.53385316,5.11811000,0.00000000
1.53426116,7.08661400,-0.07874016
1.53466916,9.05511800,0.00000000
1.53507716,10.62992000,-0.07874016
1.53548516,12.20472000,-0.07874016
1.53589316,14.17323000,0.00000000
1.53630116,14.96063000,0.00000000
1.53670916,16.92913000,0.00000000
1.53711716,18.11024000,0.00000000
1.53752516,18.50394000,0.00000000
1.53793316,19.29134000,0.00000000
1.53834116,20.07874000,0.00000000
1.53874916,20.07874000,0.00000000
1.53915716,20.47244000,0.00000000
1.53956516,20.47244000,0.00000000
1.53997316,20.07874000,0.00000000
1.54038116,19.68504000,0.00000000
1.54078916,18.89764000,0.00000000
1.54119716,18.11024000,0.00000000
1.54160516,16.92913000,0.00000000
1.54201316,15.74803000,0.00000000
1.54242116,14.17323000,-0.07874016
1.54282916,12.99213000,0.00000000
1.54323716,11.02362000,0.00000000
1.54364516,9.44881900,0.00000000
1.54405316,7.08661400,0.00000000
1.54446116,5.11811000,0.00000000
1.54486916,3.14960600,-0.07874016
1.54527716,0.78740160,0.00000000
1.54568516,-1.18110200,-0.07874016
1.54609316,-3.54330700,0.00000000
1.54650116,-5.51181100,0.00000000
1.54690916,-7.08661400,-0.07874016
1.54731716,-9.44881900,0.00000000
1.54772516,-11.81102000,0.00000000
1.54813316,-12.99213000,0.00000000
1.54854116,-14.96063000,0.00000000
1.54894916,-16.53543000,0.00000000
1.54935716,-17.71653000,0.00000000
1.54976516,-18.89764000,-0.07874016
1.55017316,-19.68504000,0.00000000
1.55058116,-20.86614000,0.00000000
1.55098916,-20.86614000,0.00000000
1.55139716,-21.25984000,-0.07874016
1.55180516,-21.25984000,0.00000000
1.55221316,-21.25984000,0.00000000
1.55262116,-21.25984000,0.00000000
1.55302916,-20.47244000,0.00000000
1.55343716,-19.29134000,0.00000000
1.55384516,-18.50394000,0.00000000
1.55425316,-17.32283000,0.00000000
1.55466116,-15.35433000,0.00000000
1.55506916,-14.17323000,0.00000000
1.55547716,-12.59842000,-0.07874016
1.55588516,-10.62992000,0.00000000
1.55629316,-8.26771600,0.00000000
1.55670116,-6.29921200,0.00000000
1.55710916,-3.93700800,0.00000000
1.55751716,-1.57480300,0.00000000
1.55792516,0.78740160,0.00000000
1.55833316,3.14960600,0.00000000
1.55874116,5.11811000,0.00000000
1.55914916,7.08661400,0.00000000
1.55955716,9.84252000,0.00000000
1.55996516,11.81102000,0.00000000
1.56037316,14.17323000,-0.07874016
1.56078116,15.74803000,0.00000000
1.56118916,17.32283000,0.00000000
1.56159716,19.29134000,0.00000000
1.56200516,20.47244000,0.00000000
1.56241316,22.04724000,-0.07874016
1.56282116,22.83465000,0.00000000
1.56322916,23.62205000,0.00000000
1.56363716,24.01575000,0.00000000
1.56404516,24.40945000,-0.07874016
1.56445316,24.01575000,-0.07874016
1.56486116,23.62205000,0.00000000
1.56526916,23.62205000,0.00000000
1.56567716,22.44094000,-0.07874016
1.56608516,22.04724000,0.00000000
1.56649316,20.47244000,-0.07874016
1.56690116,18.89764000,-0.07874016
1.56730916,17.32283000,0.00000000
1.56771716,15.74803000,-0.07874016
1.56812516,13.38583000,0.00000000
1.56853316,11.41732000,0.00000000
1.56894116,9.05511800,-0.07874016
1.56934916,7.08661400,-0.07874016
1.56975716,3.93700800,0.00000000
1.57016516,1.96850400,0.00000000
1.57057316,-0.78740160,0.00000000
1.57098116,-3.14960600,0.00000000
1.57138916,-5.11811000,0.00000000
1.57179716,-8.26771600,0.00000000
1.57220516,-10.62992000,0.00000000
1.57261316,-12.59842000,0.00000000
1.57302116,-14.96063000,0.00000000
1.57342916,-16.92913000,-0.07874016
1.57383716,-18.89764000,0.00000000
1.57424516,-20.47244000,-0.07874016
1.57465316,-22.04724000,0.00000000
1.57506116,-23.22835000,0.00000000
1.57546916,-24.01575000,0.00000000
1.57587716,-24.80315000,-0.07874016
1.57628516,-24.80315000,0.00000000
1.57669316,-25.19685000,0.00000000
1.57710116,-24.80315000,0.00000000
1.57750916,-24.80315000,0.00000000
1.57791716,-24.01575000,0.00000000
1.57832516,-23.22835000,0.00000000
1.57873316,-22.04724000,0.00000000
1.57914116,-20.47244000,0.00000000
1.57954916,-19.29134000,0.00000000
1.57995716,-17.32283000,0.00000000
1.58036516,-15.35433000,0.00000000
1.58077316,-12.99213000,0.00000000
1.58118116,-10.62992000,0.00000000
1.58158916,-7.87401600,0.00000000
1.58199716,-5.51181100,-0.07874016
1.58240516,-2.75590500,0.00000000
1.58281316,0.00000000,-0.07874016
1.58322116,2.75590500,0.00000000
1.58362916,5.51181100,0.00000000
1.58403716,7.87401600,0.00000000
1.58444516,10.62992000,0.00000000
1.58485316,12.99213000,0.00000000
1.58526116,15.35433000,0.00000000
1.58566916,17.71653000,-0.07874016
1.58607716,20.07874000,0.00000000
1.58648516,21.65354000,-0.07874016
1.58689316,23.22835000,0.00000000
1.58730116,24.80315000,-0.07874016
1.58770916,25.98425000,0.00000000
1.58811716,27.16535000,0.00000000
1.58852516,27.16535000,0.00000000
1.58893316,27.95276000,-0.07874016
1.58934116,27.95276000,0.00000000
1.58974916,27.55906000,0.00000000
1.59015716,27.16535000,0.00000000
1.59056516,26.37795000,0.00000000
1.59097316,25.59055000,0.00000000
1.59138116,24.01575000,-0.07874016
1.59178916,22.44094000,0.00000000
1.59219716,20.47244000,0.00000000
1.59260516,18.50394000,0.00000000
1.59301316,16.53543000,0.00000000
1.59342116,14.17323000,0.00000000
1.59382916,11.02362000,0.00000000
1.59423716,8.66141700,0.00000000
1.59464516,6.29921200,-0.07874016
1.59505316,2.75590500,0.00000000
1.59546116,0.00000000,-0.07874016
1.59586916,-2.75590500,-0.07874016
1.59627716,-5.90551200,0.00000000
1.59668516,-8.66141700,0.00000000
1.59709316,-11.41732000,0.00000000
1.59750116,-14.56693000,0.00000000
1.59790916,-16.14173000,-0.07874016
1.59831716,-18.50394000,0.00000000
1.59872516,-20.86614000,-0.07874016
1.59913316,-22.83465000,0.00000000
1.59954116,-24.40945000,0.00000000
1.59994916,-25.98425000,0.00000000
1.60035716,-27.16535000,0.00000000
1.60076516,-28.34646000,0.00000000
1.60117316,-28.74016000,-0.07874016
1.60158116,-29.13386000,0.00000000
1.60198916,-28.74016000,0.00000000
1.60239716,-28.34646000,-0.07874016
1.60280516,-27.95276000,0.00000000
1.60321316,-26.77165000,0.00000000
1.60362116,-25.59055000,0.00000000
1.60402916,-24.40945000,0.00000000
1.60443716,-22.04724000,-0.07874016
1.60484516,-20.47244000,0.00000000
1.60525316,-18.50394000,-0.07874016
1.60566116,-15.35433000,0.00000000
1.60606916,-12.99213000,0.00000000
1.60647716,-10.23622000,0.00000000
1.60688516,-7.48031500,0.00000000
1.60729316,-4.33070900,0.00000000
1.60770116,-0.78740160,0.00000000
1.60810916,1.96850400,0.00000000
1.60851716,5.11811000,-0.07874016
1.60892516,8.26771600,0.00000000
1.60933316,11.02362000,-0.07874016
1.60974116,13.77953000,0.00000000
1.61014916,16.92913000,0.00000000
1.61055716,19.29134000,0.00000000
1.61096516,22.04724000,0.00000000
1.61137316,24.01575000,0.00000000
1.61178116,25.98425000,-0.07874016
1.61218916,27.16535000,0.00000000
1.61259716,29.13386000,0.00000000
1.61300516,29.92126000,0.00000000
1.61341316,30.70866000,0.00000000
1.61382116,31.49606000,0.00000000
1.61422916,31.49606000,-0.07874016
1.61463716,31.10236000,0.00000000
1.61504516,30.70866000,-0.07874016
1.61545316,29.92126000,0.00000000
1.61586116,28.74016000,0.00000000
1.61626916,27.55906000,0.00000000
1.61667716,25.98425000,0.00000000
1.61708516,24.01575000,0.00000000
1.61749316,21.65354000,0.00000000
1.61790116,19.29134000,0.00000000
1.61830916,16.92913000,0.00000000
1.61871716,13.77953000,0.00000000
1.61912516,11.02362000,0.00000000
1.61953316,7.48031500,0.00000000
1.61994116,4.33070900,0.00000000
1.62034916,1.18110200,0.00000000
1.62075716,-1.96850400,0.00000000
1.62116516,-5.90551200,0.00000000
1.62157316,-8.26771600,-0.07874016
1.62198116,-11.81102000,0.00000000
1.62238916,-14.96063000,-0.07874016
1.62279716,-17.32283000,0.00000000
1.62320516,-20.07874000,-0.07874016
1.62361316,-22.44094000,0.00000000
1.62402116,-24.80315000,0.00000000
1.62442916,-27.16535000,0.00000000
1.62483716,-28.34646000,0.00000000
1.62524516,-30.31496000,0.00000000
1.62565316,-31.10236000,0.00000000
1.62606116,-31.88976000,0.00000000
1.62646916,-32.28346000,0.00000000
1.62687716,-32.28346000,0.00000000
1.62728516,-31.88976000,-0.07874016
1.62769316,-31.10236000,0.00000000
1.62810116,-30.70866000,-0.07874016
1.62850916,-29.13386000,0.00000000
1.62891716,-27.55906000,0.00000000
1.62932516,-25.59055000,-0.07874016
1.62973316,-23.62205000,0.00000000
1.63014116,-20.86614000,0.00000000
1.63054916,-18.11024000,0.00000000
1.63095716,-15.35433000,0.00000000
1.63136516,-12.20472000,-0.07874016
1.63177316,-9.05511800,0.00000000
1.63218116,-5.90551200,-0.07874016
1.63258916,-2.36220500,0.00000000
1.63299716,0.78740160,0.00000000
1.63340516,4.72441000,0.00000000
1.63381316,7.87401600,0.00000000
1.63422116,11.02362000,0.00000000
1.63462916,14.56693000,0.00000000
1.63503716,17.32283000,0.00000000
1.63544516,20.07874000,-0.07874016
1.63585316,23.22835000,-0.07874016
1.63626116,25.59055000,0.00000000
1.63666916,27.95276000,0.00000000
1.63707716,29.92126000,0.00000000
1.63748516,31.49606000,0.00000000
1.63789316,32.67717000,-0.07874016
1.63830116,33.46457000,0.00000000
1.63870916,34.25197000,-0.07874016
1.63911716,34.64567000,0.00000000
1.63952516,34.64567000,0.00000000
1.63993316,34.25197000,0.00000000
1.64034116,33.46457000,0.00000000
1.64074916,32.28346000,0.00000000
1.64115716,31.10236000,-0.07874016
1.64156516,28.74016000,0.00000000
1.64197316,27.16535000,0.00000000
1.64238116,24.80315000,0.00000000
1.64278916,22.04724000,-0.07874016
1.64319716,18.89764000,-0.07874016
1.64360516,16.14173000,0.00000000
1.64401316,12.59842000,0.00000000
1.64442116,9.84252000,0.00000000
1.64482916,5.90551200,0.00000000
1.64523716,2.36220500,-0.07874016
1.64564516,-1.18110200,0.00000000
1.64605316,-4.72441000,0.00000000
1.64646116,-8.26771600,0.00000000
1.64686916,-11.81102000,-0.07874016
1.64727716,-15.35433000,-0.07874016
1.64768516,-18.11024000,0.00000000
1.64809316,-21.25984000,-0.07874016
1.64850116,-24.01575000,-0.07874016
1.64890916,-26.37795000,0.00000000
1.64931716,-28.74016000,0.00000000
1.64972516,-31.10236000,0.00000000
1.65013316,-32.28346000,0.00000000
1.65054116,-33.85827000,-0.07874016
1.65094916,-34.64567000,0.00000000
1.65135716,-35.43307000,0.00000000
1.65176516,-35.43307000,0.00000000
1.65217316,-35.03937000,-0.07874016
1.65258116,-34.64567000,-0.07874016
1.65298916,-33.85827000,-0.07874016
1.65339716,-32.28346000,-0.07874016
1.65380516,-30.70866000,-0.07874016
1.65421316,-28.74016000,0.00000000
1.65462116,-26.37795000,0.00000000
1.65502916,-23.62205000,0.00000000
1.65543716,-21.25984000,0.00000000
1.65584516,-18.11024000,0.00000000
1.65625316,-14.56693000,0.00000000
1.65666116,-11.02362000,0.00000000
1.65706916,-7.48031500,0.00000000
1.65747716,-3.93700800,0.00000000
1.65788516,-0.39370080,0.00000000
1.65829316,3.54330700,-0.07874016
1.65870116,7.08661400,0.00000000
1.65910916,11.02362000,0.00000000
1.65951716,14.96063000,0.00000000
1.65992516,18.50394000,-0.07874016
1.66033316,20.86614000,0.00000000
1.66074116,24.01575000,-0.07874016
1.66114916,26.77165000,0.00000000
1.66155716,29.52756000,0.00000000
1.66196516,31.49606000,0.00000000
1.66237316,33.46457000,-0.07874016
1.66278116,35.03937000,0.00000000
1.66318916,36.61417000,0.00000000
1.66359716,37.40158000,0.00000000
1.66400516,37.79528000,-0.07874016
1.66441316,37.40158000,0.00000000
1.66482116,37.40158000,0.00000000
1.66522916,36.61417000,0.00000000
1.66563716,35.43307000,0.00000000
1.66604516,33.85827000,0.00000000
1.66645316,32.28346000,0.00000000
1.66686116,29.92126000,0.00000000
1.66726916,27.55906000,0.00000000
1.66767716,24.80315000,0.00000000
1.66808516,22.04724000,0.00000000
1.66849316,18.50394000,0.00000000
1.66890116,14.96063000,0.00000000
1.66930916,11.41732000,0.00000000
1.66971716,7.48031500,0.00000000
1.67012516,3.54330700,0.00000000
1.67053316,-0.39370080,-0.07874016
1.67094116,-4.33070900,0.00000000
1.67134916,-8.26771600,0.00000000
1.67175716,-11.81102000,0.00000000
1.67216516,-15.35433000,0.00000000
1.67257316,-18.50394000,0.00000000
1.67298116,-22.04724000,0.00000000
1.67338916,-25.19685000,-0.07874016
1.67379716,-27.95276000,0.00000000
1.67420516,-30.70866000,-0.07874016
1.67461316,-33.07087000,-0.07874016
1.67502116,-34.64567000,0.00000000
1.67542916,-36.22047000,-0.07874016
1.67583716,-37.40158000,0.00000000
1.67624516,-38.18898000,0.00000000
1.67665316,-38.58268000,0.00000000
1.67706116,-38.18898000,-0.07874016
1.67746916,-37.79528000,-0.07874016
1.67787716,-37.00788000,0.00000000
1.67828516,-35.43307000,0.00000000
1.67869316,-33.85827000,0.00000000
1.67910116,-31.49606000,0.00000000
1.67950916,-29.13386000,-0.07874016
1.67991716,-26.77165000,0.00000000
1.68032516,-23.62205000,-0.07874016
1.68073316,-20.47244000,0.00000000
1.68114116,-17.32283000,0.00000000
1.68154916,-12.99213000,-0.07874016
1.68195716,-9.84252000,0.00000000
1.68236516,-5.51181100,0.00000000
1.68277316,-1.18110200,-0.07874016
1.68318116,2.36220500,-0.07874016
1.68358916,6.69291400,0.00000000
1.68399716,10.23622000,0.00000000
1.68440516,14.56693000,0.00000000
1.68481316,18.11024000,0.00000000
1.68522116,21.65354000,-0.07874016
1.68562916,24.80315000,0.00000000
1.68603716,28.34646000,-0.07874016
1.68644516,31.10236000,0.00000000
1.68685316,33.46457000,-0.07874016
1.68726116,35.43307000,0.00000000
1.68766916,37.40158000,0.00000000
1.68807716,38.97638000,0.00000000
1.68848516,39.76378000,-0.07874016
1.68889316,40.55118000,0.00000000
1.68930116,40.94488000,0.00000000
1.68970916,40.15748000,0.00000000
1.69011716,39.76378000,-0.07874016
1.69052516,38.58268000,0.00000000
1.69093316,37.00788000,0.00000000
1.69134116,35.43307000,0.00000000
1.69174916,32.67717000,-0.07874016
1.69215716,30.31496000,0.00000000
1.69256516,27.55906000,0.00000000
1.69297316,24.01575000,0.00000000
1.69338116,20.47244000,-0.07874016
1.69378916,17.32283000,0.00000000
1.69419716,12.99213000,0.00000000
1.69460516,8.66141700,0.00000000
1.69501316,5.11811000,-0.07874016
1.69542116,0.78740160,0.00000000
1.69582916,-3.14960600,0.00000000
1.69623716,-7.48031500,-0.07874016
1.69664516,-11.41732000,0.00000000
1.69705316,-15.74803000,0.00000000
1.69746116,-19.29134000,0.00000000
1.69786916,-22.83465000,0.00000000
1.69827716,-25.98425000,0.00000000
1.69868516,-29.52756000,0.00000000
1.69909316,-31.88976000,0.00000000
1.69950116,-34.25197000,0.00000000
1.69990916,-36.61417000,-0.07874016
1.70031716,-38.18898000,0.00000000
1.70072516,-39.76378000,-0.07874016
1.70113316,-40.55118000,0.00000000
1.70154116,-40.94488000,0.00000000
1.70194916,-40.94488000,-0.07874016
1.70235716,-40.55118000,-0.07874016
1.70276516,-39.37008000,0.00000000
1.70317316,-38.58268000,0.00000000
1.70358115,-36.61417000,0.00000000
1.70398915,-34.64567000,0.00000000
1.70439715,-32.28346000,-0.07874016
1.70480515,-28.74016000,-0.07874016
1.70521315,-26.37795000,0.00000000
1.70562115,-22.44094000,0.00000000
1.70602915,-18.89764000,0.00000000
1.70643715,-14.96063000,-0.07874016
1.70684515,-11.02362000,0.00000000
1.70725315,-7.08661400,0.00000000
1.70766115,-2.75590500,-0.07874016
1.70806915,1.57480300,0.00000000
1.70847715,5.51181100,0.00000000
1.70888515,10.23622000,-0.07874016
1.70929315,14.56693000,0.00000000
1.70970115,18.11024000,0.00000000
1.71010915,22.44094000,0.00000000
1.71051715,25.98425000,-0.07874016
1.71092515,29.13386000,0.00000000
1.71133315,32.28346000,0.00000000
1.71174115,35.03937000,0.00000000
1.71214915,37.40158000,0.00000000
1.71255715,38.97638000,0.00000000
1.71296515,40.94488000,0.00000000
1.71337315,42.12598000,-0.07874016
1.71378115,42.51968000,-0.07874016
1.71418915,42.91338000,-0.07874016
1.71459715,42.91338000,0.00000000
1.71500515,42.12598000,0.00000000
1.71541315,41.33858000,-0.07874016
1.71582115,39.76378000,0.00000000
1.71622915,37.40158000,0.00000000
1.71663715,35.03937000,-0.07874016
1.71704515,33.07087000,-0.07874016
1.71745315,29.52756000,0.00000000
1.71786115,26.37795000,0.00000000
1.71826915,22.83465000,0.00000000
1.71867715,18.89764000,-0.07874016
1.71908515,14.96063000,0.00000000
1.71949315,11.02362000,0.00000000
1.71990115,6.29921200,-0.07874016
1.72030915,1.96850400,-0.07874016
1.72071715,-2.36220500,0.00000000
1.72112515,-6.69291400,0.00000000
1.72153315,-11.41732000,0.00000000
1.72194115,-15.35433000,-0.07874016
1.72234915,-19.29134000,0.00000000
1.72275715,-23.22835000,-0.07874016
1.72316515,-26.77165000,0.00000000
1.72357315,-30.31496000,0.00000000
1.72398115,-33.46457000,0.00000000
1.72438915,-35.82677000,0.00000000
1.72479715,-38.18898000,0.00000000
1.72520515,-40.15748000,-0.07874016
1.72561315,-41.33858000,0.00000000
1.72602115,-42.51968000,-0.07874016
1.72642915,-43.30709000,0.00000000
1.72683715,-43.30709000,0.00000000
1.72724515,-42.91338000,0.00000000
1.72765315,-42.12598000,0.00000000
1.72806115,-40.55118000,-0.07874016
1.72846915,-38.97638000,-0.07874016
1.72887715,-37.00788000,-0.07874016
1.72928515,-34.25197000,-0.07874016
1.72969315,-31.49606000,0.00000000
1.73010115,-28.34646000,0.00000000
1.73050915,-24.80315000,0.00000000
1.73091715,-21.25984000,-0.07874016
1.73132515,-16.92913000,0.00000000
1.73173315,-12.99213000,0.00000000
1.73214115,-8.26771600,0.00000000
1.73254915,-3.93700800,-0.07874016
1.73295715,0.78740160,0.00000000
1.73336515,5.11811000,0.00000000
1.73377315,9.84252000,0.00000000
1.73418115,14.17323000,-0.07874016
1.73458915,18.50394000,0.00000000
1.73499715,22.44094000,0.00000000
1.73540515,26.37795000,-0.07874016
1.73581315,29.52756000,0.00000000
1.73622115,33.07087000,0.00000000
1.73662915,36.22047000,-0.07874016
1.73703715,38.58268000,-0.07874016
1.73744515,40.94488000,-0.07874016
1.73785315,42.51968000,-0.07874016
1.73826115,43.70079000,-0.07874016
1.73866915,44.88189000,0.00000000
1.73907715,45.27559000,-0.07874016
1.73948515,45.27559000,0.00000000
1.73989315,44.48819000,0.00000000
1.74030115,43.30709000,0.00000000
1.74070915,42.12598000,0.00000000
1.74111715,39.76378000,0.00000000
1.74152515,37.40158000,-0.07874016
1.74193315,35.03937000,0.00000000
1.74234115,31.88976000,0.00000000
1.74274915,28.34646000,0.00000000
1.74315715,24.80315000,0.00000000
1.74356515,20.86614000,0.00000000
1.74397315,16.53543000,0.00000000
1.74438115,12.20472000,0.00000000
1.74478915,7.48031500,-0.07874016
1.74519715,3.14960600,0.00000000
1.74560515,-1.18110200,0.00000000
1.74601315,-5.90551200,0.00000000
1.74642115,-10.23622000,-0.07874016
1.74682915,-15.35433000,0.00000000
1.74723715,-19.29134000,0.00000000
1.74764515,-23.22835000,-0.07874016
1.74805315,-27.16535000,-0.07874016
1.74846115,-30.70866000,0.00000000
1.74886915,-34.25197000,0.00000000
1.74927715,-37.40158000,0.00000000
1.74968515,-39.37008000,0.00000000
1.75009315,-41.73228000,0.00000000
1.75050115,-42.91338000,0.00000000
1.75090915,-44.09449000,0.00000000
1.75131715,-44.48819000,0.00000000
1.75172515,-45.66929000,0.00000000
1.75213315,-44.88189000,0.00000000
1.75254115,-44.09449000,-0.07874016
1.75294915,-42.91338000,-0.07874016
1.75335715,-41.33858000,0.00000000
1.75376515,-38.97638000,0.00000000
1.75417315,-36.61417000,-0.07874016
1.75458115,-33.85827000,-0.07874016
1.75498915,-30.31496000,0.00000000
1.75539715,-26.77165000,0.00000000
1.75580515,-22.44094000,0.00000000
1.75621315,-18.89764000,-0.07874016
1.75662115,-14.17323000,0.00000000
1.75702915,-9.44881900,0.00000000
1.75743715,-5.11811000,0.00000000
1.75784515,0.00000000,0.00000000
1.75825315,4.33070900,-0.07874016
1.75866115,9.44881900,0.00000000
1.75906915,13.77953000,0.00000000
1.75947715,18.11024000,-0.07874016
1.75988515,22.44094000,0.00000000
1.76029315,26.37795000,0.00000000
1.76070115,29.92126000,-0.07874016
1.76110915,33.85827000,0.00000000
1.76151715,36.61417000,-0.07874016
1.76192515,39.37008000,0.00000000
1.76233315,42.12598000,-0.07874016
1.76274115,43.70079000,0.00000000
1.76314915,45.27559000,0.00000000
1.76355715,46.06299000,-0.07874016
1.76396515,46.85040000,-0.07874016
1.76437315,46.85040000,-0.07874016
1.76478115,46.06299000,0.00000000
1.76518915,45.27559000,0.00000000
1.76559715,43.70079000,0.00000000
1.76600515,42.12598000,-0.07874016
1.76641315,39.37008000,0.00000000
1.76682115,37.00788000,0.00000000
1.76722915,33.85827000,0.00000000
1.76763715,29.92126000,-0.07874016
1.76804515,26.37795000,0.00000000
1.76845315,22.04724000,0.00000000
1.76886115,18.11024000,0.00000000
1.76926915,13.38583000,0.00000000
1.76967715,9.05511800,0.00000000
1.77008515,3.93700800,0.00000000
1.77049315,-0.78740160,0.00000000
1.77090115,-5.11811000,-0.07874016
1.77130915,-9.84252000,0.00000000
1.77171715,-14.96063000,-0.07874016
1.77212515,-19.29134000,0.00000000
1.77253315,-23.22835000,-0.07874016
1.77294115,-27.55906000,0.00000000
1.77334915,-31.10236000,0.00000000
1.77375715,-34.64567000,0.00000000
1.77416515,-37.79528000,-0.07874016
1.77457315,-40.15748000,0.00000000
1.77498115,-42.51968000,-0.07874016
1.77538915,-44.48819000,0.00000000
1.77579715,-45.66929000,-0.07874016
1.77620515,-46.85040000,0.00000000
1.77661315,-46.85040000,0.00000000
1.77702115,-46.45670000,0.00000000
1.77742915,-45.66929000,-0.07874016
1.77783715,-44.48819000,-0.07874016
1.77824515,-42.91338000,-0.07874016
1.77865315,-40.55118000,0.00000000
1.77906115,-38.18898000,-0.07874016
1.77946915,-35.43307000,0.00000000
1.77987715,-31.88976000,0.00000000
1.78028515,-28.34646000,-0.07874016
1.78069315,-24.40945000,-0.07874016
1.78110115,-20.07874000,0.00000000
1.78150915,-15.35433000,0.00000000
1.78191715,-10.62992000,0.00000000
1.78232515,-5.90551200,0.00000000
1.78273315,-1.18110200,0.00000000
1.78314115,3.54330700,-0.07874016
1.78354915,8.66141700,0.00000000
1.78395715,12.99213000,0.00000000
1.78436515,17.32283000,-0.07874016
1.78477315,22.04724000,0.00000000
1.78518115,26.37795000,0.00000000
1.78558915,30.31496000,-0.07874016
1.78599715,33.85827000,-0.07874016
1.78640515,37.40158000,0.00000000
1.78681315,40.15748000,0.00000000
1.78722115,42.91338000,0.00000000
1.78762915,44.88189000,0.00000000
1.78803715,46.06299000,0.00000000
1.78844515,47.63779000,0.00000000
1.78885315,48.03149000,-0.07874016
1.78926115,48.03149000,0.00000000
1.78966915,47.63779000,-0.07874016
1.79007715,47.24409000,0.00000000
1.79048515,44.88189000,0.00000000
1.79089315,43.70079000,0.00000000
1.79130115,40.94488000,0.00000000
1.79170915,38.18898000,0.00000000
1.79211715,35.43307000,0.00000000
1.79252515,31.49606000,0.00000000
1.79293315,27.95276000,0.00000000
1.79334115,23.62205000,0.00000000
1.79374915,19.29134000,0.00000000
1.79415715,14.96063000,-0.07874016
1.79456515,9.84252000,0.00000000
1.79497315,5.11811000,0.00000000
1.79538115,0.39370080,0.00000000
1.79578915,-4.72441000,0.00000000
1.79619715,-9.84252000,0.00000000
1.79660515,-14.56693000,0.00000000
1.79701315,-19.29134000,-0.07874016
1.79742115,-23.22835000,0.00000000
1.79782915,-27.16535000,0.00000000
1.79823715,-31.49606000,0.00000000
1.79864515,-35.03937000,0.00000000
1.79905315,-38.58268000,0.00000000
1.79946115,-40.94488000,-0.07874016
1.79986915,-43.70079000,0.00000000
1.80027715,-45.27559000,0.00000000
1.80068515,-46.85040000,0.00000000
1.80109315,-47.63779000,-0.07874016
1.80150115,-48.03149000,0.00000000
1.80190915,-48.03149000,0.00000000
1.80231715,-47.24409000,0.00000000
1.80272515,-46.06299000,0.00000000
1.80313315,-44.88189000,0.00000000
1.80354115,-42.12598000,0.00000000
1.80394915,-40.15748000,0.00000000
1.80435715,-37.00788000,-0.07874016
1.80476515,-33.46457000,0.00000000
1.80517315,-29.52756000,0.00000000
1.80558115,-25.59055000,0.00000000
1.80598915,-21.25984000,0.00000000
1.80639715,-16.92913000,0.00000000
1.80680515,-11.81102000,-0.07874016
1.80721315,-7.08661400,0.00000000
1.80762115,-2.36220500,-0.07874016
1.80802915,2.75590500,-0.07874016
1.80843715,7.87401600,0.00000000
1.80884515,12.59842000,0.00000000
1.80925315,17.71653000,0.00000000
1.80966115,22.04724000,0.00000000
1.81006915,26.77165000,0.00000000
1.81047715,30.31496000,-0.07874016
1.81088515,34.25197000,-0.07874016
1.81129315,37.79528000,-0.07874016
1.81170115,40.94488000,0.00000000
1.81210915,43.30709000,0.00000000
1.81251715,45.27559000,-0.07874016
1.81292515,47.24409000,0.00000000
1.81333315,48.42520000,-0.07874016
1.81374115,49.21260000,0.00000000
1.81414915,49.21260000,-0.07874016
1.81455715,48.81890000,-0.07874016
1.81496515,48.03149000,0.00000000
1.81537315,46.45670000,0.00000000
1.81578115,44.88189000,0.00000000
1.81618915,42.51968000,-0.07874016
1.81659715,40.15748000,0.00000000
1.81700515,36.61417000,0.00000000
1.81741315,33.07087000,0.00000000
1.81782115,29.52756000,-0.07874016
1.81822915,25.19685000,0.00000000
1.81863715,20.86614000,-0.07874016
1.81904515,15.74803000,-0.07874016
1.81945315,10.62992000,0.00000000
1.81986115,5.90551200,-0.07874016
1.82026915,1.18110200,0.00000000
1.82067715,-3.93700800,0.00000000
1.82108515,-9.05511800,0.00000000
1.82149315,-13.77953000,0.00000000
1.82190115,-19.29134000,-0.07874016
1.82230915,-23.22835000,0.00000000
1.82271715,-27.16535000,0.00000000
1.82312515,-31.49606000,0.00000000
1.82353315,-35.43307000,0.00000000
1.82394115,-38.97638000,0.00000000
1.82434915,-41.73228000,0.00000000
1.82475715,-43.70079000,0.00000000
1.82516515,-45.66929000,0.00000000
1.82557315,-47.24409000,-0.07874016
1.82598115,-48.81890000,0.00000000
1.82638915,-49.21260000,-0.07874016
1.82679715,-48.81890000,0.00000000
1.82720515,-48.42520000,-0.07874016
1.82761315,-47.24409000,0.00000000
1.82802115,-45.66929000,-0.07874016
1.82842915,-43.70079000,0.00000000
1.82883715,-41.33858000,0.00000000
1.82924515,-38.18898000,-0.07874016
1.82965315,-35.03937000,0.00000000
1.83006115,-31.10236000,0.00000000
1.83046915,-26.77165000,0.00000000
1.83087715,-22.83465000,0.00000000
1.83128515,-17.71653000,-0.07874016
1.83169315,-13.38583000,0.00000000
1.83210115,-8.26771600,0.00000000
1.83250915,-3.14960600,0.00000000
1.83291715,1.96850400,-0.07874016
1.83332515,7.48031500,0.00000000
1.83373315,12.20472000,-0.07874016
1.83414115,16.92913000,0.00000000
1.83454915,22.04724000,0.00000000
1.83495715,26.37795000,0.00000000
1.83536515,30.31496000,-0.07874016
1.83577315,34.64567000,0.00000000
1.83618115,37.79528000,-0.07874016
1.83658915,40.94488000,0.00000000
1.83699715,44.09449000,0.00000000
1.83740515,46.06299000,0.00000000
1.83781315,48.03149000,-0.07874016
1.83822115,49.21260000,0.00000000
1.83862915,Infinity,0.00000000
1.83903715,Infinity,0.00000000
1.83944515,Infinity,0.00000000
1.83985315,48.81890000,0.00000000
1.84026115,48.03149000,0.00000000
1.84066915,46.06299000,0.00000000
1.84107715,43.70079000,-0.07874016
1.84148515,41.33858000,0.00000000
1.84189315,37.79528000,0.00000000
1.84230115,34.64567000,0.00000000
1.84270915,30.70866000,0.00000000
1.84311715,26.37795000,0.00000000
1.84352515,21.65354000,0.00000000
1.84393315,16.92913000,0.00000000
1.84434115,12.20472000,0.00000000
1.84474915,7.08661400,0.00000000
1.84515715,1.57480300,0.00000000
1.84556515,-3.54330700,0.00000000
1.84597315,-7.87401600,0.00000000
1.84638115,-13.38583000,0.00000000
1.84678915,-18.11024000,-0.07874016
1.84719715,-22.83465000,0.00000000
1.84760515,-27.16535000,-0.07874016
1.84801315,-31.49606000,0.00000000
1.84842115,-35.43307000,-0.07874016
1.84882915,-38.97638000,0.00000000
1.84923715,-41.73228000,0.00000000
1.84964515,-44.48819000,0.00000000
1.85005315,-46.45670000,-0.07874016
1.85046115,-48.03149000,0.00000000
1.85086915,-48.81890000,0.00000000
1.85127715,-Infinity,0.00000000
1.85168515,-49.60630000,-0.07874016
1.85209315,-49.21260000,-0.07874016
1.85250115,-48.42520000,0.00000000
1.85290915,-46.45670000,0.00000000
1.85331715,-44.48819000,-0.07874016
1.85372515,-42.12598000,0.00000000
1.85413315,-39.37008000,-0.07874016
1.85454115,-35.82677000,0.00000000
1.85494915,-32.28346000,0.00000000
1.85535715,-27.95276000,-0.07874016
1.85576515,-23.62205000,0.00000000
1.85617315,-19.29134000,0.00000000
1.85658115,-14.17323000,-0.07874016
1.85698915,-9.05511800,0.00000000
1.85739715,-3.93700800,-0.07874016
1.85780515,0.78740160,-0.07874016
1.85821315,6.69291400,0.00000000
1.85862115,11.02362000,0.00000000
1.85902915,16.53543000,0.00000000
1.85943715,21.25984000,0.00000000
1.85984515,25.98425000,0.00000000
1.86025315,29.92126000,0.00000000
1.86066115,34.25197000,-0.07874016
1.86106915,37.79528000,0.00000000
1.86147715,41.33858000,0.00000000
1.86188515,44.09449000,0.00000000
1.86229315,46.85040000,-0.07874016
1.86270115,48.42520000,0.00000000
1.86310915,49.60630000,-0.07874016
1.86351715,Infinity,0.00000000
1.86392515,Infinity,0.00000000
1.86433315,Infinity,0.00000000
1.86474115,Infinity,0.00000000
1.86514915,48.81890000,-0.07874016
1.86555715,47.24409000,-0.07874016
1.86596515,44.48819000,0.00000000
1.86637315,42.12598000,0.00000000
1.86678115,38.97638000,0.00000000
1.86718915,35.43307000,0.00000000
1.86759715,31.88976000,-0.07874016
1.86800515,27.55906000,-0.07874016
1.86841315,22.83465000,0.00000000
1.86882115,18.11024000,0.00000000
1.86922915,12.99213000,0.00000000
1.86963715,8.26771600,0.00000000
1.87004515,2.75590500,0.00000000
1.87045315,-2.36220500,0.00000000
1.87086115,-7.48031500,0.00000000
1.87126915,-12.59842000,0.00000000
1.87167715,-17.32283000,0.00000000
1.87208515,-22.83465000,-0.07874016
1.87249315,-27.16535000,0.00000000
1.87290115,-31.10236000,0.00000000
1.87330915,-35.03937000,0.00000000
1.87371715,-38.58268000,0.00000000
1.87412515,-41.33858000,0.00000000
1.87453315,-44.48819000,-0.07874016
1.87494115,-46.45670000,0.00000000
1.87534915,-48.03149000,0.00000000
1.87575715,-49.60630000,0.00000000
1.87616515,-Infinity,-0.07874016
1.87657315,-Infinity,0.00000000
1.87698115,-Infinity,0.00000000
1.87738915,-49.21260000,0.00000000
1.87779715,-48.03149000,0.00000000
1.87820515,-45.66929000,0.00000000
1.87861315,-43.30709000,-0.07874016
1.87902115,-40.55118000,-0.07874016
1.87942915,-37.00788000,-0.07874016
1.87983715,-33.07087000,-0.07874016
1.88024514,-28.74016000,-0.07874016
1.88065314,-24.80315000,0.00000000
1.88106114,-20.07874000,-0.07874016
1.88146914,-15.35433000,0.00000000
1.88187714,-9.84252000,-0.07874016
1.88228514,-5.11811000,0.00000000
1.88269314,0.39370080,0.00000000
1.88310114,5.51181100,0.00000000
1.88350914,11.02362000,0.00000000
1.88391714,15.35433000,0.00000000
1.88432514,20.86614000,-0.07874016
1.88473314,25.19685000,0.00000000
1.88514114,29.92126000,-0.07874016
1.88554914,33.85827000,-0.07874016
1.88595714,37.79528000,-0.07874016
1.88636514,41.33858000,0.00000000
1.88677314,44.09449000,0.00000000
1.88718114,46.45670000,0.00000000
1.88758914,48.81890000,0.00000000
1.88799714,Infinity,-0.07874016
1.88840514,Infinity,0.00000000
1.88881314,Infinity,0.00000000
1.88922114,Infinity,-0.07874016
1.88962914,Infinity,0.00000000
1.89003714,Infinity,0.00000000
1.89044514,47.63779000,0.00000000
1.89085314,46.06299000,0.00000000
1.89126114,42.91338000,0.00000000
1.89166914,39.76378000,0.00000000
1.89207714,36.61417000,0.00000000
1.89248514,32.67717000,-0.07874016
1.89289314,28.34646000,0.00000000
1.89330114,24.01575000,-0.07874016
1.89370914,18.89764000,0.00000000
1.89411714,13.77953000,0.00000000
1.89452514,9.05511800,-0.07874016
1.89493314,3.54330700,-0.07874016
1.89534114,-1.96850400,0.00000000
1.89574914,-6.69291400,-0.07874016
1.89615714,-12.20472000,0.00000000
1.89656514,-17.32283000,0.00000000
1.89697314,-22.44094000,0.00000000
1.89738114,-26.77165000,0.00000000
1.89778914,-31.10236000,0.00000000
1.89819714,-35.03937000,0.00000000
1.89860514,-38.58268000,0.00000000
1.89901314,-41.73228000,-0.07874016
1.89942114,-44.48819000,0.00000000
1.89982914,-46.85040000,0.00000000
1.90023714,-49.21260000,0.00000000
1.90064514,-49.60630000,0.00000000
1.90105314,-Infinity,0.00000000
1.90146114,-Infinity,0.00000000
1.90186914,-Infinity,-0.07874016
1.90227714,-49.60630000,-0.07874016
1.90268514,-48.42520000,0.00000000
1.90309314,-46.45670000,-0.07874016
1.90350114,-44.09449000,-0.07874016
1.90390914,-41.33858000,-0.07874016
1.90431714,-38.18898000,-0.07874016
1.90472514,-34.25197000,0.00000000
1.90513314,-30.31496000,0.00000000
1.90554114,-25.19685000,-0.07874016
1.90594914,-20.86614000,0.00000000
1.90635714,-16.14173000,-0.07874016
1.90676514,-11.02362000,0.00000000
1.90717314,-5.90551200,0.00000000
1.90758114,-0.39370080,0.00000000
1.90798914,4.72441000,-0.07874016
1.90839714,9.84252000,-0.07874016
1.90880514,14.96063000,-0.07874016
1.90921314,20.47244000,0.00000000
1.90962114,24.80315000,0.00000000
1.91002914,29.52756000,0.00000000
1.91043714,33.85827000,-0.07874016
1.91084514,37.40158000,0.00000000
1.91125314,40.94488000,0.00000000
1.91166114,44.09449000,0.00000000
1.91206914,46.45670000,0.00000000
1.91247714,48.81890000,0.00000000
1.91288514,Infinity,0.00000000
1.91329314,Infinity,-0.07874016
1.91370114,Infinity,-0.07874016
1.91410914,Infinity,0.00000000
1.91451714,Infinity,-0.07874016
1.91492514,Infinity,0.00000000
1.91533314,48.81890000,0.00000000
1.91574114,46.45670000,0.00000000
1.91614914,43.70079000,-0.07874016
1.91655714,40.55118000,0.00000000
1.91696514,37.40158000,0.00000000
1.91737314,33.46457000,0.00000000
1.91778114,29.13386000,-0.07874016
1.91818914,24.80315000,0.00000000
1.91859714,20.07874000,0.00000000
1.91900514,14.96063000,0.00000000
1.91941314,10.23622000,-0.07874016
1.91982114,4.33070900,0.00000000
1.92022914,-0.78740160,-0.07874016
1.92063714,-5.51181100,0.00000000
1.92104514,-11.02362000,0.00000000
1.92145314,-16.53543000,0.00000000
1.92186114,-21.25984000,0.00000000
1.92226914,-25.98425000,0.00000000
1.92267714,-30.31496000,0.00000000
1.92308514,-34.25197000,0.00000000
1.92349314,-38.18898000,0.00000000
1.92390114,-41.33858000,0.00000000
1.92430914,-44.48819000,-0.07874016
1.92471714,-46.85040000,0.00000000
1.92512514,-48.81890000,-0.07874016
1.92553314,-Infinity,0.00000000
1.92594114,-Infinity,0.00000000
1.92634914,-Infinity,0.00000000
1.92675714,-Infinity,0.00000000
1.92716514,-Infinity,-0.07874016
1.92757314,-49.21260000,-0.07874016
1.92798114,-47.63779000,0.00000000
1.92838914,-44.88189000,-0.07874016
1.92879714,-42.12598000,0.00000000
1.92920514,-38.58268000,0.00000000
1.92961314,-35.43307000,-0.07874016
1.93002114,-31.10236000,0.00000000
1.93042914,-26.77165000,-0.07874016
1.93083714,-22.04724000,0.00000000
1.93124514,-17.32283000,0.00000000
1.93165314,-11.81102000,-0.07874016
1.93206114,-7.08661400,-0.07874016
1.93246914,-1.57480300,0.00000000
1.93287714,3.93700800,-0.07874016
1.93328514,9.05511800,0.00000000
1.93369314,14.17323000,-0.07874016
1.93410114,19.29134000,-0.07874016
1.93450914,24.40945000,-0.07874016
1.93491714,28.74016000,-0.07874016
1.93532514,32.67717000,0.00000000
1.93573314,37.00788000,0.00000000
1.93614114,40.55118000,-0.07874016
1.93654914,43.70079000,0.00000000
1.93695714,46.06299000,-0.07874016
1.93736514,48.42520000,0.00000000
1.93777314,Infinity,0.00000000
1.93818114,Infinity,0.00000000
1.93858914,Infinity,0.00000000
1.93899714,Infinity,-0.07874016
1.93940514,Infinity,-0.07874016
1.93981314,Infinity,0.00000000
1.94022114,49.21260000,0.00000000
1.94062914,46.85040000,0.00000000
1.94103714,44.48819000,0.00000000
1.94144514,41.33858000,0.00000000
1.94185314,38.18898000,0.00000000
1.94226114,34.25197000,0.00000000
1.94266914,29.92126000,0.00000000
1.94307714,25.98425000,0.00000000
1.94348514,20.86614000,0.00000000
1.94389314,15.74803000,0.00000000
1.94430114,10.62992000,0.00000000
1.94470914,5.51181100,0.00000000
1.94511714,0.00000000,0.00000000
1.94552514,-5.11811000,0.00000000
1.94593314,-10.62992000,0.00000000
1.94634114,-15.35433000,0.00000000
1.94674914,-20.47244000,0.00000000
1.94715714,-25.19685000,0.00000000
1.94756514,-29.92126000,0.00000000
1.94797314,-33.85827000,-0.07874016
1.94838114,-37.79528000,0.00000000
1.94878914,-40.55118000,0.00000000
1.94919714,-44.09449000,0.00000000
1.94960514,-46.06299000,-0.07874016
1.95001314,-48.42520000,0.00000000
1.95042114,-Infinity,0.00000000
1.95082914,-Infinity,0.00000000
1.95123714,-Infinity,-0.07874016
1.95164514,-Infinity,0.00000000
1.95205314,-Infinity,0.00000000
1.95246114,-49.21260000,0.00000000
1.95286914,-47.63779000,-0.07874016
1.95327714,-45.27559000,0.00000000
1.95368514,-42.51968000,0.00000000
1.95409314,-39.76378000,0.00000000
1.95450114,-35.82677000,-0.07874016
1.95490914,-31.88976000,0.00000000
1.95531714,-27.16535000,0.00000000
1.95572514,-22.83465000,0.00000000
1.95613314,-17.71653000,0.00000000
1.95654114,-12.99213000,-0.07874016
1.95694914,-7.48031500,-0.07874016
1.95735714,-2.75590500,-0.07874016
1.95776514,2.75590500,-0.07874016
1.95817314,8.26771600,0.00000000
1.95858114,13.38583000,-0.07874016
1.95898914,18.50394000,0.00000000
1.95939714,23.22835000,-0.07874016
1.95980514,27.95276000,0.00000000
1.96021314,32.28346000,0.00000000
1.96062114,36.61417000,0.00000000
1.96102914,39.76378000,0.00000000
1.96143714,43.30709000,0.00000000
1.96184514,46.06299000,0.00000000
1.96225314,48.42520000,0.00000000
1.96266114,Infinity,0.00000000
1.96306914,Infinity,-0.07874016
1.96347714,Infinity,-0.07874016
1.96388514,Infinity,0.00000000
1.96429314,Infinity,-0.07874016
1.96470114,Infinity,0.00000000
1.96510914,49.60630000,0.00000000
1.96551714,47.63779000,-0.07874016
1.96592514,45.27559000,0.00000000
1.96633314,42.12598000,0.00000000
1.96674114,38.97638000,0.00000000
1.96714914,35.03937000,0.00000000
1.96755714,30.70866000,0.00000000
1.96796514,26.37795000,0.00000000
1.96837314,22.04724000,-0.07874016
1.96878114,16.92913000,0.00000000
1.96918914,11.81102000,-0.07874016
1.96959714,6.69291400,0.00000000
1.97000514,1.18110200,0.00000000
1.97041314,-3.93700800,0.00000000
1.97082114,-9.05511800,0.00000000
1.97122914,-14.56693000,0.00000000
1.97163714,-19.29134000,0.00000000
1.97204514,-24.01575000,0.00000000
1.97245314,-28.74016000,0.00000000
1.97286114,-32.67717000,0.00000000
1.97326914,-37.00788000,0.00000000
1.97367714,-40.15748000,0.00000000
1.97408514,-43.30709000,0.00000000
1.97449314,-46.06299000,0.00000000
1.97490114,-48.03149000,-0.07874016
1.97530914,-49.60630000,0.00000000
1.97571714,-Infinity,-0.07874016
1.97612514,-Infinity,0.00000000
1.97653314,-Infinity,0.00000000
1.97694114,-Infinity,0.00000000
1.97734914,-49.60630000,0.00000000
1.97775714,-48.03149000,0.00000000
1.97816514,-46.06299000,0.00000000
1.97857314,-43.30709000,-0.07874016
1.97898114,-40.15748000,0.00000000
1.97938914,-37.00788000,0.00000000
1.97979714,-32.67717000,0.00000000
1.98020514,-28.34646000,0.00000000
1.98061314,-24.01575000,-0.07874016
1.98102114,-19.29134000,-0.07874016
1.98142914,-14.17323000,0.00000000
1.98183714,-9.05511800,0.00000000
1.98224514,-3.54330700,-0.07874016
1.98265314,1.57480300,0.00000000
1.98306114,7.08661400,-0.07874016
1.98346914,12.20472000,0.00000000
1.98387714,17.32283000,-0.07874016
1.98428514,22.44094000,0.00000000
1.98469314,27.16535000,0.00000000
1.98510114,31.49606000,-0.07874016
1.98550914,35.82677000,0.00000000
1.98591714,38.97638000,0.00000000
1.98632514,42.91338000,-0.07874016
1.98673314,45.66929000,0.00000000
1.98714114,47.63779000,0.00000000
1.98754914,Infinity,0.00000000
1.98795714,Infinity,0.00000000
1.98836514,Infinity,0.00000000
1.98877314,Infinity,-0.07874016
1.98918114,Infinity,0.00000000
1.98958914,Infinity,0.00000000
1.98999714,Infinity,0.00000000
1.99040514,48.42520000,0.00000000
1.99081314,45.66929000,0.00000000
1.99122114,43.30709000,-0.07874016
1.99162914,39.37008000,-0.07874016
1.99203714,35.82677000,0.00000000
1.99244514,31.88976000,0.00000000
1.99285314,27.95276000,0.00000000
1.99326114,22.83465000,0.00000000
1.99366914,18.11024000,0.00000000
1.99407714,12.99213000,0.00000000
1.99448514,7.48031500,-0.07874016
1.99489314,2.36220500,0.00000000
1.99530114,-3.14960600,0.00000000
1.99570914,-7.87401600,0.00000000
1.99611714,-13.38583000,0.00000000
1.99652514,-18.50394000,0.00000000
1.99693314,-23.22835000,0.00000000
1.99734114,-27.55906000,0.00000000
1.99774914,-32.28346000,-0.07874016
1.99815714,-36.22047000,0.00000000
1.99856514,-40.15748000,-0.07874016
1.99897314,-42.91338000,-0.07874016
1.99938114,-45.27559000,-0.07874016
1.99978914,-47.63779000,0.00000000
2.00019714,-49.60630000,0.00000000
2.00060514,-Infinity,0.00000000
2.00101314,-Infinity,0.00000000
2.00142114,-Infinity,0.00000000
2.00182914,-Infinity,-0.07874016
2.00223714,-Infinity,0.00000000
2.00264514,-48.42520000,0.00000000
2.00305314,-46.45670000,0.00000000
2.00346114,-44.09449000,-0.07874016
2.00386914,-40.94488000,0.00000000
2.00427714,-37.00788000,0.00000000
2.00468514,-33.46457000,0.00000000
2.00509314,-29.13386000,-0.07874016
2.00550114,-25.19685000,0.00000000
2.00590914,-20.07874000,0.00000000
2.00631714,-15.35433000,-0.07874016
2.00672514,-9.84252000,-0.07874016
2.00713314,-4.33070900,0.00000000
2.00754114,0.78740160,0.00000000
2.00794914,5.90551200,-0.07874016
2.00835714,11.02362000,0.00000000
2.00876514,16.14173000,0.00000000
2.00917314,21.25984000,0.00000000
2.00958114,25.98425000,0.00000000
2.00998914,30.31496000,0.00000000
2.01039714,34.64567000,0.00000000
2.01080514,38.58268000,-0.07874016
2.01121314,41.73228000,0.00000000
2.01162114,44.88189000,0.00000000
2.01202914,47.63779000,0.00000000
2.01243714,49.21260000,0.00000000
2.01284514,Infinity,0.00000000
2.01325314,Infinity,0.00000000
2.01366114,Infinity,0.00000000
2.01406914,Infinity,0.00000000
2.01447714,Infinity,0.00000000
2.01488514,Infinity,0.00000000
2.01529314,48.81890000,0.00000000
2.01570114,46.45670000,0.00000000
2.01610914,43.30709000,0.00000000
2.01651714,40.55118000,0.00000000
2.01692514,37.00788000,0.00000000
2.01733314,32.67717000,0.00000000
2.01774114,28.74016000,0.00000000
2.01814914,24.01575000,0.00000000
2.01855714,18.89764000,0.00000000
2.01896514,14.17323000,0.00000000
2.01937314,8.66141700,0.00000000
2.01978114,3.93700800,0.00000000
2.02018914,-1.57480300,0.00000000
2.02059714,-6.69291400,-0.07874016
2.02100514,-11.81102000,0.00000000
2.02141314,-16.92913000,0.00000000
2.02182114,-22.04724000,0.00000000
2.02222914,-26.77165000,0.00000000
2.02263714,-31.10236000,0.00000000
2.02304514,-35.03937000,0.00000000
2.02345314,-38.58268000,0.00000000
2.02386114,-41.73228000,0.00000000
2.02426914,-44.48819000,0.00000000
2.02467714,-47.24409000,0.00000000
2.02508514,-48.81890000,0.00000000
2.02549314,-Infinity,0.00000000
2.02590114,-Infinity,0.00000000
2.02630914,-Infinity,0.00000000
2.02671714,-Infinity,0.00000000
2.02712514,-Infinity,0.00000000
2.02753314,-48.81890000,0.00000000
2.02794114,-46.85040000,-0.07874016
2.02834914,-44.88189000,0.00000000
2.02875714,-41.73228000,0.00000000
2.02916514,-38.18898000,0.00000000
2.02957314,-34.25197000,-0.07874016
2.02998114,-30.70866000,0.00000000
2.03038914,-25.98425000,0.00000000
2.03079714,-21.65354000,0.00000000
2.03120514,-16.53543000,-0.07874016
2.03161314,-11.41732000,0.00000000
2.03202114,-5.90551200,-0.07874016
2.03242914,-1.18110200,0.00000000
2.03283714,4.72441000,-0.07874016
2.03324514,9.44881900,-0.07874016
2.03365314,14.96063000,0.00000000
2.03406114,19.68504000,0.00000000
2.03446914,24.40945000,-0.07874016
2.03487714,29.13386000,0.00000000
2.03528514,33.85827000,0.00000000
2.03569314,37.00788000,0.00000000
2.03610114,40.94488000,0.00000000
2.03650914,43.70079000,0.00000000
2.03691714,46.85040000,0.00000000
2.03732514,48.81890000,0.00000000
2.03773314,Infinity,-0.07874016
2.03814114,Infinity,0.00000000
2.03854914,Infinity,-0.07874016
2.03895714,Infinity,0.00000000
2.03936514,Infinity,0.00000000
2.03977314,Infinity,0.00000000
2.04018114,48.81890000,-0.07874016
2.04058914,46.85040000,0.00000000
2.04099714,44.48819000,0.00000000
2.04140514,41.33858000,-0.07874016
2.04181314,37.79528000,0.00000000
2.04222114,33.85827000,0.00000000
2.04262914,29.52756000,0.00000000
2.04303714,25.19685000,-0.07874016
2.04344514,20.47244000,0.00000000
2.04385314,15.74803000,-0.07874016
2.04426114,10.23622000,0.00000000
2.04466914,5.11811000,0.00000000
2.04507714,0.00000000,0.00000000
2.04548514,-5.51181100,0.00000000
2.04589314,-10.62992000,0.00000000
2.04630114,-15.74803000,0.00000000
2.04670914,-20.86614000,0.00000000
2.04711714,-25.59055000,-0.07874016
2.04752514,-29.92126000,-0.07874016
2.04793314,-34.25197000,0.00000000
2.04834114,-38.18898000,0.00000000
2.04874914,-41.33858000,0.00000000
2.04915714,-44.09449000,0.00000000
2.04956514,-46.45670000,0.00000000
2.04997314,-48.42520000,-0.07874016
2.05038114,-Infinity,0.00000000
2.05078914,-Infinity,0.00000000
2.05119714,-Infinity,0.00000000
2.05160514,-Infinity,-0.07874016
2.05201314,-Infinity,0.00000000
2.05242114,-49.21260000,0.00000000
2.05282914,-47.24409000,-0.07874016
2.05323714,-45.27559000,-0.07874016
2.05364514,-42.51968000,0.00000000
2.05405314,-38.97638000,0.00000000
2.05446114,-35.43307000,-0.07874016
2.05486914,-31.49606000,0.00000000
2.05527714,-27.16535000,-0.07874016
2.05568514,-22.83465000,0.00000000
2.05609314,-17.32283000,-0.07874016
2.05650114,-12.99213000,-0.07874016
2.05690913,-7.48031500,0.00000000
2.05731713,-1.96850400,0.00000000
2.05772513,3.14960600,0.00000000
2.05813313,8.26771600,0.00000000
2.05854113,13.77953000,0.00000000
2.05894913,18.50394000,0.00000000
2.05935713,23.62205000,-0.07874016
2.05976513,27.95276000,0.00000000
2.06017313,32.28346000,0.00000000
2.06058113,36.61417000,0.00000000
2.06098913,39.76378000,0.00000000
2.06139713,42.91338000,0.00000000
2.06180513,45.66929000,0.00000000
2.06221313,48.03149000,-0.07874016
2.06262113,Infinity,0.00000000
2.06302913,Infinity,0.00000000
2.06343713,Infinity,0.00000000
2.06384513,Infinity,0.00000000
2.06425313,Infinity,0.00000000
2.06466113,Infinity,-0.07874016
2.06506913,49.21260000,0.00000000
2.06547713,47.24409000,-0.07874016
2.06588513,44.88189000,0.00000000
2.06629313,41.73228000,0.00000000
2.06670113,38.97638000,-0.07874016
2.06710913,35.03937000,0.00000000
2.06751713,30.70866000,0.00000000
2.06792513,26.37795000,0.00000000
2.06833313,21.25984000,0.00000000
2.06874113,16.92913000,-0.07874016
2.06914913,11.41732000,0.00000000
2.06955713,6.29921200,0.00000000
2.06996513,1.18110200,0.00000000
2.07037313,-3.93700800,0.00000000
2.07078113,-9.44881900,0.00000000
2.07118913,-14.17323000,0.00000000
2.07159713,-19.29134000,0.00000000
2.07200513,-24.40945000,0.00000000
2.07241313,-28.74016000,0.00000000
2.07282113,-32.67717000,0.00000000
2.07322913,-36.61417000,0.00000000
2.07363713,-40.15748000,0.00000000
2.07404513,-43.30709000,0.00000000
2.07445313,-45.66929000,0.00000000
2.07486113,-48.03149000,0.00000000
2.07526913,-49.60630000,0.00000000
2.07567713,-Infinity,0.00000000
2.07608513,-Infinity,0.00000000
2.07649313,-Infinity,0.00000000
2.07690113,-Infinity,-0.07874016
2.07730913,-49.21260000,0.00000000
2.07771713,-47.63779000,-0.07874016
2.07812513,-45.66929000,0.00000000
2.07853313,-42.91338000,0.00000000
2.07894113,-39.76378000,0.00000000
2.07934913,-36.61417000,0.00000000
2.07975713,-32.28346000,0.00000000
2.08016513,-28.74016000,-0.07874016
2.08057313,-24.01575000,0.00000000
2.08098113,-19.29134000,0.00000000
2.08138913,-14.17323000,-0.07874016
2.08179713,-8.66141700,0.00000000
2.08220513,-3.54330700,0.00000000
2.08261313,1.57480300,-0.07874016
2.08302113,7.08661400,-0.07874016
2.08342913,12.20472000,-0.07874016
2.08383713,17.32283000,0.00000000
2.08424513,22.44094000,0.00000000
2.08465313,26.37795000,0.00000000
2.08506113,31.10236000,-0.07874016
2.08546913,35.43307000,0.00000000
2.08587713,38.58268000,0.00000000
2.08628513,42.12598000,0.00000000
2.08669313,44.88189000,-0.07874016
2.08710113,47.24409000,0.00000000
2.08750913,49.21260000,0.00000000
2.08791713,Infinity,0.00000000
2.08832513,Infinity,0.00000000
2.08873313,Infinity,0.00000000
2.08914113,Infinity,-0.07874016
2.08954913,Infinity,0.00000000
2.08995713,49.60630000,0.00000000
2.09036513,47.63779000,0.00000000
2.09077313,45.27559000,0.00000000
2.09118113,42.91338000,0.00000000
2.09158913,39.37008000,0.00000000
2.09199713,36.22047000,0.00000000
2.09240513,31.88976000,0.00000000
2.09281313,27.55906000,0.00000000
2.09322113,22.44094000,0.00000000
2.09362913,18.11024000,0.00000000
2.09403713,12.99213000,0.00000000
2.09444513,7.87401600,0.00000000
2.09485313,2.36220500,0.00000000
2.09526113,-2.75590500,-0.07874016
2.09566913,-7.87401600,0.00000000
2.09607713,-12.99213000,0.00000000
2.09648513,-18.11024000,0.00000000
2.09689313,-22.83465000,0.00000000
2.09730113,-27.16535000,-0.07874016
2.09770913,-31.49606000,0.00000000
2.09811713,-35.43307000,0.00000000
2.09852513,-39.37008000,0.00000000
2.09893313,-42.12598000,-0.07874016
2.09934113,-44.88189000,0.00000000
2.09974913,-47.63779000,0.00000000
2.10015713,-48.81890000,0.00000000
2.10056513,-Infinity,-0.07874016
2.10097313,-Infinity,0.00000000
2.10138113,-Infinity,-0.07874016
2.10178913,-Infinity,0.00000000
2.10219713,-49.60630000,0.00000000
2.10260513,-48.03149000,0.00000000
2.10301313,-46.06299000,0.00000000
2.10342113,-43.70079000,0.00000000
2.10382913,-40.55118000,0.00000000
2.10423713,-37.40158000,0.00000000
2.10464513,-33.46457000,-0.07874016
2.10505313,-29.13386000,0.00000000
2.10546113,-25.19685000,-0.07874016
2.10586913,-20.07874000,0.00000000
2.10627713,-15.35433000,0.00000000
2.10668513,-10.23622000,0.00000000
2.10709313,-5.11811000,0.00000000
2.10750113,0.39370080,0.00000000
2.10790913,5.90551200,0.00000000
2.10831713,10.62992000,0.00000000
2.10872513,16.14173000,0.00000000
2.10913313,20.86614000,0.00000000
2.10954113,25.59055000,-0.07874016
2.10994913,29.92126000,0.00000000
2.11035713,34.25197000,0.00000000
2.11076513,37.79528000,-0.07874016
2.11117313,41.33858000,-0.07874016
2.11158113,44.48819000,0.00000000
2.11198913,46.85040000,0.00000000
2.11239713,48.81890000,-0.07874016
2.11280513,Infinity,0.00000000
2.11321313,Infinity,-0.07874016
2.11362113,Infinity,-0.07874016
2.11402913,Infinity,0.00000000
2.11443713,Infinity,0.00000000
2.11484513,49.60630000,0.00000000
2.11525313,48.03149000,-0.07874016
2.11566113,46.06299000,0.00000000
2.11606913,42.91338000,0.00000000
2.11647713,39.76378000,0.00000000
2.11688513,36.22047000,0.00000000
2.11729313,32.28346000,0.00000000
2.11770113,28.34646000,-0.07874016
2.11810913,23.62205000,0.00000000
2.11851713,18.89764000,0.00000000
2.11892513,13.77953000,0.00000000
2.11933313,8.66141700,0.00000000
2.11974113,3.54330700,-0.07874016
2.12014913,-1.57480300,0.00000000
2.12055713,-6.69291400,0.00000000
2.12096513,-11.81102000,0.00000000
2.12137313,-16.92913000,0.00000000
2.12178113,-21.65354000,0.00000000
2.12218913,-26.37795000,-0.07874016
2.12259713,-30.31496000,0.00000000
2.12300513,-34.64567000,0.00000000
2.12341313,-38.18898000,0.00000000
2.12382113,-41.33858000,0.00000000
2.12422913,-44.09449000,0.00000000
2.12463713,-46.06299000,0.00000000
2.12504513,-48.03149000,-0.07874016
2.12545313,-49.21260000,0.00000000
2.12586113,-49.60630000,-0.07874016
2.12626913,-Infinity,0.00000000
2.12667713,-Infinity,0.00000000
2.12708513,-48.81890000,0.00000000
2.12749313,-47.63779000,0.00000000
2.12790113,-45.66929000,0.00000000
2.12830913,-43.30709000,0.00000000
2.12871713,-40.94488000,0.00000000
2.12912513,-37.40158000,-0.07874016
2.12953313,-33.85827000,0.00000000
2.12994113,-29.52756000,-0.07874016
2.13034913,-25.19685000,0.00000000
2.13075713,-20.86614000,-0.07874016
2.13116513,-15.74803000,0.00000000
2.13157313,-11.02362000,0.00000000
2.13198113,-5.90551200,0.00000000
2.13238913,-0.78740160,-0.07874016
2.13279713,4.72441000,-0.07874016
2.13320513,9.44881900,-0.07874016
2.13361313,14.17323000,0.00000000
2.13402113,20.07874000,0.00000000
2.13442913,24.01575000,-0.07874016
2.13483713,28.74016000,0.00000000
2.13524513,32.67717000,0.00000000
2.13565313,36.61417000,0.00000000
2.13606113,39.76378000,-0.07874016
2.13646913,42.91338000,0.00000000
2.13687713,45.27559000,0.00000000
2.13728513,47.24409000,-0.07874016
2.13769313,48.81890000,0.00000000
2.13810113,Infinity,-0.07874016
2.13850913,Infinity,0.00000000
2.13891713,Infinity,0.00000000
2.13932513,49.60630000,0.00000000
2.13973313,48.81890000,0.00000000
2.14014113,46.85040000,0.00000000
2.14054913,45.27559000,0.00000000
2.14095713,42.51968000,0.00000000
2.14136513,39.76378000,0.00000000
2.14177313,36.22047000,0.00000000
2.14218113,32.28346000,0.00000000
2.14258913,28.34646000,0.00000000
2.14299713,24.01575000,0.00000000
2.14340513,19.68504000,0.00000000
2.14381313,14.96063000,0.00000000
2.14422113,9.84252000,0.00000000
2.14462913,5.11811000,-0.07874016
2.14503713,0.00000000,0.00000000
2.14544513,-5.51181100,0.00000000
2.14585313,-10.23622000,0.00000000
2.14626113,-15.35433000,0.00000000
2.14666913,-20.07874000,0.00000000
2.14707713,-24.80315000,-0.07874016
2.14748513,-28.74016000,0.00000000
2.14789313,-32.67717000,-0.07874016
2.14830113,-36.22047000,0.00000000
2.14870913,-39.37008000,-0.07874016
2.14911713,-41.73228000,0.00000000
2.14952513,-44.48819000,-0.07874016
2.14993313,-46.06299000,0.00000000
2.15034113,-47.63779000,-0.07874016
2.15074913,-48.42520000,0.00000000
2.15115713,-48.81890000,0.00000000
2.15156513,-48.81890000,0.00000000
2.15197313,-47.63779000,-0.07874016
2.15238113,-47.24409000,0.00000000
2.15278913,-44.88189000,-0.07874016
2.15319713,-42.51968000,0.00000000
2.15360513,-40.15748000,-0.07874016
2.15401313,-37.00788000,-0.07874016
2.15442113,-33.46457000,-0.07874016
2.15482913,-29.92126000,0.00000000
2.15523713,-25.59055000,-0.07874016
2.15564513,-20.86614000,0.00000000
2.15605313,-16.92913000,-0.07874016
2.15646113,-11.81102000,0.00000000
2.15686913,-6.69291400,-0.07874016
2.15727713,-2.36220500,0.00000000
2.15768513,3.14960600,0.00000000
2.15809313,7.87401600,-0.07874016
2.15850113,12.99213000,0.00000000
2.15890913,17.71653000,0.00000000
2.15931713,22.44094000,0.00000000
2.15972513,26.37795000,0.00000000
2.16013313,30.31496000,-0.07874016
2.16054113,34.64567000,0.00000000
2.16094913,37.79528000,-0.07874016
2.16135713,40.55118000,0.00000000
2.16176513,42.91338000,-0.07874016
2.16217313,45.27559000,-0.07874016
2.16258113,46.85040000,0.00000000
2.16298913,48.03149000,0.00000000
2.16339713,48.42520000,0.00000000
2.16380513,48.81890000,0.00000000
2.16421313,48.03149000,0.00000000
2.16462113,47.24409000,-0.07874016
2.16502913,46.45670000,-0.07874016
2.16543713,44.09449000,0.00000000
2.16584513,41.73228000,-0.07874016
2.16625313,38.97638000,0.00000000
2.16666113,35.82677000,0.00000000
2.16706913,32.28346000,0.00000000
2.16747713,28.74016000,0.00000000
2.16788513,24.01575000,0.00000000
2.16829313,19.68504000,0.00000000
2.16870113,15.35433000,0.00000000
2.16910913,10.62992000,0.00000000
2.16951713,5.90551200,0.00000000
2.16992513,0.78740160,0.00000000
2.17033313,-3.93700800,0.00000000
2.17074113,-8.66141700,0.00000000
2.17114913,-13.77953000,0.00000000
2.17155713,-18.11024000,0.00000000
2.17196513,-22.44094000,0.00000000
2.17237313,-26.77165000,0.00000000
2.17278113,-30.70866000,0.00000000
2.17318913,-33.85827000,0.00000000
2.17359713,-37.00788000,0.00000000
2.17400513,-40.15748000,0.00000000
2.17441313,-42.12598000,0.00000000
2.17482113,-44.09449000,0.00000000
2.17522913,-45.27559000,0.00000000
2.17563713,-46.06299000,0.00000000
2.17604513,-47.24409000,0.00000000
2.17645313,-46.45670000,0.00000000
2.17686113,-46.06299000,0.00000000
2.17726913,-45.27559000,-0.07874016
2.17767713,-43.30709000,0.00000000
2.17808513,-41.33858000,0.00000000
2.17849313,-38.97638000,-0.07874016
2.17890113,-36.22047000,-0.07874016
2.17930913,-32.67717000,0.00000000
2.17971713,-29.13386000,-0.07874016
2.18012513,-25.19685000,-0.07874016
2.18053313,-20.86614000,-0.07874016
2.18094113,-16.92913000,-0.07874016
2.18134913,-11.81102000,0.00000000
2.18175713,-7.87401600,-0.07874016
2.18216513,-3.14960600,0.00000000
2.18257313,1.96850400,-0.07874016
2.18298113,7.08661400,-0.07874016
2.18338913,11.02362000,0.00000000
2.18379713,15.74803000,0.00000000
2.18420513,20.47244000,0.00000000
2.18461313,24.80315000,-0.07874016
2.18502113,28.34646000,0.00000000
2.18542913,31.88976000,-0.07874016
2.18583713,35.43307000,0.00000000
2.18624513,38.18898000,-0.07874016
2.18665313,40.55118000,-0.07874016
2.18706113,43.30709000,0.00000000
2.18746913,44.09449000,0.00000000
2.18787713,45.27559000,0.00000000
2.18828513,46.06299000,0.00000000
2.18869313,46.06299000,0.00000000
2.18910113,45.66929000,0.00000000
2.18950913,45.27559000,0.00000000
2.18991713,43.70079000,0.00000000
2.19032513,42.12598000,0.00000000
2.19073313,39.76378000,0.00000000
2.19114113,37.40158000,-0.07874016
2.19154913,34.25197000,0.00000000
2.19195713,30.70866000,0.00000000
2.19236513,27.55906000,0.00000000
2.19277313,23.62205000,0.00000000
2.19318113,19.68504000,-0.07874016
2.19358913,15.35433000,-0.07874016
2.19399713,11.02362000,0.00000000
2.19440513,6.29921200,0.00000000
2.19481313,1.96850400,0.00000000
2.19522113,-3.14960600,-0.07874016
2.19562913,-7.48031500,0.00000000
2.19603713,-11.81102000,0.00000000
2.19644513,-16.53543000,0.00000000
2.19685313,-20.47244000,0.00000000
2.19726113,-24.01575000,0.00000000
2.19766913,-27.95276000,0.00000000
2.19807713,-31.10236000,0.00000000
2.19848513,-34.25197000,-0.07874016
2.19889313,-37.00788000,0.00000000
2.19930113,-38.97638000,0.00000000
2.19970913,-40.94488000,0.00000000
2.20011713,-42.12598000,-0.07874016
2.20052513,-42.91338000,0.00000000
2.20093313,-43.70079000,0.00000000
2.20134113,-43.70079000,0.00000000
2.20174913,-42.91338000,0.00000000
2.20215713,-42.12598000,0.00000000
2.20256513,-40.94488000,-0.07874016
2.20297313,-38.97638000,0.00000000
2.20338113,-36.61417000,0.00000000
2.20378913,-34.25197000,-0.07874016
2.20419713,-31.10236000,0.00000000
2.20460513,-28.34646000,-0.07874016
2.20501313,-24.40945000,0.00000000
2.20542113,-20.47244000,0.00000000
2.20582913,-16.92913000,-0.07874016
2.20623713,-12.59842000,-0.07874016
2.20664513,-7.87401600,-0.07874016
2.20705313,-3.93700800,0.00000000
2.20746113,0.78740160,0.00000000
2.20786913,5.11811000,0.00000000
2.20827713,9.44881900,-0.07874016
2.20868513,13.77953000,-0.07874016
2.20909313,17.71653000,-0.07874016
2.20950113,21.65354000,0.00000000
2.20990913,25.59055000,0.00000000
2.21031713,28.74016000,0.00000000
2.21072513,31.88976000,0.00000000
2.21113313,34.64567000,0.00000000
2.21154113,37.00788000,-0.07874016
2.21194913,38.97638000,0.00000000
2.21235713,40.94488000,-0.07874016
2.21276513,41.73228000,0.00000000
2.21317313,42.51968000,-0.07874016
2.21358113,42.91338000,0.00000000
2.21398913,42.91338000,0.00000000
2.21439713,42.12598000,0.00000000
2.21480513,40.94488000,-0.07874016
2.21521313,39.76378000,0.00000000
2.21562113,37.40158000,-0.07874016
2.21602913,35.43307000,0.00000000
2.21643713,33.07087000,0.00000000
2.21684513,29.92126000,0.00000000
2.21725313,26.77165000,-0.07874016
2.21766113,23.22835000,0.00000000
2.21806913,19.68504000,0.00000000
2.21847713,15.74803000,0.00000000
2.21888513,11.81102000,-0.07874016
2.21929313,7.48031500,0.00000000
2.21970113,3.14960600,-0.07874016
2.22010913,-1.57480300,0.00000000
2.22051713,-5.11811000,0.00000000
2.22092513,-9.44881900,0.00000000
2.22133313,-13.38583000,0.00000000
2.22174113,-17.32283000,0.00000000
2.22214913,-21.25984000,-0.07874016
2.22255713,-24.80315000,0.00000000
2.22296513,-27.95276000,-0.07874016
2.22337313,-30.70866000,0.00000000
2.22378113,-33.07087000,0.00000000
2.22418913,-35.43307000,0.00000000
2.22459713,-37.00788000,0.00000000
2.22500513,-38.58268000,0.00000000
2.22541313,-39.76378000,0.00000000
2.22582113,-40.15748000,0.00000000
2.22622913,-40.15748000,0.00000000
2.22663713,-40.15748000,0.00000000
2.22704513,-39.37008000,-0.07874016
2.22745313,-38.18898000,0.00000000
2.22786113,-36.61417000,0.00000000
2.22826913,-34.64567000,0.00000000
2.22867713,-32.28346000,0.00000000
2.22908513,-29.92126000,0.00000000
2.22949313,-26.77165000,0.00000000
2.22990113,-23.62205000,0.00000000
2.23030913,-20.47244000,0.00000000
2.23071713,-16.92913000,0.00000000
2.23112513,-12.59842000,-0.07874016
2.23153313,-9.05511800,0.00000000
2.23194113,-4.72441000,-0.07874016
2.23234913,-0.78740160,-0.07874016
2.23275713,3.54330700,-0.07874016
2.23316513,7.48031500,0.00000000
2.23357312,11.41732000,0.00000000
2.23398112,15.35433000,0.00000000
2.23438912,19.29134000,0.00000000
2.23479712,22.44094000,0.00000000
2.23520512,25.98425000,-0.07874016
2.23561312,28.34646000,-0.07874016
2.23602112,31.49606000,-0.07874016
2.23642912,33.46457000,0.00000000
2.23683712,35.82677000,0.00000000
2.23724512,37.40158000,0.00000000
2.23765312,38.58268000,0.00000000
2.23806112,39.37008000,-0.07874016
2.23846912,39.37008000,0.00000000
2.23887712,39.37008000,0.00000000
2.23928512,39.37008000,0.00000000
2.23969312,38.58268000,0.00000000
2.24010112,37.00788000,0.00000000
2.24050912,35.43307000,0.00000000
2.24091712,33.46457000,0.00000000
2.24132512,31.10236000,0.00000000
2.24173312,28.34646000,0.00000000
2.24214112,25.59055000,0.00000000
2.24254912,22.44094000,0.00000000
2.24295712,19.29134000,0.00000000
2.24336512,15.35433000,0.00000000
2.24377312,11.41732000,0.00000000
2.24418112,7.87401600,-0.07874016
2.24458912,3.93700800,0.00000000
2.24499712,0.00000000,0.00000000
2.24540512,-3.93700800,0.00000000
2.24581312,-7.87401600,0.00000000
2.24622112,-11.41732000,0.00000000
2.24662912,-15.35433000,0.00000000
2.24703712,-18.50394000,0.00000000
2.24744512,-21.65354000,-0.07874016
2.24785312,-24.80315000,0.00000000
2.24826112,-27.16535000,-0.07874016
2.24866912,-29.52756000,0.00000000
2.24907712,-31.88976000,-0.07874016
2.24948512,-33.85827000,0.00000000
2.24989312,-35.03937000,0.00000000
2.25030112,-36.22047000,0.00000000
2.25070912,-36.22047000,-0.07874016
2.25111712,-37.00788000,0.00000000
2.25152512,-37.00788000,0.00000000
2.25193312,-35.82677000,0.00000000
2.25234112,-35.43307000,0.00000000
2.25274912,-34.25197000,-0.07874016
2.25315712,-31.88976000,-0.07874016
2.25356512,-30.31496000,0.00000000
2.25397312,-27.95276000,-0.07874016
2.25438112,-25.19685000,-0.07874016
2.25478912,-22.44094000,0.00000000
2.25519712,-19.29134000,-0.07874016
2.25560512,-15.35433000,-0.07874016
2.25601312,-12.20472000,0.00000000
2.25642112,-9.05511800,0.00000000
2.25682912,-5.11811000,0.00000000
2.25723712,-1.57480300,0.00000000
2.25764512,2.36220500,0.00000000
2.25805312,5.90551200,0.00000000
2.25846112,9.44881900,0.00000000
2.25886912,12.99213000,0.00000000
2.25927712,16.14173000,0.00000000
2.25968512,19.68504000,0.00000000
2.26009312,22.44094000,0.00000000
2.26050112,25.19685000,0.00000000
2.26090912,27.55906000,0.00000000
2.26131712,29.92126000,-0.07874016
2.26172512,31.88976000,0.00000000
2.26213312,33.07087000,0.00000000
2.26254112,34.25197000,0.00000000
2.26294912,35.43307000,0.00000000
2.26335712,35.82677000,0.00000000
2.26376512,35.82677000,-0.07874016
2.26417312,35.43307000,0.00000000
2.26458112,34.25197000,0.00000000
2.26498912,33.46457000,0.00000000
2.26539712,31.88976000,0.00000000
2.26580512,30.31496000,0.00000000
2.26621312,28.34646000,0.00000000
2.26662112,26.37795000,0.00000000
2.26702912,24.01575000,0.00000000
2.26743712,20.86614000,0.00000000
2.26784512,18.11024000,0.00000000
2.26825312,14.96063000,-0.07874016
2.26866112,11.41732000,0.00000000
2.26906912,8.26771600,0.00000000
2.26947712,4.72441000,0.00000000
2.26988512,1.18110200,0.00000000
2.27029312,-2.75590500,-0.07874016
2.27070112,-5.51181100,0.00000000
2.27110912,-9.44881900,0.00000000
2.27151712,-12.20472000,0.00000000
2.27192512,-15.74803000,-0.07874016
2.27233312,-18.50394000,0.00000000
2.27274112,-21.25984000,0.00000000
2.27314912,-23.62205000,0.00000000
2.27355712,-25.98425000,-0.07874016
2.27396512,-27.95276000,0.00000000
2.27437312,-29.13386000,-0.07874016
2.27478112,-30.70866000,0.00000000
2.27518912,-31.88976000,0.00000000
2.27559712,-32.28346000,0.00000000
2.27600512,-32.67717000,0.00000000
2.27641312,-32.67717000,0.00000000
2.27682112,-32.28346000,0.00000000
2.27722912,-31.49606000,0.00000000
2.27763712,-30.70866000,0.00000000
2.27804512,-29.52756000,0.00000000
2.27845312,-27.55906000,-0.07874016
2.27886112,-25.59055000,0.00000000
2.27926912,-23.22835000,-0.07874016
2.27967712,-20.86614000,0.00000000
2.28008512,-18.11024000,0.00000000
2.28049312,-15.35433000,0.00000000
2.28090112,-12.20472000,0.00000000
2.28130912,-8.66141700,0.00000000
2.28171712,-5.51181100,0.00000000
2.28212512,-2.36220500,-0.07874016
2.28253312,1.18110200,0.00000000
2.28294112,3.93700800,0.00000000
2.28334912,7.08661400,0.00000000
2.28375712,10.23622000,-0.07874016
2.28416512,13.38583000,-0.07874016
2.28457312,16.14173000,0.00000000
2.28498112,19.29134000,-0.07874016
2.28538912,22.04724000,0.00000000
2.28579712,23.62205000,0.00000000
2.28620512,25.98425000,0.00000000
2.28661312,27.55906000,0.00000000
2.28702112,29.13386000,0.00000000
2.28742912,30.31496000,0.00000000
2.28783712,31.10236000,0.00000000
2.28824512,31.49606000,-0.07874016
2.28865312,31.88976000,0.00000000
2.28906112,31.49606000,0.00000000
2.28946912,31.10236000,0.00000000
2.28987712,29.92126000,0.00000000
2.29028512,29.13386000,0.00000000
2.29069312,27.95276000,-0.07874016
2.29110112,25.98425000,0.00000000
2.29150912,24.01575000,0.00000000
2.29191712,22.04724000,0.00000000
2.29232512,19.68504000,0.00000000
2.29273312,16.92913000,0.00000000
2.29314112,14.56693000,-0.07874016
2.29354912,11.02362000,0.00000000
2.29395712,8.26771600,-0.07874016
2.29436512,5.51181100,0.00000000
2.29477312,1.96850400,0.00000000
2.29518112,-0.78740160,0.00000000
2.29558912,-3.93700800,-0.07874016
2.29599712,-7.08661400,0.00000000
2.29640512,-9.84252000,-0.07874016
2.29681312,-12.59842000,0.00000000
2.29722112,-15.35433000,-0.07874016
2.29762912,-17.71653000,0.00000000
2.29803712,-20.07874000,0.00000000
2.29844512,-22.44094000,0.00000000
2.29885312,-23.62205000,-0.07874016
2.29926112,-25.59055000,0.00000000
2.29966912,-27.16535000,-0.07874016
2.30007712,-27.95276000,0.00000000
2.30048512,-28.74016000,0.00000000
2.30089312,-29.52756000,0.00000000
2.30130112,-29.13386000,0.00000000
2.30170912,-28.74016000,0.00000000
2.30211712,-28.34646000,0.00000000
2.30252512,-27.55906000,0.00000000
2.30293312,-26.37795000,0.00000000
2.30334112,-24.80315000,0.00000000
2.30374912,-23.22835000,0.00000000
2.30415712,-21.25984000,0.00000000
2.30456512,-18.89764000,-0.07874016
2.30497312,-16.92913000,0.00000000
2.30538112,-14.56693000,-0.07874016
2.30578912,-11.81102000,0.00000000
2.30619712,-8.66141700,-0.07874016
2.30660512,-5.90551200,0.00000000
2.30701312,-3.14960600,0.00000000
2.30742112,0.00000000,0.00000000
2.30782912,2.75590500,0.00000000
2.30823712,5.90551200,-0.07874016
2.30864512,8.66141700,-0.07874016
2.30905312,11.41732000,0.00000000
2.30946112,14.17323000,0.00000000
2.30986912,16.14173000,0.00000000
2.31027712,18.89764000,-0.07874016
2.31068512,20.86614000,0.00000000
2.31109312,22.83465000,0.00000000
2.31150112,24.01575000,0.00000000
2.31190912,25.19685000,0.00000000
2.31231712,26.77165000,0.00000000
2.31272512,27.16535000,-0.07874016
2.31313312,27.95276000,0.00000000
2.31354112,27.95276000,-0.07874016
2.31394912,28.34646000,0.00000000
2.31435712,27.95276000,0.00000000
2.31476512,27.16535000,0.00000000
2.31517312,25.98425000,0.00000000
2.31558112,24.80315000,0.00000000
2.31598912,23.62205000,0.00000000
2.31639712,21.65354000,0.00000000
2.31680512,20.07874000,0.00000000
2.31721312,17.71653000,0.00000000
2.31762112,15.35433000,0.00000000
2.31802912,12.99213000,-0.07874016
2.31843712,10.62992000,0.00000000
2.31884512,7.48031500,-0.07874016
2.31925312,5.11811000,-0.07874016
2.31966112,2.36220500,0.00000000
2.32006912,-0.39370080,0.00000000
2.32047712,-3.14960600,0.00000000
2.32088512,-5.51181100,0.00000000
2.32129312,-8.26771600,0.00000000
2.32170112,-10.62992000,0.00000000
2.32210912,-12.99213000,0.00000000
2.32251712,-15.35433000,0.00000000
2.32292512,-17.71653000,0.00000000
2.32333312,-19.29134000,0.00000000
2.32374112,-20.86614000,0.00000000
2.32414912,-22.04724000,0.00000000
2.32455712,-23.22835000,0.00000000
2.32496512,-24.01575000,-0.07874016
2.32537312,-24.80315000,0.00000000
2.32578112,-24.80315000,0.00000000
2.32618912,-25.19685000,0.00000000
2.32659712,-25.19685000,0.00000000
2.32700512,-24.80315000,0.00000000
2.32741312,-23.62205000,-0.07874016
2.32782112,-23.62205000,0.00000000
2.32822912,-21.65354000,0.00000000
2.32863712,-20.47244000,0.00000000
2.32904512,-18.50394000,-0.07874016
2.32945312,-16.92913000,-0.07874016
2.32986112,-14.96063000,-0.07874016
2.33026912,-12.59842000,0.00000000
2.33067712,-10.23622000,-0.07874016
2.33108512,-7.87401600,0.00000000
2.33149312,-5.51181100,-0.07874016
2.33190112,-2.75590500,-0.07874016
2.33230912,-0.39370080,0.00000000
2.33271712,2.36220500,-0.07874016
2.33312512,4.72441000,-0.07874016
2.33353312,7.08661400,0.00000000
2.33394112,9.44881900,-0.07874016
2.33434912,11.81102000,-0.07874016
2.33475712,13.38583000,-0.07874016
2.33516512,16.14173000,0.00000000
2.33557312,17.71653000,0.00000000
2.33598112,19.29134000,0.00000000
2.33638912,20.47244000,0.00000000
2.33679712,22.04724000,0.00000000
2.33720512,22.83465000,0.00000000
2.33761312,23.62205000,0.00000000
2.33802112,24.01575000,-0.07874016
2.33842912,24.01575000,0.00000000
2.33883712,24.01575000,0.00000000
2.33924512,24.01575000,0.00000000
2.33965312,23.22835000,0.00000000
2.34006112,22.44094000,0.00000000
2.34046912,21.25984000,-0.07874016
2.34087712,20.07874000,0.00000000
2.34128512,19.29134000,0.00000000
2.34169312,17.32283000,0.00000000
2.34210112,15.74803000,0.00000000
2.34250912,13.38583000,0.00000000
2.34291712,11.81102000,0.00000000
2.34332512,9.44881900,0.00000000
2.34373312,7.48031500,0.00000000
2.34414112,4.72441000,0.00000000
2.34454912,2.75590500,0.00000000
2.34495712,0.00000000,0.00000000
2.34536512,-1.96850400,0.00000000
2.34577312,-4.33070900,0.00000000
2.34618112,-6.69291400,0.00000000
2.34658912,-9.05511800,0.00000000
2.34699712,-10.62992000,0.00000000
2.34740512,-12.99213000,0.00000000
2.34781312,-14.56693000,0.00000000
2.34822112,-16.14173000,0.00000000
2.34862912,-17.32283000,0.00000000
2.34903712,-18.89764000,0.00000000
2.34944512,-20.07874000,0.00000000
2.34985312,-20.47244000,0.00000000
2.35026112,-21.25984000,0.00000000
2.35066912,-21.65354000,0.00000000
2.35107712,-21.65354000,-0.07874016
2.35148512,-21.25984000,0.00000000
2.35189312,-20.86614000,0.00000000
2.35230112,-20.86614000,0.00000000
2.35270912,-19.68504000,0.00000000
2.35311712,-18.89764000,0.00000000
2.35352512,-17.71653000,-0.07874016
2.35393312,-16.14173000,0.00000000
2.35434112,-14.17323000,0.00000000
2.35474912,-12.99213000,0.00000000
2.35515712,-11.41732000,0.00000000
2.35556512,-9.44881900,0.00000000
2.35597312,-7.08661400,0.00000000
2.35638112,-5.11811000,-0.07874016
2.35678912,-2.75590500,-0.07874016
2.35719712,-0.78740160,0.00000000
2.35760512,1.57480300,0.00000000
2.35801312,3.54330700,0.00000000
2.35842112,5.51181100,-0.07874016
2.35882912,7.87401600,-0.07874016
2.35923712,9.84252000,-0.07874016
2.35964512,11.41732000,0.00000000
2.36005312,13.38583000,-0.07874016
2.36046112,14.96063000,-0.07874016
2.36086912,16.53543000,-0.07874016
2.36127712,17.32283000,0.00000000
2.36168512,18.50394000,0.00000000
2.36209312,19.29134000,0.00000000
2.36250112,20.47244000,0.00000000
2.36290912,20.47244000,0.00000000
2.36331712,20.86614000,0.00000000
2.36372512,20.86614000,0.00000000
2.36413312,20.47244000,-0.07874016
2.36454112,20.47244000,0.00000000
2.36494912,19.68504000,0.00000000
2.36535712,18.50394000,0.00000000
2.36576512,17.71653000,0.00000000
2.36617312,16.53543000,0.00000000
2.36658112,14.96063000,0.00000000
2.36698912,13.38583000,-0.07874016
2.36739712,11.81102000,-0.07874016
2.36780512,10.23622000,0.00000000
2.36821312,8.26771600,0.00000000
2.36862112,6.29921200,0.00000000
2.36902912,4.33070900,-0.07874016
2.36943712,2.75590500,0.00000000
2.36984512,0.39370080,0.00000000
2.37025312,-1.96850400,0.00000000
2.37066112,-3.93700800,0.00000000
2.37106912,-5.51181100,0.00000000
2.37147712,-7.48031500,-0.07874016
2.37188512,-9.05511800,0.00000000
2.37229312,-11.02362000,-0.07874016
2.37270112,-11.81102000,0.00000000
2.37310912,-13.38583000,0.00000000
2.37351712,-14.56693000,0.00000000
2.37392512,-15.74803000,-0.07874016
2.37433312,-16.53543000,0.00000000
2.37474112,-17.32283000,-0.07874016
2.37514912,-17.71653000,0.00000000
2.37555712,-18.11024000,-0.07874016
2.37596512,-18.11024000,0.00000000
2.37637312,-18.11024000,-0.07874016
2.37678112,-17.71653000,0.00000000
2.37718912,-17.32283000,0.00000000
2.37759712,-16.53543000,0.00000000
2.37800512,-15.74803000,0.00000000
2.37841312,-14.96063000,0.00000000
2.37882112,-13.38583000,-0.07874016
2.37922912,-12.20472000,0.00000000
2.37963712,-10.62992000,0.00000000
2.38004512,-9.44881900,0.00000000
2.38045312,-7.48031500,0.00000000
2.38086112,-5.90551200,-0.07874016
2.38126912,-3.93700800,0.00000000
2.38167712,-2.36220500,-0.07874016
2.38208512,-0.39370080,-0.07874016
2.38249312,1.57480300,0.00000000
2.38290112,3.54330700,0.00000000
2.38330912,4.72441000,0.00000000
2.38371712,6.69291400,-0.07874016
2.38412512,8.66141700,0.00000000
2.38453312,9.84252000,-0.07874016
2.38494112,11.02362000,0.00000000
2.38534912,12.59842000,-0.07874016
2.38575712,13.77953000,0.00000000
2.38616512,14.96063000,0.00000000
2.38657312,15.74803000,0.00000000
2.38698112,16.14173000,0.00000000
2.38738912,16.92913000,0.00000000
2.38779712,16.92913000,0.00000000
2.38820512,17.32283000,0.00000000
2.38861312,16.92913000,0.00000000
2.38902112,17.32283000,0.00000000
2.38942912,16.53543000,0.00000000
2.38983712,16.53543000,0.00000000
2.39024512,15.74803000,0.00000000
2.39065312,14.56693000,0.00000000
2.39106112,13.38583000,-0.07874016
2.39146912,12.20472000,0.00000000
2.39187712,11.02362000,-0.07874016
2.39228512,9.84252000,0.00000000
2.39269312,8.66141700,-0.07874016
2.39310112,6.69291400,0.00000000
2.39350912,5.51181100,0.00000000
2.39391712,3.54330700,-0.07874016
2.39432512,1.96850400,0.00000000
2.39473312,0.39370080,0.00000000
2.39514112,-1.18110200,0.00000000
2.39554912,-3.14960600,0.00000000
2.39595712,-4.72441000,0.00000000
2.39636512,-6.29921200,0.00000000
2.39677312,-7.48031500,0.00000000
2.39718112,-9.05511800,0.00000000
2.39758912,-10.23622000,-0.07874016
2.39799712,-11.41732000,0.00000000
2.39840512,-12.20472000,-0.07874016
2.39881312,-13.38583000,0.00000000
2.39922112,-13.38583000,0.00000000
2.39962912,-14.56693000,-0.07874016
2.40003712,-14.56693000,0.00000000
2.40044512,-14.96063000,0.00000000
2.40085312,-15.35433000,-0.07874016
2.40126112,-14.96063000,0.00000000
2.40166912,-14.17323000,0.00000000
2.40207712,-14.17323000,-0.07874016
2.40248512,-13.77953000,0.00000000
2.40289312,-12.99213000,-0.07874016
2.40330112,-11.81102000,-0.07874016
2.40370912,-10.62992000,0.00000000
2.40411712,-9.84252000,0.00000000
2.40452512,-8.66141700,-0.07874016
2.40493312,-7.48031500,0.00000000
2.40534112,-5.90551200,-0.07874016
2.40574912,-4.72441000,0.00000000
2.40615712,-3.14960600,0.00000000
2.40656512,-1.57480300,0.00000000
2.40697312,0.00000000,0.00000000
2.40738112,1.57480300,0.00000000
2.40778912,3.14960600,0.00000000
2.40819712,3.93700800,-0.07874016
2.40860512,5.90551200,0.00000000
2.40901312,7.08661400,-0.07874016
2.40942112,8.26771600,0.00000000
2.40982912,9.44881900,-0.07874016
2.41023712,10.62992000,-0.07874016
2.41064511,11.81102000,0.00000000
2.41105311,12.59842000,-0.07874016
2.41146111,12.99213000,0.00000000
2.41186911,13.77953000,0.00000000
2.41227711,14.17323000,0.00000000
2.41268511,14.17323000,0.00000000
2.41309311,13.77953000,-0.07874016
2.41350111,14.17323000,0.00000000
2.41390911,14.17323000,-0.07874016
2.41431711,13.38583000,0.00000000
2.41472511,13.38583000,0.00000000
2.41513311,12.99213000,0.00000000
2.41554111,12.20472000,0.00000000
2.41594911,11.02362000,-0.07874016
2.41635711,9.84252000,-0.07874016
2.41676511,9.05511800,-0.07874016
2.41717311,7.87401600,0.00000000
2.41758111,6.69291400,0.00000000
2.41798911,5.11811000,-0.07874016
2.41839711,3.93700800,0.00000000
2.41880511,3.14960600,-0.07874016
2.41921311,1.57480300,0.00000000
2.41962111,0.00000000,0.00000000
2.42002911,-1.18110200,0.00000000
2.42043711,-2.75590500,-0.07874016
2.42084511,-3.54330700,0.00000000
2.42125311,-5.51181100,0.00000000
2.42166111,-6.29921200,0.00000000
2.42206911,-7.48031500,-0.07874016
2.42247711,-8.66141700,0.00000000
2.42288511,-9.84252000,0.00000000
2.42329311,-10.62992000,0.00000000
2.42370111,-10.62992000,0.00000000
2.42410911,-11.41732000,-0.07874016
2.42451711,-11.81102000,0.00000000
2.42492511,-11.81102000,0.00000000
2.42533311,-12.20472000,0.00000000
2.42574111,-12.59842000,0.00000000
2.42614911,-11.81102000,-0.07874016
2.42655711,-11.81102000,0.00000000
2.42696511,-11.41732000,0.00000000
2.42737311,-11.02362000,-0.07874016
2.42778111,-9.84252000,0.00000000
2.42818911,-9.44881900,0.00000000
2.42859711,-9.05511800,0.00000000
2.42900511,-7.48031500,0.00000000
2.42941311,-6.69291400,0.00000000
2.42982111,-5.51181100,0.00000000
2.43022911,-4.33070900,-0.07874016
2.43063711,-3.54330700,0.00000000
2.43104511,-2.36220500,0.00000000
2.43145311,-0.78740160,0.00000000
2.43186111,0.39370080,-0.07874016
2.43226911,1.57480300,0.00000000
2.43267711,2.75590500,0.00000000
2.43308511,3.93700800,0.00000000
2.43349311,5.11811000,0.00000000
2.43390111,6.29921200,-0.07874016
2.43430911,7.08661400,0.00000000
2.43471711,7.87401600,-0.07874016
2.43512511,9.05511800,-0.07874016
2.43553311,9.44881900,0.00000000
2.43594111,10.23622000,-0.07874016
2.43634911,10.62992000,0.00000000
2.43675711,11.02362000,-0.07874016
2.43716511,11.41732000,-0.07874016
2.43757311,11.81102000,0.00000000
2.43798111,11.41732000,0.00000000
2.43838911,11.81102000,-0.07874016
2.43879711,11.41732000,0.00000000
2.43920511,11.02362000,-0.07874016
2.43961311,10.62992000,0.00000000
2.44002111,10.23622000,-0.07874016
2.44042911,9.44881900,0.00000000
2.44083711,9.05511800,0.00000000
2.44124511,7.87401600,0.00000000
2.44165311,7.08661400,-0.07874016
2.44206111,5.90551200,0.00000000
2.44246911,5.11811000,0.00000000
2.44287711,3.93700800,-0.07874016
2.44328511,2.75590500,0.00000000
2.44369311,1.96850400,0.00000000
2.44410111,0.78740160,0.00000000
2.44450911,0.00000000,0.00000000
2.44491711,-1.57480300,-0.07874016
2.44532511,-2.75590500,-0.07874016
2.44573311,-3.93700800,-0.07874016
2.44614111,-4.33070900,-0.07874016
2.44654911,-5.11811000,0.00000000
2.44695711,-6.29921200,-0.07874016
2.44736511,-6.69291400,0.00000000
2.44777311,-7.87401600,0.00000000
2.44818111,-8.26771600,0.00000000
2.44858911,-9.05511800,0.00000000
2.44899711,-9.05511800,0.00000000
2.44940511,-9.44881900,-0.07874016
2.44981311,-9.44881900,0.00000000
2.45022111,-9.84252000,0.00000000
2.45062911,-9.84252000,0.00000000
2.45103711,-9.84252000,0.00000000
2.45144511,-9.05511800,-0.07874016
2.45185311,-8.66141700,0.00000000
2.45226111,-8.26771600,0.00000000
2.45266911,-7.87401600,0.00000000
2.45307711,-7.08661400,0.00000000
2.45348511,-6.29921200,-0.07874016
2.45389311,-5.90551200,-0.07874016
2.45430111,-4.72441000,0.00000000
2.45470911,-3.93700800,-0.07874016
2.45511711,-2.75590500,0.00000000
2.45552511,-2.36220500,0.00000000
2.45593311,-1.18110200,0.00000000
2.45634111,0.00000000,-0.07874016
2.45674911,0.78740160,-0.07874016
2.45715711,1.96850400,0.00000000
2.45756511,2.75590500,0.00000000
2.45797311,3.93700800,0.00000000
2.45838111,4.72441000,0.00000000
2.45878911,5.51181100,0.00000000
2.45919711,6.29921200,0.00000000
2.45960511,7.08661400,-0.07874016
2.46001311,7.08661400,0.00000000
2.46042111,8.26771600,0.00000000
2.46082911,8.26771600,0.00000000
2.46123711,9.05511800,0.00000000
2.46164511,9.05511800,0.00000000
2.46205311,9.05511800,-0.07874016
2.46246111,9.05511800,0.00000000
2.46286911,9.05511800,-0.07874016
2.46327711,9.05511800,0.00000000
2.46368511,9.05511800,0.00000000
2.46409311,8.66141700,0.00000000
2.46450111,8.26771600,-0.07874016
2.46490911,7.48031500,0.00000000
2.46531711,7.08661400,-0.07874016
2.46572511,6.69291400,0.00000000
2.46613311,6.29921200,0.00000000
2.46654111,5.11811000,0.00000000
2.46694911,4.72441000,-0.07874016
2.46735711,3.54330700,0.00000000
2.46776511,2.75590500,0.00000000
2.46817311,1.96850400,0.00000000
2.46858111,1.18110200,0.00000000
2.46898911,0.00000000,0.00000000
2.46939711,-0.39370080,-0.07874016
2.46980511,-1.57480300,0.00000000
2.47021311,-2.36220500,-0.07874016
2.47062111,-3.54330700,0.00000000
2.47102911,-3.93700800,0.00000000
2.47143711,-4.72441000,0.00000000
2.47184511,-5.11811000,0.00000000
2.47225311,-5.90551200,-0.07874016
2.47266111,-5.90551200,-0.07874016
2.47306911,-6.69291400,0.00000000
2.47347711,-6.69291400,0.00000000
2.47388511,-7.08661400,0.00000000
2.47429311,-7.08661400,0.00000000
2.47470111,-7.48031500,0.00000000
2.47510911,-7.48031500,0.00000000
2.47551711,-7.48031500,0.00000000
2.47592511,-7.08661400,-0.07874016
2.47633311,-6.69291400,0.00000000
2.47674111,-6.29921200,0.00000000
2.47714911,-5.90551200,0.00000000
2.47755711,-5.51181100,0.00000000
2.47796511,-5.51181100,-0.07874016
2.47837311,-4.33070900,0.00000000
2.47878111,-3.93700800,-0.07874016
2.47918911,-3.54330700,0.00000000
2.47959711,-2.36220500,0.00000000
2.48000511,-1.96850400,-0.07874016
2.48041311,-1.18110200,0.00000000
2.48082111,0.00000000,0.00000000
2.48122911,0.39370080,0.00000000
2.48163711,1.57480300,0.00000000
2.48204511,1.96850400,0.00000000
2.48245311,3.14960600,-0.07874016
2.48286111,3.54330700,0.00000000
2.48326911,3.93700800,-0.07874016
2.48367711,4.72441000,0.00000000
2.48408511,5.11811000,0.00000000
2.48449311,5.90551200,-0.07874016
2.48490111,6.29921200,0.00000000
2.48530911,6.69291400,-0.07874016
2.48571711,7.08661400,0.00000000
2.48612511,7.08661400,-0.07874016
2.48653311,7.08661400,0.00000000
2.48694111,7.08661400,-0.07874016
2.48734911,7.08661400,0.00000000
2.48775711,7.48031500,0.00000000
2.48816511,7.08661400,-0.07874016
2.48857311,7.08661400,0.00000000
2.48898111,6.69291400,0.00000000
2.48938911,5.90551200,0.00000000
2.48979711,5.90551200,-0.07874016
2.49020511,5.11811000,0.00000000
2.49061311,4.72441000,0.00000000
2.49102111,4.33070900,0.00000000
2.49142911,3.54330700,0.00000000
2.49183711,3.14960600,0.00000000
2.49224511,2.36220500,-0.07874016
2.49265311,1.57480300,0.00000000
2.49306111,1.18110200,0.00000000
2.49346911,0.00000000,0.00000000
2.49387711,-0.39370080,0.00000000
2.49428511,-0.78740160,-0.07874016
2.49469311,-1.96850400,-0.07874016
2.49510111,-1.96850400,0.00000000
2.49550911,-2.75590500,0.00000000
2.49591711,-3.54330700,0.00000000
2.49632511,-3.54330700,-0.07874016
2.49673311,-4.72441000,0.00000000
2.49714111,-4.72441000,0.00000000
2.49754911,-5.11811000,0.00000000
2.49795711,-5.51181100,-0.07874016
2.49836511,-5.51181100,0.00000000
2.49877311,-5.90551200,-0.07874016
2.49918111,-5.90551200,0.00000000
2.49958911,-5.51181100,0.00000000
2.49999711,-5.51181100,0.00000000
2.50040511,-5.51181100,0.00000000
2.50081311,-4.72441000,0.00000000
2.50122111,-5.11811000,0.00000000
2.50162911,-4.72441000,0.00000000
2.50203711,-3.93700800,0.00000000
2.50244511,-3.93700800,0.00000000
2.50285311,-3.14960600,-0.07874016
2.50326111,-2.75590500,0.00000000
2.50366911,-2.36220500,0.00000000
2.50407711,-1.57480300,0.00000000
2.50448511,-1.18110200,-0.07874016
2.50489311,-0.78740160,0.00000000
2.50530111,-0.39370080,0.00000000
2.50570911,0.39370080,0.00000000
2.50611711,1.18110200,0.00000000
2.50652511,1.57480300,0.00000000
2.50693311,2.36220500,0.00000000
2.50734111,2.75590500,-0.07874016
2.50774911,3.14960600,-0.07874016
2.50815711,3.93700800,0.00000000
2.50856511,3.93700800,-0.07874016
2.50897311,4.33070900,0.00000000
2.50938111,4.72441000,0.00000000
2.50978911,5.11811000,0.00000000
2.51019711,5.51181100,0.00000000
2.51060511,5.51181100,0.00000000
2.51101311,5.51181100,0.00000000
2.51142111,5.51181100,-0.07874016
2.51182911,5.51181100,-0.07874016
2.51223711,5.51181100,0.00000000
2.51264511,5.51181100,0.00000000
2.51305311,5.51181100,0.00000000
2.51346111,5.11811000,0.00000000
2.51386911,5.11811000,-0.07874016
2.51427711,4.33070900,-0.07874016
2.51468511,4.33070900,0.00000000
2.51509311,3.54330700,-0.07874016
2.51550111,3.54330700,0.00000000
2.51590911,2.75590500,0.00000000
2.51631711,2.36220500,0.00000000
2.51672511,1.96850400,-0.07874016
2.51713311,1.18110200,0.00000000
2.51754111,0.78740160,-0.07874016
2.51794911,0.39370080,0.00000000
2.51835711,-0.39370080,0.00000000
2.51876511,-0.78740160,0.00000000
2.51917311,-1.18110200,0.00000000
2.51958111,-1.96850400,0.00000000
2.51998911,-2.36220500,-0.07874016
2.52039711,-2.36220500,0.00000000
2.52080511,-2.75590500,0.00000000
2.52121311,-3.54330700,0.00000000
2.52162111,-3.54330700,0.00000000
2.52202911,-3.54330700,0.00000000
2.52243711,-3.93700800,0.00000000
2.52284511,-3.93700800,0.00000000
2.52325311,-3.93700800,-0.07874016
2.52366111,-3.93700800,0.00000000
2.52406911,-3.93700800,-0.07874016
2.52447711,-4.33070900,0.00000000
2.52488511,-3.93700800,0.00000000
2.52529311,-3.93700800,0.00000000
2.52570111,-3.54330700,0.00000000
2.52610911,-3.54330700,0.00000000
2.52651711,-3.14960600,0.00000000
2.52692511,-2.75590500,0.00000000
2.52733311,-3.14960600,-0.07874016
2.52774111,-1.96850400,0.00000000
2.52814911,-1.96850400,-0.07874016
2.52855711,-1.57480300,0.00000000
2.52896511,-0.78740160,-0.07874016
2.52937311,-0.39370080,0.00000000
2.52978111,0.00000000,0.00000000
2.53018911,0.78740160,0.00000000
2.53059711,1.18110200,0.00000000
2.53100511,1.18110200,0.00000000
2.53141311,1.96850400,0.00000000
2.53182111,2.36220500,0.00000000
2.53222911,2.75590500,0.00000000
2.53263711,3.14960600,0.00000000
2.53304511,3.14960600,-0.07874016
2.53345311,3.93700800,-0.07874016
2.53386111,3.93700800,-0.07874016
2.53426911,3.93700800,0.00000000
2.53467711,4.33070900,-0.07874016
2.53508511,4.33070900,-0.07874016
2.53549311,4.72441000,0.00000000
2.53590111,4.33070900,-0.07874016
2.53630911,4.33070900,-0.07874016
2.53671711,4.33070900,-0.07874016
2.53712511,4.33070900,-0.07874016
2.53753311,3.93700800,0.00000000
2.53794111,4.33070900,0.00000000
2.53834911,3.54330700,0.00000000
2.53875711,3.54330700,0.00000000
2.53916511,3.14960600,0.00000000
2.53957311,2.75590500,-0.07874016
2.53998111,2.75590500,0.00000000
2.54038911,1.96850400,-0.07874016
2.54079711,1.57480300,0.00000000
2.54120511,1.57480300,0.00000000
2.54161311,0.78740160,0.00000000
2.54202111,0.78740160,0.00000000
2.54242911,0.00000000,0.00000000
2.54283711,0.00000000,0.00000000
2.54324511,-0.39370080,0.00000000
2.54365311,-1.18110200,-0.07874016
2.54406111,-1.57480300,-0.07874016
2.54446911,-1.57480300,0.00000000
2.54487711,-1.96850400,0.00000000
2.54528511,-1.96850400,-0.07874016
2.54569311,-2.75590500,-0.07874016
2.54610111,-2.75590500,-0.07874016
2.54650911,-2.75590500,0.00000000
2.54691711,-3.14960600,0.00000000
2.54732511,-3.14960600,0.00000000
2.54773311,-3.14960600,0.00000000
2.54814111,-3.54330700,0.00000000
2.54854911,-3.14960600,0.00000000
2.54895711,-3.14960600,0.00000000
2.54936511,-3.14960600,0.00000000
2.54977311,-3.14960600,-0.07874016
2.55018111,-2.75590500,-0.07874016
2.55058911,-2.36220500,0.00000000
2.55099711,-1.96850400,-0.07874016
2.55140511,-1.96850400,0.00000000
2.55181311,-1.57480300,0.00000000
2.55222111,-1.18110200,-0.07874016
2.55262911,-0.78740160,-0.07874016
2.55303711,-0.78740160,0.00000000
2.55344511,0.00000000,0.00000000
2.55385311,0.00000000,0.00000000
2.55426111,0.39370080,0.00000000
2.55466911,0.39370080,0.00000000
2.55507711,1.18110200,0.00000000
2.55548511,1.18110200,0.00000000
2.55589311,1.57480300,0.00000000
2.55630111,1.96850400,0.00000000
2.55670911,1.96850400,0.00000000
2.55711711,2.75590500,0.00000000
2.55752511,2.36220500,-0.07874016
2.55793311,3.14960600,0.00000000
2.55834111,3.54330700,0.00000000
2.55874911,3.14960600,0.00000000
2.55915711,3.54330700,-0.07874016
2.55956511,3.14960600,0.00000000
2.55997311,3.54330700,0.00000000
2.56038111,3.54330700,0.00000000
2.56078911,3.54330700,0.00000000
2.56119711,3.14960600,0.00000000
2.56160511,3.54330700,0.00000000
2.56201311,3.14960600,-0.07874016
2.56242111,3.14960600,0.00000000
2.56282911,2.75590500,0.00000000
2.56323711,2.75590500,-0.07874016
2.56364511,2.36220500,-0.07874016
2.56405311,1.96850400,-0.07874016
2.56446111,1.96850400,0.00000000
2.56486911,1.57480300,0.00000000
2.56527711,1.18110200,0.00000000
2.56568511,1.18110200,0.00000000
2.56609311,0.39370080,0.00000000
2.56650111,0.39370080,0.00000000
2.56690911,0.39370080,0.00000000
2.56731711,0.00000000,0.00000000
2.56772511,-0.78740160,-0.07874016
2.56813311,-0.78740160,-0.07874016
2.56854111,-1.18110200,0.00000000
2.56894911,-1.57480300,-0.07874016
2.56935711,-1.57480300,-0.07874016
2.56976511,-1.57480300,-0.07874016
2.57017311,-1.96850400,0.00000000
2.57058111,-1.96850400,0.00000000
2.57098911,-1.96850400,0.00000000
2.57139711,-1.96850400,-0.07874016
2.57180511,-1.96850400,-0.07874016
2.57221311,-2.36220500,0.00000000
2.57262111,-1.96850400,0.00000000
2.57302911,-1.96850400,0.00000000
2.57343711,-2.36220500,0.00000000
2.57384511,-1.96850400,-0.07874016
2.57425311,-1.96850400,0.00000000
2.57466111,-1.96850400,0.00000000
2.57506911,-1.57480300,-0.07874016
2.57547711,-1.18110200,0.00000000
2.57588511,-1.57480300,0.00000000
2.57629311,-0.78740160,-0.07874016
2.57670111,-0.78740160,0.00000000
2.57710911,-0.39370080,0.00000000
2.57751711,0.00000000,-0.07874016
2.57792511,0.00000000,0.00000000
2.57833311,0.00000000,0.00000000
2.57874111,0.39370080,0.00000000
2.57914911,0.78740160,0.00000000
2.57955711,0.78740160,-0.07874016
2.57996511,1.57480300,0.00000000
2.58037311,1.57480300,0.00000000
2.58078111,1.57480300,0.00000000
2.58118911,1.96850400,0.00000000
2.58159711,1.96850400,0.00000000
2.58200511,1.96850400,-0.07874016
2.58241311,2.36220500,0.00000000
2.58282111,2.75590500,0.00000000
2.58322911,2.36220500,0.00000000
2.58363711,2.75590500,-0.07874016
2.58404511,2.75590500,0.00000000
2.58445311,2.36220500,0.00000000
2.58486111,2.75590500,-0.07874016
2.58526911,2.75590500,-0.07874016
2.58567711,2.75590500,0.00000000
2.58608511,2.75590500,-0.07874016
2.58649311,1.96850400,0.00000000
2.58690111,2.36220500,-0.07874016
2.58730910,1.96850400,0.00000000
2.58771710,1.57480300,0.00000000
2.58812510,1.96850400,0.00000000
2.58853310,1.57480300,0.00000000
2.58894110,1.57480300,0.00000000
2.58934910,1.18110200,0.00000000
2.58975710,0.78740160,0.00000000
2.59016510,0.78740160,0.00000000
2.59057310,0.39370080,0.00000000
2.59098110,0.00000000,-0.07874016
2.59138910,0.00000000,0.00000000
2.59179710,0.00000000,0.00000000
2.59220510,-0.39370080,0.00000000
2.59261310,-0.39370080,0.00000000
2.59302110,-0.78740160,-0.07874016
2.59342910,-1.18110200,-0.07874016
2.59383710,-1.18110200,0.00000000
2.59424510,-1.18110200,0.00000000
2.59465310,-1.18110200,0.00000000
2.59506110,-1.57480300,-0.07874016
2.59546910,-1.57480300,0.00000000
2.59587710,-1.57480300,0.00000000
2.59628510,-1.96850400,0.00000000
2.59669310,-1.57480300,-0.07874016
2.59710110,-1.57480300,0.00000000
2.59750910,-1.96850400,-0.07874016
2.59791710,-1.57480300,0.00000000
2.59832510,-1.18110200,0.00000000
2.59873310,-1.18110200,0.00000000
2.59914110,-1.18110200,0.00000000
2.59954910,-1.18110200,-0.07874016
2.59995710,-0.78740160,0.00000000
2.60036510,-0.78740160,-0.07874016
2.60077310,-0.39370080,-0.07874016
2.60118110,0.00000000,-0.07874016
2.60158910,0.00000000,-0.07874016
2.60199710,0.00000000,-0.07874016
2.60240510,0.00000000,-0.07874016
2.60281310,0.00000000,0.00000000
2.60322110,0.78740160,0.00000000
2.60362910,0.78740160,-0.07874016
2.60403710,1.18110200,0.00000000
2.60444510,1.18110200,0.00000000
2.60485310,1.18110200,0.00000000
2.60526110,1.18110200,-0.07874016
2.60566910,1.57480300,0.00000000
2.60607710,1.57480300,0.00000000
2.60648510,1.96850400,-0.07874016
2.60689310,1.57480300,0.00000000
2.60730110,1.96850400,0.00000000
2.60770910,1.96850400,-0.07874016
2.60811710,1.96850400,0.00000000
2.60852510,1.96850400,0.00000000
2.60893310,2.36220500,-0.07874016
2.60934110,1.96850400,0.00000000
2.60974910,1.96850400,-0.07874016
2.61015710,1.96850400,0.00000000
2.61056510,1.96850400,-0.07874016
2.61097310,1.96850400,0.00000000
2.61138110,1.57480300,0.00000000
2.61178910,1.57480300,0.00000000
2.61219710,1.57480300,0.00000000
2.61260510,1.18110200,0.00000000
2.61301310,1.18110200,0.00000000
2.61342110,1.18110200,-0.07874016
2.61382910,1.18110200,0.00000000
2.61423710,0.78740160,-0.07874016
2.61464510,0.39370080,-0.07874016
2.61505310,0.39370080,0.00000000
2.61546110,0.00000000,0.00000000
2.61586910,0.00000000,0.00000000
2.61627710,0.00000000,0.00000000
2.61668510,-0.39370080,0.00000000
2.61709310,-0.39370080,-0.07874016
2.61750110,-0.39370080,0.00000000
2.61790910,-0.39370080,-0.07874016
2.61831710,-0.39370080,0.00000000
2.61872510,-0.78740160,0.00000000
2.61913310,-0.39370080,0.00000000
2.61954110,-0.78740160,0.00000000
2.61994910,-0.78740160,0.00000000
2.62035710,-0.78740160,-0.07874016
2.62076510,-0.78740160,-0.07874016
2.62117310,-1.18110200,-0.07874016
2.62158110,-1.18110200,0.00000000
2.62198910,-1.18110200,-0.07874016
2.62239710,-1.18110200,0.00000000
2.62280510,-0.39370080,0.00000000
2.62321310,-1.18110200,-0.07874016
2.62362110,-0.78740160,-0.07874016
2.62402910,-0.39370080,0.00000000
2.62443710,-0.78740160,-0.07874016
2.62484510,0.00000000,0.00000000
2.62525310,0.00000000,-0.07874016
2.62566110,0.00000000,0.00000000
2.62606910,0.00000000,0.00000000
2.62647710,0.00000000,0.00000000
2.62688510,0.39370080,-0.07874016
2.62729310,0.39370080,0.00000000
2.62770110,0.78740160,-0.07874016
2.62810910,0.78740160,0.00000000
2.62851710,1.18110200,0.00000000
2.62892510,1.18110200,-0.07874016
2.62933310,1.18110200,0.00000000
2.62974110,1.18110200,0.00000000
2.63014910,1.18110200,0.00000000
2.63055710,1.18110200,-0.07874016
2.63096510,1.57480300,0.00000000
2.63137310,1.57480300,-0.07874016
2.63178110,1.57480300,0.00000000
2.63218910,1.57480300,0.00000000
2.63259710,1.57480300,0.00000000
2.63300510,1.18110200,0.00000000
2.63341310,1.57480300,0.00000000
2.63382110,1.57480300,-0.07874016
2.63422910,1.57480300,-0.07874016
2.63463710,1.57480300,0.00000000
2.63504510,1.57480300,-0.07874016
2.63545310,1.57480300,0.00000000
2.63586110,1.18110200,0.00000000
2.63626910,1.18110200,-0.07874016
2.63667710,1.18110200,-0.07874016
2.63708510,1.18110200,0.00000000
2.63749310,0.78740160,0.00000000
2.63790110,0.78740160,0.00000000
2.63830910,0.78740160,-0.07874016
2.63871710,0.39370080,0.00000000
2.63912510,0.39370080,-0.07874016
2.63953310,0.39370080,-0.07874016
2.63994110,0.00000000,-0.07874016
2.64034910,0.39370080,0.00000000
2.64075710,0.00000000,0.00000000
2.64116510,0.00000000,0.00000000
2.64157310,0.00000000,0.00000000
2.64198110,0.00000000,0.00000000
2.64238910,-0.39370080,0.00000000
2.64279710,-0.39370080,0.00000000
2.64320510,0.00000000,0.00000000
2.64361310,0.00000000,0.00000000
2.64402110,-0.39370080,0.00000000
2.64442910,-0.39370080,0.00000000
2.64483710,0.00000000,-0.07874016
2.64524510,-0.39370080,0.00000000
2.64565310,-0.39370080,0.00000000
2.64606110,-0.39370080,0.00000000
2.64646910,-0.39370080,-0.07874016
2.64687710,0.00000000,0.00000000
2.64728510,-0.39370080,0.00000000
2.64769310,0.00000000,-0.07874016
2.64810110,-0.39370080,0.00000000
2.64850910,-0.39370080,0.00000000
2.64891710,0.00000000,-0.07874016
2.64932510,0.00000000,0.00000000
2.64973310,0.00000000,-0.07874016
2.65014110,0.39370080,0.00000000
2.65054910,0.39370080,0.00000000
2.65095710,0.39370080,0.00000000
2.65136510,0.39370080,0.00000000
2.65177310,0.00000000,0.00000000
2.65218110,0.39370080,-0.07874016
2.65258910,0.78740160,0.00000000
2.65299710,0.78740160,0.00000000
2.65340510,0.78740160,0.00000000
2.65381310,0.78740160,0.00000000
2.65422110,1.18110200,0.00000000
2.65462910,0.78740160,0.00000000
2.65503710,1.18110200,0.00000000
2.65544510,1.18110200,0.00000000
2.65585310,0.78740160,0.00000000
2.65626110,1.18110200,0.00000000
2.65666910,0.78740160,-0.07874016
2.65707710,1.18110200,0.00000000
2.65748510,0.78740160,0.00000000
2.65789310,1.18110200,0.00000000
2.65830110,0.39370080,0.00000000
2.65870910,1.18110200,-0.07874016
2.65911710,1.18110200,0.00000000
2.65952510,1.18110200,0.00000000
2.65993310,0.78740160,0.00000000
2.66034110,0.78740160,-0.07874016
2.66074910,0.78740160,0.00000000
2.66115710,0.39370080,0.00000000
2.66156510,0.78740160,-0.07874016
2.66197310,0.39370080,0.00000000
2.66238110,0.78740160,0.00000000
2.66278910,0.78740160,0.00000000
2.66319710,0.39370080,0.00000000
2.66360510,0.00000000,0.00000000
2.66401310,0.78740160,-0.07874016
2.66442110,0.39370080,-0.07874016
2.66482910,0.39370080,0.00000000
2.66523710,0.78740160,0.00000000
2.66564510,0.39370080,-0.07874016
2.66605310,0.78740160,0.00000000
2.66646110,0.00000000,0.00000000
2.66686910,0.39370080,0.00000000
2.66727710,0.39370080,-0.07874016
2.66768510,0.39370080,-0.07874016
2.66809310,0.39370080,0.00000000
2.66850110,0.00000000,-0.07874016
2.66890910,0.00000000,0.00000000
2.66931710,0.00000000,0.00000000
2.66972510,0.00000000,0.00000000
2.67013310,0.00000000,0.00000000
2.67054110,0.00000000,0.00000000
2.67094910,0.00000000,-0.07874016
2.67135710,0.00000000,-0.07874016
2.67176510,0.00000000,-0.07874016
2.67217310,0.00000000,0.00000000
2.67258110,0.39370080,0.00000000
2.67298910,0.00000000,0.00000000
2.67339710,0.39370080,0.00000000
2.67380510,0.00000000,0.00000000
2.67421310,0.39370080,0.00000000
2.67462110,0.39370080,0.00000000
2.67502910,0.00000000,0.00000000
2.67543710,0.00000000,0.00000000
2.67584510,0.39370080,0.00000000
2.67625310,0.39370080,-0.07874016
2.67666110,0.39370080,0.00000000
2.67706910,0.39370080,0.00000000
2.67747710,0.39370080,0.00000000
2.67788510,0.00000000,0.00000000
2.67829310,0.00000000,-0.07874016
2.67870110,0.39370080,0.00000000
2.67910910,0.39370080,-0.07874016
2.67951710,0.00000000,0.00000000
2.67992510,0.39370080,0.00000000
2.68033310,0.39370080,0.00000000
2.68074110,0.39370080,0.00000000
2.68114910,0.39370080,0.00000000
2.68155710,0.39370080,0.00000000
2.68196510,0.00000000,0.00000000
2.68237310,0.39370080,-0.07874016
2.68278110,0.39370080,-0.07874016
2.68318910,0.39370080,0.00000000
2.68359710,0.39370080,0.00000000
2.68400510,0.78740160,0.00000000
2.68441310,0.00000000,0.00000000
2.68482110,0.00000000,0.00000000
2.68522910,0.39370080,0.00000000
2.68563710,0.39370080,-0.07874016
2.68604510,0.39370080,0.00000000
2.68645310,0.78740160,0.00000000
2.68686110,0.39370080,0.00000000
2.68726910,0.39370080,0.00000000
2.68767710,0.78740160,0.00000000
2.68808510,0.78740160,0.00000000
2.68849310,0.78740160,0.00000000
2.68890110,0.78740160,0.00000000
2.68930910,0.78740160,0.00000000
2.68971710,1.18110200,-0.07874016
2.69012510,0.78740160,0.00000000
2.69053310,0.78740160,-0.07874016
2.69094110,0.78740160,0.00000000
2.69134910,0.78740160,-0.07874016
2.69175710,0.78740160,0.00000000
2.69216510,0.78740160,-0.07874016
2.69257310,0.78740160,0.00000000
2.69298110,0.78740160,0.00000000
2.69338910,0.39370080,-0.07874016
2.69379710,0.39370080,-0.07874016
2.69420510,0.39370080,0.00000000
2.69461310,0.78740160,0.00000000
2.69502110,0.78740160,0.00000000
2.69542910,0.39370080,0.00000000
2.69583710,0.78740160,0.00000000
2.69624510,0.78740160,-0.07874016
2.69665310,0.39370080,0.00000000
2.69706110,0.39370080,0.00000000
2.69746910,0.39370080,0.00000000
2.69787710,0.39370080,-0.07874016
2.69828510,0.39370080,0.00000000
2.69869310,0.00000000,0.00000000
2.69910110,0.39370080,0.00000000
2.69950910,0.00000000,-0.07874016
2.69991710,0.00000000,0.00000000
2.70032510,0.00000000,0.00000000
2.70073310,0.00000000,0.00000000
2.70114110,0.00000000,0.00000000
2.70154910,0.00000000,0.00000000
2.70195710,0.00000000,0.00000000
2.70236510,0.00000000,-0.07874016
2.70277310,0.00000000,-0.07874016
2.70318110,0.00000000,0.00000000
2.70358910,0.00000000,-0.07874016
2.70399710,-0.39370080,0.00000000
2.70440510,0.00000000,0.00000000
2.70481310,0.00000000,0.00000000
2.70522110,0.00000000,0.00000000
2.70562910,0.00000000,0.00000000
2.70603710,0.00000000,0.00000000
2.70644510,0.00000000,0.00000000
2.70685310,-0.39370080,0.00000000
2.70726110,-0.39370080,0.00000000
2.70766910,0.00000000,0.00000000
2.70807710,-0.39370080,0.00000000
2.70848510,0.00000000,0.00000000
2.70889310,0.00000000,0.00000000
2.70930110,0.00000000,-0.07874016
2.70970910,0.39370080,-0.07874016
2.71011710,0.39370080,0.00000000
2.71052510,0.39370080,0.00000000
2.71093310,0.39370080,0.00000000
2.71134110,0.39370080,0.00000000
2.71174910,0.78740160,-0.07874016
2.71215710,0.78740160,0.00000000
2.71256510,0.39370080,0.00000000
2.71297310,0.78740160,0.00000000
2.71338110,0.78740160,-0.07874016
2.71378910,1.18110200,0.00000000
2.71419710,1.18110200,0.00000000
2.71460510,1.18110200,0.00000000
2.71501310,1.18110200,0.00000000
2.71542110,1.18110200,0.00000000
2.71582910,1.18110200,0.00000000
2.71623710,1.57480300,0.00000000
2.71664510,1.57480300,-0.07874016
2.71705310,1.18110200,0.00000000
2.71746110,1.18110200,-0.07874016
2.71786910,1.18110200,0.00000000
2.71827710,1.18110200,0.00000000
2.71868510,1.18110200,0.00000000
2.71909310,1.18110200,-0.07874016
2.71950110,1.18110200,-0.07874016
2.71990910,1.18110200,-0.07874016
2.72031710,0.78740160,-0.07874016
2.72072510,1.18110200,0.00000000
2.72113310,0.78740160,0.00000000
2.72154110,1.18110200,-0.07874016
2.72194910,0.78740160,0.00000000
2.72235710,0.78740160,-0.07874016
2.72276510,0.00000000,0.00000000
2.72317310,0.00000000,0.00000000
2.72358110,0.78740160,0.00000000
2.72398910,0.39370080,0.00000000
2.72439710,0.00000000,-0.07874016
2.72480510,0.00000000,0.00000000
2.72521310,0.00000000,-0.07874016
2.72562110,0.00000000,0.00000000
2.72602910,-0.39370080,0.00000000
2.72643710,0.00000000,0.00000000
2.72684510,-0.39370080,0.00000000
2.72725310,-0.39370080,0.00000000
2.72766110,-0.78740160,0.00000000
2.72806910,-0.39370080,-0.07874016
2.72847710,-0.78740160,-0.07874016
2.72888510,-0.39370080,-0.07874016
2.72929310,-0.39370080,0.00000000
2.72970110,-0.39370080,0.00000000
2.73010910,-0.39370080,-0.07874016
2.73051710,-0.78740160,-0.07874016
2.73092510,-0.39370080,0.00000000
2.73133310,-1.18110200,0.00000000
2.73174110,-0.39370080,0.00000000
2.73214910,-0.39370080,0.00000000
2.73255710,-0.39370080,0.00000000
2.73296510,-0.39370080,0.00000000
2.73337310,-0.39370080,0.00000000
2.73378110,0.00000000,-0.07874016
2.73418910,0.00000000,0.00000000
2.73459710,0.00000000,0.00000000
2.73500510,0.00000000,-0.07874016
2.73541310,0.00000000,0.00000000
2.73582110,0.39370080,0.00000000
2.73622910,0.39370080,-0.07874016
2.73663710,0.39370080,0.00000000
2.73704510,1.18110200,-0.07874016
2.73745310,0.78740160,0.00000000
2.73786110,1.18110200,-0.07874016
2.73826910,1.18110200,0.00000000
2.73867710,1.18110200,0.00000000
2.73908510,1.57480300,0.00000000
2.73949310,1.57480300,0.00000000
2.73990110,1.57480300,0.00000000
2.74030910,1.96850400,0.00000000
2.74071710,1.57480300,0.00000000
2.74112510,1.96850400,0.00000000
2.74153310,1.57480300,-0.07874016
2.74194110,1.57480300,0.00000000
2.74234910,1.96850400,0.00000000
2.74275710,1.57480300,0.00000000
2.74316510,1.57480300,0.00000000
2.74357310,1.96850400,0.00000000
2.74398110,1.57480300,0.00000000
2.74438910,1.57480300,-0.07874016
2.74479710,1.57480300,0.00000000
2.74520510,1.57480300,0.00000000
2.74561310,1.18110200,-0.07874016
2.74602110,1.18110200,-0.07874016
2.74642910,1.18110200,0.00000000
2.74683710,1.18110200,0.00000000
2.74724510,1.18110200,0.00000000
2.74765310,0.39370080,-0.07874016
2.74806110,0.39370080,0.00000000
2.74846910,0.39370080,0.00000000
2.74887710,0.00000000,-0.07874016
2.74928510,-0.39370080,0.00000000
2.74969310,0.00000000,-0.07874016
2.75010110,-0.39370080,-0.07874016
2.75050910,-0.39370080,0.00000000
2.75091710,-0.78740160,0.00000000
2.75132510,-0.39370080,0.00000000
2.75173310,-0.78740160,0.00000000
2.75214110,-0.78740160,0.00000000
2.75254910,-0.78740160,0.00000000
2.75295710,-1.18110200,0.00000000
2.75336510,-1.18110200,0.00000000
2.75377310,-1.18110200,0.00000000
2.75418110,-1.18110200,-0.07874016
2.75458910,-1.57480300,0.00000000
2.75499710,-1.18110200,-0.07874016
2.75540510,-1.18110200,-0.07874016
2.75581310,-1.18110200,0.00000000
2.75622110,-1.18110200,0.00000000
2.75662910,-0.39370080,0.00000000
2.75703710,-1.18110200,0.00000000
2.75744510,-0.78740160,0.00000000
2.75785310,-0.78740160,-0.07874016
2.75826110,-0.39370080,0.00000000
2.75866910,0.00000000,-0.07874016
2.75907710,-0.39370080,0.00000000
2.75948510,0.00000000,-0.07874016
2.75989310,0.00000000,-0.07874016
2.76030110,0.39370080,0.00000000
2.76070910,0.78740160,0.00000000
2.76111710,0.39370080,-0.07874016
2.76152510,1.18110200,-0.07874016
2.76193310,1.18110200,0.00000000
2.76234110,1.18110200,0.00000000
2.76274910,1.57480300,0.00000000
2.76315710,1.96850400,-0.07874016
2.76356510,1.57480300,0.00000000
2.76397309,1.57480300,-0.07874016
2.76438109,1.57480300,0.00000000
2.76478909,2.36220500,0.00000000
2.76519709,1.96850400,-0.07874016
2.76560509,1.96850400,0.00000000
2.76601309,2.36220500,0.00000000
2.76642109,2.36220500,-0.07874016
2.76682909,2.36220500,0.00000000
2.76723709,2.36220500,-0.07874016
2.76764509,1.96850400,0.00000000
2.76805309,2.75590500,0.00000000
2.76846109,1.96850400,-0.07874016
2.76886909,1.96850400,0.00000000
2.76927709,1.96850400,0.00000000
2.76968509,1.96850400,0.00000000
2.77009309,1.57480300,0.00000000
2.77050109,1.57480300,0.00000000
2.77090909,1.18110200,-0.07874016
2.77131709,1.18110200,0.00000000
2.77172509,0.78740160,0.00000000
2.77213309,0.78740160,0.00000000
2.77254109,0.39370080,0.00000000
2.77294909,0.78740160,0.00000000
2.77335709,0.00000000,0.00000000
2.77376509,0.00000000,0.00000000
2.77417309,0.00000000,-0.07874016
2.77458109,-0.39370080,-0.07874016
2.77498909,-0.39370080,0.00000000
2.77539709,-0.78740160,-0.07874016
2.77580509,-1.18110200,0.00000000
2.77621309,-1.18110200,0.00000000
2.77662109,-1.18110200,0.00000000
2.77702909,-1.57480300,0.00000000
2.77743709,-1.18110200,0.00000000
2.77784509,-1.57480300,0.00000000
2.77825309,-1.57480300,0.00000000
2.77866109,-1.96850400,-0.07874016
2.77906909,-1.57480300,0.00000000
2.77947709,-1.57480300,-0.07874016
2.77988509,-1.96850400,0.00000000
2.78029309,-1.57480300,-0.07874016
2.78070109,-1.57480300,0.00000000
2.78110909,-1.57480300,-0.07874016
2.78151709,-1.57480300,0.00000000
2.78192509,-1.18110200,-0.07874016
2.78233309,-1.18110200,0.00000000
2.78274109,-0.78740160,0.00000000
2.78314909,-0.78740160,0.00000000
2.78355709,0.00000000,0.00000000
2.78396509,-0.39370080,0.00000000
2.78437309,0.00000000,0.00000000
2.78478109,0.39370080,0.00000000
2.78518909,0.39370080,0.00000000
2.78559709,0.78740160,0.00000000
2.78600509,0.78740160,0.00000000
2.78641309,1.18110200,0.00000000
2.78682109,1.18110200,0.00000000
2.78722909,1.57480300,0.00000000
2.78763709,1.96850400,0.00000000
2.78804509,1.57480300,-0.07874016
2.78845309,2.36220500,-0.07874016
2.78886109,2.36220500,0.00000000
2.78926909,2.36220500,0.00000000
2.78967709,2.36220500,0.00000000
2.79008509,2.75590500,0.00000000
2.79049309,2.75590500,0.00000000
2.79090109,2.75590500,-0.07874016
2.79130909,2.36220500,0.00000000
2.79171709,2.75590500,0.00000000
2.79212509,2.36220500,0.00000000
2.79253309,2.75590500,-0.07874016
2.79294109,2.36220500,0.00000000
2.79334909,2.36220500,0.00000000
2.79375709,2.36220500,0.00000000
2.79416509,1.96850400,-0.07874016
2.79457309,1.96850400,0.00000000
2.79498109,1.96850400,0.00000000
2.79538909,1.57480300,-0.07874016
2.79579709,1.57480300,0.00000000
2.79620509,1.18110200,0.00000000
2.79661309,0.39370080,0.00000000
2.79702109,0.78740160,0.00000000
2.79742909,0.00000000,-0.07874016
2.79783709,0.00000000,0.00000000
2.79824509,-0.39370080,0.00000000
2.79865309,-0.39370080,0.00000000
2.79906109,-0.39370080,0.00000000
2.79946909,-0.78740160,0.00000000
2.79987709,-1.18110200,0.00000000
2.80028509,-1.18110200,-0.07874016
2.80069309,-1.57480300,-0.07874016
2.80110109,-1.57480300,0.00000000
2.80150909,-1.96850400,-0.07874016
2.80191709,-1.57480300,0.00000000
2.80232509,-1.96850400,-0.07874016
2.80273309,-1.96850400,0.00000000
2.80314109,-1.96850400,0.00000000
2.80354909,-2.36220500,-0.07874016
2.80395709,-1.96850400,-0.07874016
2.80436509,-1.96850400,0.00000000
2.80477309,-1.96850400,-0.07874016
2.80518109,-1.96850400,0.00000000
2.80558909,-1.96850400,-0.07874016
2.80599709,-1.57480300,0.00000000
2.80640509,-1.57480300,0.00000000
2.80681309,-1.18110200,0.00000000
2.80722109,-1.18110200,0.00000000
2.80762909,-0.78740160,0.00000000
2.80803709,-0.39370080,0.00000000
2.80844509,0.00000000,0.00000000
2.80885309,-0.39370080,0.00000000
2.80926109,0.00000000,0.00000000
2.80966909,0.00000000,-0.07874016
2.81007709,0.78740160,-0.07874016
2.81048509,0.78740160,0.00000000
2.81089309,1.18110200,0.00000000
2.81130109,1.57480300,-0.07874016
2.81170909,1.57480300,0.00000000
2.81211709,1.57480300,0.00000000
2.81252509,1.96850400,0.00000000
2.81293309,1.96850400,0.00000000
2.81334109,2.36220500,0.00000000
2.81374909,2.36220500,0.00000000
2.81415709,2.75590500,0.00000000
2.81456509,3.14960600,0.00000000
2.81497309,2.75590500,0.00000000
2.81538109,3.14960600,0.00000000
2.81578909,3.14960600,0.00000000
2.81619709,3.14960600,0.00000000
2.81660509,3.14960600,0.00000000
2.81701309,3.14960600,0.00000000
2.81742109,3.14960600,0.00000000
2.81782909,3.14960600,0.00000000
2.81823709,2.75590500,-0.07874016
2.81864509,2.36220500,-0.07874016
2.81905309,1.96850400,0.00000000
2.81946109,2.36220500,0.00000000
2.81986909,1.96850400,0.00000000
2.82027709,1.57480300,0.00000000
2.82068509,1.57480300,0.00000000
2.82109309,1.18110200,0.00000000
2.82150109,0.78740160,-0.07874016
2.82190909,0.39370080,0.00000000
2.82231709,0.00000000,0.00000000
2.82272509,0.00000000,0.00000000
2.82313309,-0.39370080,0.00000000
2.82354109,-0.39370080,0.00000000
2.82394909,-0.78740160,0.00000000
2.82435709,-1.57480300,-0.07874016
2.82476509,-1.18110200,0.00000000
2.82517309,-1.57480300,0.00000000
2.82558109,-1.96850400,0.00000000
2.82598909,-1.96850400,0.00000000
2.82639709,-1.96850400,0.00000000
2.82680509,-1.96850400,0.00000000
2.82721309,-2.36220500,0.00000000
2.82762109,-2.36220500,-0.07874016
2.82802909,-1.96850400,0.00000000
2.82843709,-2.75590500,0.00000000
2.82884509,-2.36220500,0.00000000
2.82925309,-2.75590500,0.00000000
2.82966109,-2.36220500,0.00000000
2.83006909,-1.96850400,-0.07874016
2.83047709,-1.96850400,0.00000000
2.83088509,-1.96850400,0.00000000
2.83129309,-1.57480300,0.00000000
2.83170109,-1.18110200,0.00000000
2.83210909,-1.18110200,0.00000000
2.83251709,-1.18110200,0.00000000
2.83292509,-0.39370080,0.00000000
2.83333309,0.00000000,0.00000000
2.83374109,-0.39370080,0.00000000
2.83414909,0.39370080,0.00000000
2.83455709,0.39370080,0.00000000
2.83496509,1.18110200,0.00000000
2.83537309,1.18110200,0.00000000
2.83578109,1.57480300,-0.07874016
2.83618909,1.57480300,0.00000000
2.83659709,1.96850400,0.00000000
2.83700509,2.36220500,0.00000000
2.83741309,2.36220500,0.00000000
2.83782109,2.36220500,0.00000000
2.83822909,3.14960600,0.00000000
2.83863709,3.14960600,0.00000000
2.83904509,3.54330700,-0.07874016
2.83945309,3.14960600,-0.07874016
2.83986109,3.54330700,0.00000000
2.84026909,3.93700800,0.00000000
2.84067709,3.14960600,0.00000000
2.84108509,3.54330700,0.00000000
2.84149309,3.54330700,0.00000000
2.84190109,3.54330700,0.00000000
2.84230909,3.14960600,-0.07874016
2.84271709,2.75590500,0.00000000
2.84312509,2.75590500,0.00000000
2.84353309,2.36220500,0.00000000
2.84394109,2.36220500,0.00000000
2.84434909,2.36220500,0.00000000
2.84475709,1.96850400,-0.07874016
2.84516509,1.57480300,0.00000000
2.84557309,1.57480300,0.00000000
2.84598109,0.78740160,0.00000000
2.84638909,0.39370080,0.00000000
2.84679709,0.39370080,0.00000000
2.84720509,0.39370080,0.00000000
2.84761309,-0.39370080,0.00000000
2.84802109,-0.78740160,0.00000000
2.84842909,-0.78740160,0.00000000
2.84883709,-1.18110200,0.00000000
2.84924509,-1.96850400,0.00000000
2.84965309,-1.57480300,0.00000000
2.85006109,-1.96850400,0.00000000
2.85046909,-1.96850400,-0.07874016
2.85087709,-2.36220500,0.00000000
2.85128509,-2.36220500,0.00000000
2.85169309,-2.75590500,0.00000000
2.85210109,-2.36220500,0.00000000
2.85250909,-2.75590500,-0.07874016
2.85291709,-2.75590500,0.00000000
2.85332509,-2.75590500,0.00000000
2.85373309,-2.36220500,0.00000000
2.85414109,-2.75590500,0.00000000
2.85454909,-2.36220500,-0.07874016
2.85495709,-2.36220500,0.00000000
2.85536509,-2.36220500,-0.07874016
2.85577309,-1.57480300,0.00000000
2.85618109,-1.57480300,0.00000000
2.85658909,-1.57480300,-0.07874016
2.85699709,-1.18110200,0.00000000
2.85740509,-1.18110200,0.00000000
2.85781309,-0.39370080,-0.07874016
2.85822109,-0.39370080,0.00000000
2.85862909,0.00000000,0.00000000
2.85903709,0.39370080,0.00000000
2.85944509,0.78740160,0.00000000
2.85985309,1.18110200,-0.07874016
2.86026109,1.18110200,-0.07874016
2.86066909,1.57480300,-0.07874016
2.86107709,1.96850400,-0.07874016
2.86148509,2.36220500,0.00000000
2.86189309,2.75590500,-0.07874016
2.86230109,3.14960600,0.00000000
2.86270909,2.75590500,0.00000000
2.86311709,3.14960600,0.00000000
2.86352509,3.54330700,-0.07874016
2.86393309,3.54330700,0.00000000
2.86434109,3.93700800,-0.07874016
2.86474909,3.54330700,0.00000000
2.86515709,3.93700800,0.00000000
2.86556509,3.54330700,0.00000000
2.86597309,3.54330700,-0.07874016
2.86638109,3.93700800,0.00000000
2.86678909,3.54330700,0.00000000
2.86719709,3.54330700,0.00000000
2.86760509,3.14960600,-0.07874016
2.86801309,3.14960600,0.00000000
2.86842109,2.75590500,0.00000000
2.86882909,2.36220500,-0.07874016
2.86923709,1.96850400,-0.07874016
2.86964509,1.57480300,0.00000000
2.87005309,1.57480300,-0.07874016
2.87046109,1.18110200,0.00000000
2.87086909,0.78740160,0.00000000
2.87127709,0.78740160,0.00000000
2.87168509,0.39370080,0.00000000
2.87209309,0.00000000,0.00000000
2.87250109,-0.39370080,0.00000000
2.87290909,-1.18110200,0.00000000
2.87331709,-1.18110200,0.00000000
2.87372509,-1.57480300,0.00000000
2.87413309,-1.96850400,0.00000000
2.87454109,-1.96850400,-0.07874016
2.87494909,-2.75590500,-0.07874016
2.87535709,-2.36220500,0.00000000
2.87576509,-2.75590500,0.00000000
2.87617309,-2.75590500,0.00000000
2.87658109,-2.75590500,0.00000000
2.87698909,-3.14960600,0.00000000
2.87739709,-2.75590500,-0.07874016
2.87780509,-3.14960600,0.00000000
2.87821309,-3.14960600,0.00000000
2.87862109,-3.14960600,-0.07874016
2.87902909,-2.75590500,-0.07874016
2.87943709,-3.14960600,0.00000000
2.87984509,-2.75590500,0.00000000
2.88025309,-2.75590500,0.00000000
2.88066109,-1.96850400,0.00000000
2.88106909,-1.96850400,0.00000000
2.88147709,-1.57480300,0.00000000
2.88188509,-1.18110200,-0.07874016
2.88229309,-0.78740160,-0.07874016
2.88270109,-0.78740160,0.00000000
2.88310909,-0.39370080,0.00000000
2.88351709,0.00000000,0.00000000
2.88392509,0.39370080,-0.07874016
2.88433309,0.78740160,-0.07874016
2.88474109,1.18110200,0.00000000
2.88514909,1.57480300,0.00000000
2.88555709,1.57480300,-0.07874016
2.88596509,2.36220500,-0.07874016
2.88637309,2.36220500,0.00000000
2.88678109,2.75590500,0.00000000
2.88718909,3.14960600,0.00000000
2.88759709,3.54330700,0.00000000
2.88800509,3.54330700,0.00000000
2.88841309,3.54330700,0.00000000
2.88882109,3.93700800,0.00000000
2.88922909,3.93700800,0.00000000
2.88963709,3.93700800,-0.07874016
2.89004509,3.93700800,0.00000000
2.89045309,3.54330700,0.00000000
2.89086109,3.93700800,0.00000000
2.89126909,3.93700800,0.00000000
2.89167709,3.54330700,0.00000000
2.89208509,3.54330700,0.00000000
2.89249309,3.14960600,0.00000000
2.89290109,3.14960600,0.00000000
2.89330909,3.14960600,0.00000000
2.89371709,2.36220500,0.00000000
2.89412509,1.96850400,0.00000000
2.89453309,1.57480300,0.00000000
2.89494109,1.57480300,0.00000000
2.89534909,1.18110200,0.00000000
2.89575709,0.78740160,0.00000000
2.89616509,0.39370080,0.00000000
2.89657309,0.00000000,0.00000000
2.89698109,0.00000000,0.00000000
2.89738909,-0.78740160,-0.07874016
2.89779709,-1.18110200,-0.07874016
2.89820509,-1.18110200,-0.07874016
2.89861309,-1.96850400,0.00000000
2.89902109,-1.96850400,0.00000000
2.89942909,-1.96850400,0.00000000
2.89983709,-2.75590500,0.00000000
2.90024509,-2.75590500,-0.07874016
2.90065309,-2.75590500,0.00000000
2.90106109,-3.14960600,-0.07874016
2.90146909,-3.14960600,0.00000000
2.90187709,-3.14960600,-0.07874016
2.90228509,-3.54330700,0.00000000
2.90269309,-3.14960600,0.00000000
2.90310109,-3.14960600,-0.07874016
2.90350909,-3.14960600,0.00000000
2.90391709,-3.14960600,0.00000000
2.90432509,-2.75590500,0.00000000
2.90473309,-2.75590500,0.00000000
2.90514109,-2.75590500,-0.07874016
2.90554909,-1.96850400,0.00000000
2.90595709,-1.96850400,-0.07874016
2.90636509,-1.57480300,0.00000000
2.90677309,-1.18110200,-0.07874016
2.90718109,-1.18110200,0.00000000
2.90758909,-0.39370080,0.00000000
2.90799709,0.00000000,0.00000000
2.90840509,0.00000000,-0.07874016
2.90881309,0.78740160,0.00000000
2.90922109,1.18110200,0.00000000
2.90962909,1.18110200,-0.07874016
2.91003709,1.96850400,0.00000000
2.91044509,2.36220500,0.00000000
2.91085309,2.75590500,-0.07874016
2.91126109,2.75590500,0.00000000
2.91166909,3.14960600,0.00000000
2.91207709,3.54330700,-0.07874016
2.91248509,3.54330700,0.00000000
2.91289309,3.93700800,0.00000000
2.91330109,3.93700800,-0.07874016
2.91370909,4.33070900,0.00000000
2.91411709,4.33070900,-0.07874016
2.91452509,3.93700800,0.00000000
2.91493309,4.33070900,0.00000000
2.91534109,3.93700800,0.00000000
2.91574909,4.33070900,-0.07874016
2.91615709,4.33070900,0.00000000
2.91656509,3.54330700,0.00000000
2.91697309,3.54330700,0.00000000
2.91738109,3.14960600,0.00000000
2.91778909,3.14960600,0.00000000
2.91819709,3.14960600,0.00000000
2.91860509,2.36220500,0.00000000
2.91901309,2.36220500,0.00000000
2.91942109,1.57480300,0.00000000
2.91982909,1.57480300,0.00000000
2.92023709,1.18110200,0.00000000
2.92064509,0.78740160,0.00000000
2.92105309,0.39370080,0.00000000
2.92146109,-0.39370080,0.00000000
2.92186909,-1.18110200,0.00000000
2.92227709,-0.78740160,-0.07874016
2.92268509,-1.57480300,0.00000000
2.92309309,-1.18110200,-0.07874016
2.92350109,-2.36220500,-0.07874016
2.92390909,-1.96850400,0.00000000
2.92431709,-2.75590500,0.00000000
2.92472509,-2.75590500,0.00000000
2.92513309,-3.14960600,0.00000000
2.92554109,-3.14960600,-0.07874016
2.92594909,-3.54330700,-0.07874016
2.92635709,-3.54330700,0.00000000
2.92676509,-3.54330700,0.00000000
2.92717309,-3.54330700,-0.07874016
2.92758109,-3.14960600,0.00000000
2.92798909,-3.54330700,0.00000000
2.92839709,-3.14960600,-0.07874016
2.92880509,-3.54330700,0.00000000
2.92921309,-2.75590500,0.00000000
2.92962109,-2.75590500,0.00000000
2.93002909,-2.36220500,0.00000000
2.93043709,-2.36220500,-0.07874016
2.93084509,-1.57480300,-0.07874016
2.93125309,-1.57480300,0.00000000
2.93166109,-0.78740160,0.00000000
2.93206909,-1.18110200,0.00000000
2.93247709,-0.39370080,0.00000000
2.93288509,0.00000000,0.00000000
2.93329309,0.39370080,0.00000000
2.93370109,0.78740160,0.00000000
2.93410909,1.18110200,0.00000000
2.93451709,1.57480300,0.00000000
2.93492509,1.96850400,0.00000000
2.93533309,2.36220500,0.00000000
2.93574109,2.75590500,0.00000000
2.93614909,3.14960600,-0.07874016
2.93655709,3.14960600,0.00000000
2.93696509,3.54330700,0.00000000
2.93737309,3.93700800,0.00000000
2.93778109,4.33070900,0.00000000
2.93818909,3.93700800,0.00000000
2.93859709,4.33070900,0.00000000
2.93900509,4.33070900,0.00000000
2.93941309,4.33070900,-0.07874016
2.93982109,4.33070900,0.00000000
2.94022909,4.33070900,0.00000000
2.94063708,4.33070900,0.00000000
2.94104508,4.72441000,0.00000000
2.94145308,3.93700800,-0.07874016
2.94186108,3.54330700,-0.07874016
2.94226908,3.54330700,0.00000000
2.94267708,3.14960600,-0.07874016
2.94308508,2.75590500,0.00000000
2.94349308,2.36220500,0.00000000
2.94390108,2.36220500,0.00000000
2.94430908,1.96850400,0.00000000
2.94471708,1.18110200,0.00000000
2.94512508,0.78740160,-0.07874016
2.94553308,0.39370080,0.00000000
2.94594108,0.00000000,0.00000000
2.94634908,-0.39370080,0.00000000
2.94675708,-0.78740160,0.00000000
2.94716508,-0.78740160,0.00000000
2.94757308,-1.18110200,-0.07874016
2.94798108,-1.96850400,0.00000000
2.94838908,-1.96850400,0.00000000
2.94879708,-2.75590500,0.00000000
2.94920508,-2.75590500,-0.07874016
2.94961308,-3.14960600,0.00000000
2.95002108,-3.14960600,0.00000000
2.95042908,-3.54330700,0.00000000
2.95083708,-3.93700800,-0.07874016
2.95124508,-3.93700800,0.00000000
2.95165308,-3.93700800,0.00000000
2.95206108,-3.93700800,-0.07874016
2.95246908,-3.93700800,0.00000000
2.95287708,-3.93700800,0.00000000
2.95328508,-3.54330700,0.00000000
2.95369308,-3.54330700,-0.07874016
2.95410108,-3.14960600,-0.07874016
2.95450908,-2.75590500,0.00000000
2.95491708,-2.75590500,-0.07874016
2.95532508,-2.36220500,0.00000000
2.95573308,-1.57480300,0.00000000
2.95614108,-1.57480300,0.00000000
2.95654908,-1.18110200,-0.07874016
2.95695708,-0.39370080,0.00000000
2.95736508,-0.39370080,0.00000000
2.95777308,0.39370080,0.00000000
2.95818108,0.39370080,-0.07874016
2.95858908,0.78740160,0.00000000
2.95899708,1.57480300,0.00000000
2.95940508,1.57480300,0.00000000
2.95981308,1.96850400,0.00000000
2.96022108,2.75590500,0.00000000
2.96062908,2.75590500,-0.07874016
2.96103708,3.54330700,0.00000000
2.96144508,3.54330700,0.00000000
2.96185308,3.54330700,-0.07874016
2.96226108,4.33070900,0.00000000
2.96266908,3.93700800,0.00000000
2.96307708,4.33070900,0.00000000
2.96348508,4.33070900,0.00000000
2.96389308,4.33070900,0.00000000
2.96430108,4.72441000,0.00000000
2.96470908,4.72441000,-0.07874016
2.96511708,4.33070900,0.00000000
2.96552508,4.33070900,0.00000000
2.96593308,4.33070900,0.00000000
2.96634108,4.33070900,-0.07874016
2.96674908,3.54330700,0.00000000
2.96715708,3.54330700,-0.07874016
2.96756508,3.54330700,0.00000000
2.96797308,3.14960600,-0.07874016
2.96838108,2.75590500,0.00000000
2.96878908,1.96850400,-0.07874016
2.96919708,1.57480300,0.00000000
2.96960508,1.18110200,0.00000000
2.97001308,1.18110200,0.00000000
2.97042108,0.39370080,0.00000000
2.97082908,0.00000000,0.00000000
2.97123708,-0.39370080,0.00000000
2.97164508,-0.78740160,0.00000000
2.97205308,-1.18110200,-0.07874016
2.97246108,-1.57480300,0.00000000
2.97286908,-1.96850400,0.00000000
2.97327708,-2.36220500,0.00000000
2.97368508,-2.75590500,0.00000000
2.97409308,-3.14960600,0.00000000
2.97450108,-3.14960600,0.00000000
2.97490908,-3.93700800,-0.07874016
2.97531708,-3.54330700,-0.07874016
2.97572508,-3.93700800,0.00000000
2.97613308,-3.93700800,-0.07874016
2.97654108,-3.93700800,0.00000000
2.97694908,-3.93700800,0.00000000
2.97735708,-4.33070900,-0.07874016
2.97776508,-3.54330700,-0.07874016
2.97817308,-3.93700800,0.00000000
2.97858108,-3.54330700,0.00000000
2.97898908,-3.14960600,0.00000000
2.97939708,-3.14960600,0.00000000
2.97980508,-2.75590500,-0.07874016
2.98021308,-1.96850400,0.00000000
2.98062108,-1.96850400,0.00000000
2.98102908,-1.57480300,0.00000000
2.98143708,-1.18110200,0.00000000
2.98184508,-0.78740160,0.00000000
2.98225308,-0.39370080,0.00000000
2.98266108,0.00000000,0.00000000
2.98306908,0.39370080,0.00000000
2.98347708,0.78740160,-0.07874016
2.98388508,1.57480300,0.00000000
2.98429308,1.96850400,0.00000000
2.98470108,2.36220500,0.00000000
2.98510908,3.14960600,0.00000000
2.98551708,3.14960600,0.00000000
2.98592508,3.54330700,0.00000000
2.98633308,3.54330700,0.00000000
2.98674108,3.93700800,0.00000000
2.98714908,4.33070900,-0.07874016
2.98755708,4.72441000,0.00000000
2.98796508,5.11811000,0.00000000
2.98837308,5.11811000,0.00000000
2.98878108,4.72441000,-0.07874016
2.98918908,5.11811000,0.00000000
2.98959708,5.11811000,0.00000000
2.99000508,5.11811000,-0.07874016
2.99041308,5.11811000,0.00000000
2.99082108,4.33070900,0.00000000
2.99122908,4.33070900,0.00000000
2.99163708,3.93700800,0.00000000
2.99204508,3.54330700,0.00000000
2.99245308,3.54330700,-0.07874016
2.99286108,2.75590500,0.00000000
2.99326908,2.36220500,-0.07874016
2.99367708,2.36220500,0.00000000
2.99408508,1.96850400,0.00000000
2.99449308,1.57480300,0.00000000
2.99490108,0.78740160,-0.07874016
2.99530908,0.39370080,0.00000000
2.99571708,0.00000000,0.00000000
2.99612508,-0.39370080,0.00000000
2.99653308,-0.78740160,0.00000000
2.99694108,-1.57480300,0.00000000
2.99734908,-1.57480300,-0.07874016
2.99775708,-2.36220500,0.00000000
2.99816508,-2.36220500,0.00000000
2.99857308,-2.75590500,0.00000000
2.99898108,-3.14960600,0.00000000
2.99938908,-3.93700800,0.00000000
2.99979708,-3.54330700,-0.07874016
3.00020508,-3.93700800,0.00000000
3.00061308,-3.93700800,-0.07874016
3.00102108,-3.93700800,0.00000000
3.00142908,-3.93700800,0.00000000
3.00183708,-3.93700800,0.00000000
3.00224508,-4.33070900,0.00000000
3.00265308,-3.93700800,0.00000000
3.00306108,-3.54330700,-0.07874016
3.00346908,-3.93700800,-0.07874016
3.00387708,-3.14960600,0.00000000
3.00428508,-2.75590500,0.00000000
3.00469308,-3.14960600,0.00000000
3.00510108,-1.96850400,0.00000000
3.00550908,-1.96850400,0.00000000
3.00591708,-1.96850400,0.00000000
3.00632508,-1.18110200,-0.07874016
3.00673308,-1.18110200,0.00000000
3.00714108,0.00000000,0.00000000
3.00754908,0.00000000,0.00000000
3.00795708,0.39370080,0.00000000
3.00836508,1.18110200,0.00000000
3.00877308,1.57480300,0.00000000
3.00918108,2.36220500,-0.07874016
3.00958908,2.36220500,0.00000000
3.00999708,3.14960600,0.00000000
3.01040508,3.54330700,0.00000000
3.01081308,3.54330700,0.00000000
3.01122108,3.93700800,-0.07874016
3.01162908,4.33070900,0.00000000
3.01203708,4.33070900,-0.07874016
3.01244508,5.11811000,0.00000000
3.01285308,5.51181100,-0.07874016
3.01326108,5.11811000,0.00000000
3.01366908,5.51181100,0.00000000
3.01407708,5.11811000,0.00000000
3.01448508,5.51181100,-0.07874016
3.01489308,5.11811000,0.00000000
3.01530108,4.72441000,0.00000000
3.01570908,5.11811000,0.00000000
3.01611708,4.33070900,0.00000000
3.01652508,4.33070900,0.00000000
3.01693308,3.93700800,0.00000000
3.01734108,3.54330700,0.00000000
3.01774908,3.14960600,-0.07874016
3.01815708,2.75590500,0.00000000
3.01856508,2.36220500,0.00000000
3.01897308,1.57480300,0.00000000
3.01938108,1.57480300,-0.07874016
3.01978908,0.78740160,0.00000000
3.02019708,0.39370080,0.00000000
3.02060508,0.00000000,0.00000000
3.02101308,-0.39370080,0.00000000
3.02142108,-1.18110200,-0.07874016
3.02182908,-1.57480300,-0.07874016
3.02223708,-1.96850400,0.00000000
3.02264508,-2.36220500,0.00000000
3.02305308,-2.36220500,0.00000000
3.02346108,-3.14960600,-0.07874016
3.02386908,-3.54330700,-0.07874016
3.02427708,-3.93700800,0.00000000
3.02468508,-3.93700800,0.00000000
3.02509308,-3.93700800,-0.07874016
3.02550108,-3.93700800,0.00000000
3.02590908,-4.33070900,0.00000000
3.02631708,-3.93700800,0.00000000
3.02672508,-4.33070900,0.00000000
3.02713308,-4.33070900,0.00000000
3.02754108,-4.33070900,-0.07874016
3.02794908,-3.93700800,0.00000000
3.02835708,-3.54330700,0.00000000
3.02876508,-3.54330700,0.00000000
3.02917308,-3.14960600,0.00000000
3.02958108,-3.14960600,-0.07874016
3.02998908,-2.75590500,-0.07874016
3.03039708,-1.96850400,0.00000000
3.03080508,-1.96850400,-0.07874016
3.03121308,-1.18110200,-0.07874016
3.03162108,-0.78740160,0.00000000
3.03202908,-0.39370080,0.00000000
3.03243708,0.00000000,-0.07874016
3.03284508,0.78740160,0.00000000
3.03325308,1.18110200,0.00000000
3.03366108,1.57480300,-0.07874016
3.03406908,1.96850400,0.00000000
3.03447708,2.36220500,0.00000000
3.03488508,2.75590500,-0.07874016
3.03529308,3.54330700,0.00000000
3.03570108,3.93700800,0.00000000
3.03610908,3.93700800,0.00000000
3.03651708,4.72441000,0.00000000
3.03692508,5.11811000,-0.07874016
3.03733308,5.11811000,0.00000000
3.03774108,5.51181100,0.00000000
3.03814908,5.11811000,0.00000000
3.03855708,5.11811000,0.00000000
3.03896508,5.51181100,0.00000000
3.03937308,5.51181100,0.00000000
3.03978108,5.51181100,-0.07874016
3.04018908,5.11811000,0.00000000
3.04059708,4.72441000,0.00000000
3.04100508,4.72441000,0.00000000
3.04141308,3.93700800,0.00000000
3.04182108,3.93700800,0.00000000
3.04222908,3.54330700,-0.07874016
3.04263708,3.14960600,-0.07874016
3.04304508,2.75590500,0.00000000
3.04345308,1.96850400,0.00000000
3.04386108,1.96850400,0.00000000
3.04426908,1.18110200,0.00000000
3.04467708,0.78740160,0.00000000
3.04508508,0.39370080,0.00000000
3.04549308,-0.39370080,0.00000000
3.04590108,-0.39370080,-0.07874016
3.04630908,-0.78740160,0.00000000
3.04671708,-1.57480300,0.00000000
3.04712508,-1.96850400,0.00000000
3.04753308,-2.75590500,0.00000000
3.04794108,-2.75590500,0.00000000
3.04834908,-3.14960600,0.00000000
3.04875708,-3.54330700,0.00000000
3.04916508,-3.54330700,0.00000000
3.04957308,-4.33070900,-0.07874016
3.04998108,-4.33070900,0.00000000
3.05038908,-4.33070900,0.00000000
3.05079708,-4.72441000,0.00000000
3.05120508,-4.33070900,-0.07874016
3.05161308,-4.33070900,0.00000000
3.05202108,-4.33070900,0.00000000
3.05242908,-4.33070900,-0.07874016
3.05283708,-4.33070900,0.00000000
3.05324508,-3.93700800,-0.07874016
3.05365308,-3.93700800,-0.07874016
3.05406108,-3.14960600,-0.07874016
3.05446908,-2.36220500,0.00000000
3.05487708,-2.36220500,0.00000000
3.05528508,-1.96850400,0.00000000
3.05569308,-1.96850400,-0.07874016
3.05610108,-1.18110200,0.00000000
3.05650908,-0.39370080,0.00000000
3.05691708,0.00000000,-0.07874016
3.05732508,0.00000000,0.00000000
3.05773308,0.78740160,0.00000000
3.05814108,1.18110200,0.00000000
3.05854908,1.57480300,0.00000000
3.05895708,2.36220500,0.00000000
3.05936508,2.75590500,0.00000000
3.05977308,3.14960600,-0.07874016
3.06018108,3.54330700,0.00000000
3.06058908,4.33070900,0.00000000
3.06099708,4.33070900,0.00000000
3.06140508,4.72441000,-0.07874016
3.06181308,5.11811000,-0.07874016
3.06222108,5.11811000,0.00000000
3.06262908,5.51181100,-0.07874016
3.06303708,5.51181100,0.00000000
3.06344508,5.51181100,0.00000000
3.06385308,5.51181100,0.00000000
3.06426108,5.51181100,0.00000000
3.06466908,5.51181100,0.00000000
3.06507708,5.11811000,-0.07874016
3.06548508,4.72441000,0.00000000
3.06589308,5.11811000,0.00000000
3.06630108,4.33070900,0.00000000
3.06670908,3.93700800,0.00000000
3.06711708,3.93700800,-0.07874016
3.06752508,3.14960600,-0.07874016
3.06793308,3.14960600,0.00000000
3.06834108,2.36220500,0.00000000
3.06874908,1.57480300,0.00000000
3.06915708,1.57480300,-0.07874016
3.06956508,0.78740160,0.00000000
3.06997308,0.00000000,0.00000000
3.07038108,0.00000000,0.00000000
3.07078908,-0.78740160,-0.07874016
3.07119708,-0.78740160,0.00000000
3.07160508,-1.96850400,-0.07874016
3.07201308,-2.36220500,-0.07874016
3.07242108,-2.36220500,0.00000000
3.07282908,-2.75590500,0.00000000
3.07323708,-3.54330700,0.00000000
3.07364508,-3.54330700,0.00000000
3.07405308,-3.93700800,0.00000000
3.07446108,-3.93700800,0.00000000
3.07486908,-4.72441000,0.00000000
3.07527708,-4.33070900,0.00000000
3.07568508,-4.72441000,-0.07874016
3.07609308,-4.72441000,-0.07874016
3.07650108,-4.33070900,0.00000000
3.07690908,-4.72441000,0.00000000
3.07731708,-4.33070900,-0.07874016
3.07772508,-4.72441000,0.00000000
3.07813308,-3.93700800,0.00000000
3.07854108,-3.93700800,0.00000000
3.07894908,-3.54330700,-0.07874016
3.07935708,-3.54330700,0.00000000
3.07976508,-2.75590500,0.00000000
3.08017308,-2.75590500,0.00000000
3.08058108,-1.96850400,0.00000000
3.08098908,-1.57480300,0.00000000
3.08139708,-0.78740160,-0.07874016
3.08180508,-0.39370080,0.00000000
3.08221308,0.00000000,0.00000000
3.08262108,0.78740160,0.00000000
3.08302908,1.18110200,0.00000000
3.08343708,1.57480300,0.00000000
3.08384508,2.36220500,-0.07874016
3.08425308,2.75590500,-0.07874016
3.08466108,3.14960600,0.00000000
3.08506908,3.54330700,0.00000000
3.08547708,3.54330700,-0.07874016
3.08588508,3.93700800,-0.07874016
3.08629308,4.72441000,0.00000000
3.08670108,5.11811000,0.00000000
3.08710908,5.51181100,0.00000000
3.08751708,5.11811000,-0.07874016
3.08792508,5.51181100,0.00000000
3.08833308,5.51181100,0.00000000
3.08874108,5.51181100,0.00000000
3.08914908,5.51181100,0.00000000
3.08955708,5.51181100,-0.07874016
3.08996508,5.51181100,0.00000000
3.09037308,5.51181100,-0.07874016
3.09078108,4.72441000,0.00000000
3.09118908,4.33070900,-0.07874016
3.09159708,3.93700800,0.00000000
3.09200508,3.54330700,-0.07874016
3.09241308,3.54330700,0.00000000
3.09282108,2.36220500,-0.07874016
3.09322908,2.75590500,0.00000000
3.09363708,1.96850400,0.00000000
3.09404508,1.57480300,0.00000000
3.09445308,1.18110200,0.00000000
3.09486108,0.00000000,0.00000000
3.09526908,0.00000000,0.00000000
3.09567708,-0.39370080,0.00000000
3.09608508,-1.18110200,0.00000000
3.09649308,-1.57480300,0.00000000
3.09690108,-1.96850400,0.00000000
3.09730908,-2.75590500,0.00000000
3.09771708,-2.75590500,-0.07874016
3.09812508,-3.93700800,0.00000000
3.09853308,-3.54330700,-0.07874016
3.09894108,-3.93700800,-0.07874016
3.09934908,-4.33070900,0.00000000
3.09975708,-4.72441000,0.00000000
3.10016508,-4.72441000,-0.07874016
3.10057308,-4.72441000,0.00000000
3.10098108,-4.72441000,0.00000000
3.10138908,-4.72441000,-0.07874016
3.10179708,-4.72441000,0.00000000
3.10220508,-4.72441000,0.00000000
3.10261308,-4.33070900,0.00000000
3.10302108,-3.93700800,0.00000000
3.10342908,-3.93700800,-0.07874016
3.10383708,-3.93700800,0.00000000
3.10424508,-3.14960600,0.00000000
3.10465308,-2.75590500,-0.07874016
3.10506108,-2.36220500,-0.07874016
3.10546908,-1.96850400,-0.07874016
3.10587708,-1.18110200,-0.07874016
3.10628508,-1.18110200,0.00000000
3.10669308,0.00000000,0.00000000
3.10710108,0.00000000,0.00000000
3.10750908,0.39370080,-0.07874016
3.10791708,1.18110200,0.00000000
3.10832508,1.57480300,-0.07874016
3.10873308,1.96850400,0.00000000
3.10914108,2.75590500,0.00000000
3.10954908,3.14960600,0.00000000
3.10995708,3.54330700,0.00000000
3.11036508,3.93700800,0.00000000
3.11077308,4.33070900,0.00000000
3.11118108,4.72441000,0.00000000
3.11158908,5.11811000,-0.07874016
3.11199708,5.51181100,0.00000000
3.11240508,5.51181100,0.00000000
3.11281308,5.51181100,0.00000000
3.11322108,5.90551200,-0.07874016
3.11362908,5.51181100,0.00000000
3.11403708,5.51181100,-0.07874016
3.11444508,5.51181100,-0.07874016
3.11485308,5.51181100,-0.07874016
3.11526108,5.51181100,0.00000000
3.11566908,5.11811000,0.00000000
3.11607708,4.72441000,0.00000000
3.11648508,3.93700800,-0.07874016
3.11689308,4.33070900,0.00000000
3.11730107,3.54330700,-0.07874016
3.11770907,3.14960600,0.00000000
3.11811707,2.75590500,0.00000000
3.11852507,1.96850400,0.00000000
3.11893307,1.57480300,-0.07874016
3.11934107,0.78740160,0.00000000
3.11974907,0.39370080,0.00000000
3.12015707,0.00000000,0.00000000
3.12056507,-0.78740160,-0.07874016
3.12097307,-1.18110200,-0.07874016
3.12138107,-1.57480300,0.00000000
3.12178907,-2.36220500,0.00000000
3.12219707,-2.36220500,0.00000000
3.12260507,-3.14960600,0.00000000
3.12301307,-3.14960600,0.00000000
3.12342107,-3.93700800,0.00000000
3.12382907,-3.93700800,-0.07874016
3.12423707,-4.33070900,0.00000000
3.12464507,-4.72441000,0.00000000
3.12505307,-4.72441000,0.00000000
3.12546107,-4.33070900,-0.07874016
3.12586907,-5.11811000,0.00000000
3.12627707,-5.11811000,0.00000000
3.12668507,-5.11811000,0.00000000
3.12709307,-5.11811000,0.00000000
3.12750107,-4.72441000,0.00000000
3.12790907,-4.33070900,0.00000000
3.12831707,-3.93700800,-0.07874016
3.12872507,-3.54330700,0.00000000
3.12913307,-3.14960600,0.00000000
3.12954107,-2.75590500,-0.07874016
3.12994907,-2.36220500,0.00000000
3.13035707,-1.96850400,-0.07874016
3.13076507,-1.57480300,0.00000000
3.13117307,-1.18110200,-0.07874016
3.13158107,-0.39370080,0.00000000
3.13198907,0.00000000,0.00000000
3.13239707,0.39370080,0.00000000
3.13280507,1.18110200,0.00000000
3.13321307,1.57480300,0.00000000
3.13362107,2.36220500,0.00000000
3.13402907,2.75590500,0.00000000
3.13443707,3.14960600,-0.07874016
3.13484507,3.54330700,-0.07874016
3.13525307,3.54330700,-0.07874016
3.13566107,4.33070900,0.00000000
3.13606907,4.72441000,0.00000000
3.13647707,4.72441000,0.00000000
3.13688507,5.51181100,0.00000000
3.13729307,5.51181100,0.00000000
3.13770107,5.51181100,-0.07874016
3.13810907,5.51181100,0.00000000
3.13851707,5.90551200,-0.07874016
3.13892507,5.51181100,-0.07874016
3.13933307,5.51181100,0.00000000
3.13974107,5.51181100,0.00000000
3.14014907,5.51181100,0.00000000
3.14055707,5.11811000,0.00000000
3.14096507,4.72441000,-0.07874016
3.14137307,4.33070900,-0.07874016
3.14178107,3.93700800,-0.07874016
3.14218907,3.54330700,0.00000000
3.14259707,3.54330700,0.00000000
3.14300507,2.75590500,-0.07874016
3.14341307,2.36220500,0.00000000
3.14382107,1.57480300,-0.07874016
3.14422907,0.78740160,0.00000000
3.14463707,0.39370080,0.00000000
3.14504507,0.00000000,0.00000000
3.14545307,-0.39370080,0.00000000
3.14586107,-1.18110200,0.00000000
3.14626907,-1.96850400,0.00000000
3.14667707,-1.96850400,0.00000000
3.14708507,-2.75590500,0.00000000
3.14749307,-2.75590500,0.00000000
3.14790107,-3.54330700,0.00000000
3.14830907,-3.93700800,0.00000000
3.14871707,-3.93700800,0.00000000
3.14912507,-4.72441000,-0.07874016
3.14953307,-4.72441000,0.00000000
3.14994107,-4.33070900,0.00000000
3.15034907,-5.11811000,0.00000000
3.15075707,-4.72441000,0.00000000
3.15116507,-5.11811000,0.00000000
3.15157307,-4.72441000,-0.07874016
3.15198107,-4.72441000,0.00000000
3.15238907,-4.33070900,-0.07874016
3.15279707,-4.33070900,0.00000000
3.15320507,-3.93700800,0.00000000
3.15361307,-3.54330700,0.00000000
3.15402107,-3.54330700,0.00000000
3.15442907,-3.14960600,0.00000000
3.15483707,-2.36220500,0.00000000
3.15524507,-1.96850400,0.00000000
3.15565307,-1.57480300,-0.07874016
3.15606107,-1.18110200,0.00000000
3.15646907,-0.39370080,0.00000000
3.15687707,0.00000000,-0.07874016
3.15728507,0.39370080,-0.07874016
3.15769307,0.78740160,0.00000000
3.15810107,1.57480300,-0.07874016
3.15850907,2.36220500,0.00000000
3.15891707,2.36220500,0.00000000
3.15932507,3.54330700,-0.07874016
3.15973307,3.54330700,-0.07874016
3.16014107,3.93700800,-0.07874016
3.16054907,4.33070900,0.00000000
3.16095707,4.72441000,-0.07874016
3.16136507,5.11811000,0.00000000
3.16177307,5.51181100,0.00000000
3.16218107,5.11811000,0.00000000
3.16258907,5.90551200,0.00000000
3.16299707,5.90551200,0.00000000
3.16340507,5.90551200,0.00000000
3.16381307,5.90551200,-0.07874016
3.16422107,5.51181100,0.00000000
3.16462907,5.51181100,0.00000000
3.16503707,5.51181100,-0.07874016
3.16544507,5.11811000,-0.07874016
3.16585307,4.72441000,0.00000000
3.16626107,4.72441000,0.00000000
3.16666907,3.93700800,-0.07874016
3.16707707,3.93700800,0.00000000
3.16748507,3.14960600,0.00000000
3.16789307,3.14960600,0.00000000
3.16830107,2.36220500,0.00000000
3.16870907,1.96850400,-0.07874016
3.16911707,1.18110200,0.00000000
3.16952507,0.78740160,0.00000000
3.16993307,0.00000000,0.00000000
3.17034107,-0.39370080,0.00000000
3.17074907,-0.78740160,0.00000000
3.17115707,-1.18110200,0.00000000
3.17156507,-1.96850400,0.00000000
3.17197307,-2.36220500,-0.07874016
3.17238107,-2.75590500,0.00000000
3.17278907,-3.54330700,-0.07874016
3.17319707,-3.54330700,0.00000000
3.17360507,-3.93700800,0.00000000
3.17401307,-4.33070900,0.00000000
3.17442107,-4.33070900,-0.07874016
3.17482907,-4.72441000,0.00000000
3.17523707,-5.11811000,0.00000000
3.17564507,-4.72441000,0.00000000
3.17605307,-4.72441000,0.00000000
3.17646107,-5.11811000,0.00000000
3.17686907,-4.72441000,-0.07874016
3.17727707,-4.72441000,0.00000000
3.17768507,-4.72441000,0.00000000
3.17809307,-3.93700800,-0.07874016
3.17850107,-3.93700800,0.00000000
3.17890907,-3.54330700,0.00000000
3.17931707,-3.14960600,0.00000000
3.17972507,-2.75590500,0.00000000
3.18013307,-2.36220500,-0.07874016
3.18054107,-1.96850400,0.00000000
3.18094907,-1.57480300,-0.07874016
3.18135707,-0.78740160,0.00000000
3.18176507,-0.39370080,0.00000000
3.18217307,0.39370080,-0.07874016
3.18258107,0.78740160,-0.07874016
3.18298907,1.57480300,0.00000000
3.18339707,2.36220500,0.00000000
3.18380507,2.36220500,-0.07874016
3.18421307,3.14960600,0.00000000
3.18462107,3.54330700,0.00000000
3.18502907,3.54330700,-0.07874016
3.18543707,3.93700800,-0.07874016
3.18584507,4.72441000,0.00000000
3.18625307,5.11811000,0.00000000
3.18666107,5.11811000,0.00000000
3.18706907,5.11811000,0.00000000
3.18747707,5.51181100,-0.07874016
3.18788507,5.51181100,0.00000000
3.18829307,5.51181100,-0.07874016
3.18870107,5.90551200,0.00000000
3.18910907,5.51181100,0.00000000
3.18951707,5.51181100,0.00000000
3.18992507,5.51181100,-0.07874016
3.19033307,5.11811000,-0.07874016
3.19074107,5.11811000,0.00000000
3.19114907,5.11811000,0.00000000
3.19155707,4.33070900,-0.07874016
3.19196507,3.93700800,0.00000000
3.19237307,3.54330700,-0.07874016
3.19278107,3.14960600,-0.07874016
3.19318907,2.36220500,-0.07874016
3.19359707,1.96850400,0.00000000
3.19400507,1.57480300,0.00000000
3.19441307,0.78740160,0.00000000
3.19482107,0.39370080,0.00000000
3.19522907,0.00000000,-0.07874016
3.19563707,-0.39370080,0.00000000
3.19604507,-1.57480300,0.00000000
3.19645307,-1.96850400,0.00000000
3.19686107,-2.36220500,0.00000000
3.19726907,-2.75590500,-0.07874016
3.19767707,-3.54330700,0.00000000
3.19808507,-3.54330700,0.00000000
3.19849307,-3.93700800,0.00000000
3.19890107,-4.33070900,-0.07874016
3.19930907,-4.33070900,0.00000000
3.19971707,-4.72441000,-0.07874016
3.20012507,-5.11811000,0.00000000
3.20053307,-4.72441000,0.00000000
3.20094107,-5.11811000,-0.07874016
3.20134907,-4.72441000,0.00000000
3.20175707,-5.11811000,-0.07874016
3.20216507,-5.11811000,0.00000000
3.20257307,-4.72441000,0.00000000
3.20298107,-4.33070900,0.00000000
3.20338907,-4.33070900,0.00000000
3.20379707,-3.93700800,0.00000000
3.20420507,-3.14960600,-0.07874016
3.20461307,-2.75590500,0.00000000
3.20502107,-2.75590500,0.00000000
3.20542907,-1.96850400,-0.07874016
3.20583707,-1.96850400,0.00000000
3.20624507,-0.78740160,-0.07874016
3.20665307,-0.39370080,-0.07874016
3.20706107,0.00000000,0.00000000
3.20746907,0.78740160,-0.07874016
3.20787707,1.18110200,0.00000000
3.20828507,1.57480300,0.00000000
3.20869307,2.36220500,0.00000000
3.20910107,2.36220500,0.00000000
3.20950907,3.54330700,0.00000000
3.20991707,3.54330700,0.00000000
3.21032507,3.93700800,0.00000000
3.21073307,4.72441000,0.00000000
3.21114107,5.11811000,0.00000000
3.21154907,5.11811000,0.00000000
3.21195707,5.51181100,-0.07874016
3.21236507,5.51181100,-0.07874016
3.21277307,5.90551200,-0.07874016
3.21318107,5.90551200,0.00000000
3.21358907,5.51181100,0.00000000
3.21399707,5.90551200,0.00000000
3.21440507,5.51181100,-0.07874016
3.21481307,5.51181100,0.00000000
3.21522107,5.51181100,0.00000000
3.21562907,4.72441000,0.00000000
3.21603707,5.11811000,0.00000000
3.21644507,4.72441000,-0.07874016
3.21685307,3.54330700,-0.07874016
3.21726107,3.54330700,-0.07874016
3.21766907,3.54330700,0.00000000
3.21807707,2.36220500,0.00000000
3.21848507,2.36220500,0.00000000
3.21889307,1.57480300,-0.07874016
3.21930107,1.18110200,-0.07874016
3.21970907,0.00000000,0.00000000
3.22011707,-0.39370080,0.00000000
3.22052507,-0.78740160,0.00000000
3.22093307,-1.18110200,0.00000000
3.22134107,-1.96850400,0.00000000
3.22174907,-1.96850400,0.00000000
3.22215707,-2.75590500,0.00000000
3.22256507,-3.14960600,0.00000000
3.22297307,-3.54330700,0.00000000
3.22338107,-3.93700800,-0.07874016
3.22378907,-4.33070900,0.00000000
3.22419707,-4.33070900,0.00000000
3.22460507,-4.33070900,-0.07874016
3.22501307,-4.72441000,0.00000000
3.22542107,-5.11811000,-0.07874016
3.22582907,-5.11811000,0.00000000
3.22623707,-5.51181100,0.00000000
3.22664507,-5.11811000,0.00000000
3.22705307,-4.72441000,0.00000000
3.22746107,-4.33070900,0.00000000
3.22786907,-4.33070900,0.00000000
3.22827707,-3.93700800,0.00000000
3.22868507,-3.93700800,0.00000000
3.22909307,-3.54330700,-0.07874016
3.22950107,-3.14960600,-0.07874016
3.22990907,-2.75590500,0.00000000
3.23031707,-1.96850400,0.00000000
3.23072507,-1.96850400,0.00000000
3.23113307,-1.57480300,0.00000000
3.23154107,-0.78740160,0.00000000
3.23194907,0.00000000,0.00000000
3.23235707,0.78740160,0.00000000
3.23276507,1.18110200,0.00000000
3.23317307,1.57480300,0.00000000
3.23358107,1.96850400,0.00000000
3.23398907,2.75590500,0.00000000
3.23439707,2.75590500,0.00000000
3.23480507,3.54330700,0.00000000
3.23521307,3.93700800,0.00000000
3.23562107,4.33070900,-0.07874016
3.23602907,4.33070900,0.00000000
3.23643707,5.11811000,0.00000000
3.23684507,5.51181100,0.00000000
3.23725307,5.51181100,0.00000000
3.23766107,5.90551200,-0.07874016
3.23806907,5.90551200,-0.07874016
3.23847707,5.90551200,0.00000000
3.23888507,5.90551200,-0.07874016
3.23929307,5.90551200,0.00000000
3.23970107,5.51181100,-0.07874016
3.24010907,5.51181100,0.00000000
3.24051707,5.11811000,-0.07874016
3.24092507,4.72441000,0.00000000
3.24133307,4.72441000,0.00000000
3.24174107,4.33070900,0.00000000
3.24214907,3.54330700,-0.07874016
3.24255707,3.54330700,0.00000000
3.24296507,3.14960600,0.00000000
3.24337307,2.36220500,-0.07874016
3.24378107,1.57480300,0.00000000
3.24418907,1.18110200,0.00000000
3.24459707,0.78740160,0.00000000
3.24500507,0.39370080,0.00000000
3.24541307,-0.39370080,0.00000000
3.24582107,-0.78740160,0.00000000
3.24622907,-1.57480300,-0.07874016
3.24663707,-1.96850400,-0.07874016
3.24704507,-2.75590500,-0.07874016
3.24745307,-3.14960600,0.00000000
3.24786107,-3.54330700,0.00000000
3.24826907,-3.54330700,-0.07874016
3.24867707,-3.93700800,0.00000000
3.24908507,-4.33070900,0.00000000
3.24949307,-4.33070900,0.00000000
3.24990107,-4.72441000,0.00000000
3.25030907,-5.11811000,0.00000000
3.25071707,-5.11811000,0.00000000
3.25112507,-5.11811000,0.00000000
3.25153307,-5.11811000,-0.07874016
3.25194107,-4.72441000,0.00000000
3.25234907,-4.72441000,0.00000000
3.25275707,-4.72441000,0.00000000
3.25316507,-4.33070900,0.00000000
3.25357307,-4.33070900,-0.07874016
3.25398107,-3.54330700,0.00000000
3.25438907,-3.54330700,0.00000000
3.25479707,-3.14960600,0.00000000
3.25520507,-2.36220500,0.00000000
3.25561307,-1.96850400,0.00000000
3.25602107,-1.57480300,0.00000000
3.25642907,-0.78740160,-0.07874016
3.25683707,0.00000000,-0.07874016
3.25724507,0.39370080,0.00000000
3.25765307,0.78740160,0.00000000
3.25806107,1.57480300,0.00000000
3.25846907,2.36220500,0.00000000
3.25887707,2.36220500,0.00000000
3.25928507,3.14960600,0.00000000
3.25969307,3.54330700,0.00000000
3.26010107,3.93700800,-0.07874016
3.26050907,3.93700800,0.00000000
3.26091707,4.72441000,-0.07874016
3.26132507,5.11811000,-0.07874016
3.26173307,5.51181100,0.00000000
3.26214107,5.51181100,0.00000000
3.26254907,5.51181100,0.00000000
3.26295707,5.51181100,0.00000000
3.26336507,5.90551200,-0.07874016
3.26377307,5.90551200,0.00000000
3.26418107,5.90551200,0.00000000
3.26458907,5.51181100,0.00000000
3.26499707,5.90551200,0.00000000
3.26540507,5.90551200,0.00000000
3.26581307,5.11811000,0.00000000
3.26622107,4.72441000,0.00000000
3.26662907,4.72441000,0.00000000
3.26703707,3.93700800,0.00000000
3.26744507,3.54330700,0.00000000
3.26785307,2.75590500,0.00000000
3.26826107,2.36220500,-0.07874016
3.26866907,1.96850400,0.00000000
3.26907707,1.57480300,-0.07874016
3.26948507,1.18110200,0.00000000
3.26989307,0.39370080,0.00000000
3.27030107,0.00000000,0.00000000
3.27070907,-0.78740160,-0.07874016
3.27111707,-1.18110200,0.00000000
3.27152507,-1.96850400,-0.07874016
3.27193307,-1.96850400,0.00000000
3.27234107,-3.14960600,0.00000000
3.27274907,-3.54330700,0.00000000
3.27315707,-3.54330700,-0.07874016
3.27356507,-4.33070900,-0.07874016
3.27397307,-3.93700800,-0.07874016
3.27438107,-5.11811000,-0.07874016
3.27478907,-4.33070900,0.00000000
3.27519707,-4.72441000,0.00000000
3.27560507,-5.11811000,0.00000000
3.27601307,-5.11811000,0.00000000
3.27642107,-5.11811000,0.00000000
3.27682907,-5.11811000,0.00000000
3.27723707,-5.11811000,0.00000000
3.27764507,-5.11811000,0.00000000
3.27805307,-4.33070900,0.00000000
3.27846107,-4.33070900,0.00000000
3.27886907,-3.93700800,0.00000000
3.27927707,-3.54330700,0.00000000
3.27968507,-3.54330700,0.00000000
3.28009307,-3.14960600,0.00000000
3.28050107,-1.96850400,-0.07874016
3.28090907,-1.57480300,-0.07874016
3.28131707,-1.18110200,0.00000000
3.28172507,-0.78740160,0.00000000
3.28213307,0.00000000,0.00000000
3.28254107,0.78740160,0.00000000
3.28294907,0.78740160,-0.07874016
3.28335707,1.57480300,0.00000000
3.28376507,1.96850400,-0.07874016
3.28417307,2.36220500,0.00000000
3.28458107,3.14960600,-0.07874016
3.28498907,3.54330700,0.00000000
3.28539707,4.33070900,0.00000000
3.28580507,4.72441000,0.00000000
3.28621307,4.72441000,0.00000000
3.28662107,5.11811000,0.00000000
3.28702907,5.90551200,0.00000000
3.28743707,5.51181100,0.00000000
3.28784507,5.51181100,0.00000000
3.28825307,6.29921200,0.00000000
3.28866107,6.29921200,0.00000000
3.28906907,5.90551200,0.00000000
3.28947707,5.90551200,0.00000000
3.28988507,5.90551200,0.00000000
3.29029307,5.90551200,-0.07874016
3.29070107,5.11811000,0.00000000
3.29110907,5.11811000,0.00000000
3.29151707,4.72441000,0.00000000
3.29192507,4.33070900,0.00000000
3.29233307,3.93700800,-0.07874016
3.29274107,3.54330700,0.00000000
3.29314907,3.14960600,0.00000000
3.29355707,2.36220500,-0.07874016
3.29396506,1.57480300,0.00000000
3.29437306,1.57480300,-0.07874016
3.29478106,0.78740160,0.00000000
3.29518906,0.00000000,-0.07874016
3.29559706,-0.39370080,0.00000000
3.29600506,-0.78740160,-0.07874016
3.29641306,-1.57480300,-0.07874016
3.29682106,-1.96850400,-0.07874016
3.29722906,-2.75590500,0.00000000
3.29763706,-3.14960600,-0.07874016
3.29804506,-3.54330700,-0.07874016
3.29845306,-3.93700800,0.00000000
3.29886106,-4.33070900,0.00000000
3.29926906,-4.72441000,0.00000000
3.29967706,-4.72441000,0.00000000
3.30008506,-4.72441000,-0.07874016
3.30049306,-5.51181100,0.00000000
3.30090106,-5.11811000,-0.07874016
3.30130906,-5.51181100,-0.07874016
3.30171706,-5.51181100,0.00000000
3.30212506,-5.11811000,0.00000000
3.30253306,-4.72441000,-0.07874016
3.30294106,-4.72441000,0.00000000
3.30334906,-4.72441000,-0.07874016
3.30375706,-4.33070900,0.00000000
3.30416506,-3.93700800,0.00000000
3.30457306,-3.54330700,0.00000000
3.30498106,-3.14960600,0.00000000
3.30538906,-2.36220500,-0.07874016
3.30579706,-1.96850400,0.00000000
3.30620506,-1.57480300,0.00000000
3.30661306,-0.78740160,-0.07874016
3.30702106,-0.39370080,0.00000000
3.30742906,0.00000000,0.00000000
3.30783706,0.39370080,0.00000000
3.30824506,1.57480300,-0.07874016
3.30865306,1.96850400,-0.07874016
3.30906106,2.36220500,-0.07874016
3.30946906,3.14960600,0.00000000
3.30987706,3.54330700,0.00000000
3.31028506,3.93700800,0.00000000
3.31069306,4.33070900,-0.07874016
3.31110106,4.72441000,-0.07874016
3.31150906,5.11811000,0.00000000
3.31191706,5.51181100,0.00000000
3.31232506,5.90551200,0.00000000
3.31273306,5.90551200,0.00000000
3.31314106,5.90551200,0.00000000
3.31354906,5.90551200,0.00000000
3.31395706,6.29921200,0.00000000
3.31436506,6.29921200,0.00000000
3.31477306,5.90551200,0.00000000
3.31518106,5.90551200,0.00000000
3.31558906,5.51181100,0.00000000
3.31599706,5.51181100,0.00000000
3.31640506,4.72441000,0.00000000
3.31681306,4.72441000,-0.07874016
3.31722106,4.33070900,0.00000000
3.31762906,3.54330700,0.00000000
3.31803706,3.14960600,0.00000000
3.31844506,2.75590500,0.00000000
3.31885306,1.96850400,-0.07874016
3.31926106,1.57480300,0.00000000
3.31966906,0.78740160,-0.07874016
3.32007706,0.00000000,0.00000000
3.32048506,0.00000000,0.00000000
3.32089306,-0.78740160,0.00000000
3.32130106,-1.18110200,0.00000000
3.32170906,-1.96850400,0.00000000
3.32211706,-2.36220500,0.00000000
3.32252506,-3.14960600,0.00000000
3.32293306,-3.54330700,0.00000000
3.32334106,-3.54330700,0.00000000
3.32374906,-3.93700800,0.00000000
3.32415706,-4.72441000,0.00000000
3.32456506,-4.72441000,0.00000000
3.32497306,-4.72441000,0.00000000
3.32538106,-5.51181100,0.00000000
3.32578906,-5.11811000,0.00000000
3.32619706,-5.11811000,-0.07874016
3.32660506,-5.51181100,-0.07874016
3.32701306,-4.72441000,0.00000000
3.32742106,-5.11811000,0.00000000
3.32782906,-4.72441000,0.00000000
3.32823706,-4.72441000,0.00000000
3.32864506,-3.93700800,0.00000000
3.32905306,-3.93700800,0.00000000
3.32946106,-3.54330700,-0.07874016
3.32986906,-3.54330700,0.00000000
3.33027706,-2.36220500,-0.07874016
3.33068506,-2.36220500,0.00000000
3.33109306,-1.57480300,0.00000000
3.33150106,-1.18110200,0.00000000
3.33190906,-0.78740160,-0.07874016
3.33231706,0.00000000,0.00000000
3.33272506,0.39370080,-0.07874016
3.33313306,1.18110200,0.00000000
3.33354106,1.96850400,0.00000000
3.33394906,2.36220500,0.00000000
3.33435706,2.75590500,0.00000000
3.33476506,3.54330700,0.00000000
3.33517306,3.93700800,-0.07874016
3.33558106,4.33070900,-0.07874016
3.33598906,4.72441000,0.00000000
3.33639706,4.72441000,0.00000000
3.33680506,5.51181100,-0.07874016
3.33721306,5.90551200,0.00000000
3.33762106,5.51181100,-0.07874016
3.33802906,5.90551200,-0.07874016
3.33843706,5.90551200,0.00000000
3.33884506,6.29921200,-0.07874016
3.33925306,6.29921200,0.00000000
3.33966106,5.90551200,0.00000000
3.34006906,5.51181100,-0.07874016
3.34047706,5.51181100,0.00000000
3.34088506,5.11811000,-0.07874016
3.34129306,5.11811000,0.00000000
3.34170106,5.11811000,0.00000000
3.34210906,4.33070900,0.00000000
3.34251706,3.93700800,0.00000000
3.34292506,3.14960600,0.00000000
3.34333306,3.14960600,0.00000000
3.34374106,2.36220500,0.00000000
3.34414906,1.57480300,-0.07874016
3.34455706,1.18110200,0.00000000
3.34496506,0.78740160,-0.07874016
3.34537306,0.00000000,0.00000000
3.34578106,-0.39370080,-0.07874016
3.34618906,-1.18110200,0.00000000
3.34659706,-1.57480300,0.00000000
3.34700506,-1.96850400,0.00000000
3.34741306,-2.75590500,-0.07874016
3.34782106,-2.75590500,0.00000000
3.34822906,-3.54330700,0.00000000
3.34863706,-3.93700800,0.00000000
3.34904506,-4.33070900,0.00000000
3.34945306,-4.72441000,0.00000000
3.34986106,-4.72441000,0.00000000
3.35026906,-5.11811000,0.00000000
3.35067706,-5.11811000,-0.07874016
3.35108506,-5.11811000,0.00000000
3.35149306,-5.51181100,-0.07874016
3.35190106,-5.11811000,0.00000000
3.35230906,-5.11811000,-0.07874016
3.35271706,-4.72441000,0.00000000
3.35312506,-4.72441000,0.00000000
3.35353306,-4.72441000,0.00000000
3.35394106,-3.93700800,-0.07874016
3.35434906,-3.54330700,0.00000000
3.35475706,-3.14960600,0.00000000
3.35516506,-2.75590500,0.00000000
3.35557306,-2.36220500,0.00000000
3.35598106,-1.57480300,0.00000000
3.35638906,-1.18110200,0.00000000
3.35679706,-0.78740160,0.00000000
3.35720506,-0.39370080,-0.07874016
3.35761306,0.39370080,0.00000000
3.35802106,0.78740160,-0.07874016
3.35842906,1.57480300,0.00000000
3.35883706,1.57480300,-0.07874016
3.35924506,2.75590500,-0.07874016
3.35965306,3.14960600,-0.07874016
3.36006106,3.54330700,-0.07874016
3.36046906,4.33070900,0.00000000
3.36087706,4.33070900,0.00000000
3.36128506,5.11811000,0.00000000
3.36169306,5.11811000,-0.07874016
3.36210106,5.51181100,-0.07874016
3.36250906,5.90551200,-0.07874016
3.36291706,5.90551200,0.00000000
3.36332506,5.51181100,0.00000000
3.36373306,6.29921200,-0.07874016
3.36414106,5.90551200,0.00000000
3.36454906,5.90551200,0.00000000
3.36495706,6.29921200,0.00000000
3.36536506,5.90551200,-0.07874016
3.36577306,5.51181100,-0.07874016
3.36618106,5.51181100,0.00000000
3.36658906,5.11811000,0.00000000
3.36699706,4.33070900,0.00000000
3.36740506,3.54330700,0.00000000
3.36781306,3.54330700,0.00000000
3.36822106,3.14960600,0.00000000
3.36862906,2.75590500,-0.07874016
3.36903706,1.96850400,0.00000000
3.36944506,1.57480300,-0.07874016
3.36985306,0.78740160,0.00000000
3.37026106,0.00000000,0.00000000
3.37066906,-0.39370080,0.00000000
3.37107706,-0.78740160,-0.07874016
3.37148506,-1.18110200,-0.07874016
3.37189306,-2.36220500,0.00000000
3.37230106,-2.75590500,0.00000000
3.37270906,-2.75590500,-0.07874016
3.37311706,-3.54330700,0.00000000
3.37352506,-3.93700800,0.00000000
3.37393306,-4.33070900,0.00000000
3.37434106,-4.33070900,-0.07874016
3.37474906,-4.72441000,-0.07874016
3.37515706,-5.11811000,-0.07874016
3.37556506,-5.11811000,0.00000000
3.37597306,-5.11811000,-0.07874016
3.37638106,-5.11811000,0.00000000
3.37678906,-4.72441000,-0.07874016
3.37719706,-5.11811000,0.00000000
3.37760506,-4.72441000,0.00000000
3.37801306,-4.72441000,0.00000000
3.37842106,-4.33070900,-0.07874016
3.37882906,-4.33070900,0.00000000
3.37923706,-3.54330700,0.00000000
3.37964506,-3.54330700,0.00000000
3.38005306,-2.75590500,0.00000000
3.38046106,-2.36220500,0.00000000
3.38086906,-1.96850400,-0.07874016
3.38127706,-1.57480300,0.00000000
3.38168506,-1.18110200,0.00000000
3.38209306,-0.39370080,0.00000000
3.38250106,0.39370080,-0.07874016
3.38290906,0.39370080,0.00000000
3.38331706,1.18110200,0.00000000
3.38372506,1.57480300,0.00000000
3.38413306,2.36220500,0.00000000
3.38454106,3.14960600,0.00000000
3.38494906,3.54330700,0.00000000
3.38535706,4.33070900,0.00000000
3.38576506,4.33070900,0.00000000
3.38617306,4.72441000,0.00000000
3.38658106,5.11811000,-0.07874016
3.38698906,5.51181100,0.00000000
3.38739706,5.51181100,0.00000000
3.38780506,5.51181100,0.00000000
3.38821306,5.51181100,0.00000000
3.38862106,5.90551200,0.00000000
3.38902906,5.90551200,-0.07874016
3.38943706,5.90551200,0.00000000
3.38984506,5.90551200,-0.07874016
3.39025306,5.51181100,0.00000000
3.39066106,5.11811000,-0.07874016
3.39106906,5.11811000,0.00000000
3.39147706,4.72441000,0.00000000
3.39188506,4.33070900,0.00000000
3.39229306,3.93700800,0.00000000
3.39270106,3.54330700,0.00000000
3.39310906,3.14960600,0.00000000
3.39351706,2.36220500,-0.07874016
3.39392506,1.96850400,0.00000000
3.39433306,1.57480300,0.00000000
3.39474106,0.78740160,-0.07874016
3.39514906,0.39370080,-0.07874016
3.39555706,0.00000000,0.00000000
3.39596506,-0.78740160,0.00000000
3.39637306,-1.18110200,0.00000000
3.39678106,-1.96850400,0.00000000
3.39718906,-2.36220500,0.00000000
3.39759706,-2.75590500,-0.07874016
3.39800506,-3.54330700,-0.07874016
3.39841306,-3.54330700,0.00000000
3.39882106,-3.93700800,0.00000000
3.39922906,-4.33070900,0.00000000
3.39963706,-4.33070900,0.00000000
3.40004506,-5.11811000,0.00000000
3.40045306,-5.11811000,-0.07874016
3.40086106,-5.11811000,0.00000000
3.40126906,-5.11811000,-0.07874016
3.40167706,-5.11811000,0.00000000
3.40208506,-5.11811000,-0.07874016
3.40249306,-5.11811000,0.00000000
3.40290106,-4.72441000,0.00000000
3.40330906,-4.33070900,-0.07874016
3.40371706,-4.33070900,-0.07874016
3.40412506,-3.93700800,0.00000000
3.40453306,-3.54330700,0.00000000
3.40494106,-3.14960600,-0.07874016
3.40534906,-2.36220500,0.00000000
3.40575706,-2.36220500,0.00000000
3.40616506,-1.57480300,-0.07874016
3.40657306,-1.18110200,0.00000000
3.40698106,-0.78740160,0.00000000
3.40738906,0.00000000,0.00000000
3.40779706,0.39370080,-0.07874016
3.40820506,1.18110200,0.00000000
3.40861306,1.57480300,0.00000000
3.40902106,2.36220500,0.00000000
3.40942906,2.36220500,-0.07874016
3.40983706,3.54330700,0.00000000
3.41024506,3.54330700,-0.07874016
3.41065306,3.93700800,0.00000000
3.41106106,4.33070900,0.00000000
3.41146906,5.11811000,0.00000000
3.41187706,5.51181100,-0.07874016
3.41228506,5.51181100,0.00000000
3.41269306,5.51181100,-0.07874016
3.41310106,5.51181100,0.00000000
3.41350906,5.51181100,-0.07874016
3.41391706,5.51181100,0.00000000
3.41432506,5.90551200,0.00000000
3.41473306,5.51181100,-0.07874016
3.41514106,5.51181100,0.00000000
3.41554906,5.51181100,-0.07874016
3.41595706,5.11811000,0.00000000
3.41636506,4.72441000,0.00000000
3.41677306,4.33070900,0.00000000
3.41718106,4.33070900,0.00000000
3.41758906,3.54330700,0.00000000
3.41799706,3.14960600,0.00000000
3.41840506,2.75590500,0.00000000
3.41881306,1.96850400,0.00000000
3.41922106,1.57480300,0.00000000
3.41962906,0.78740160,0.00000000
3.42003706,0.39370080,0.00000000
3.42044506,0.00000000,0.00000000
3.42085306,-0.39370080,0.00000000
3.42126106,-1.18110200,0.00000000
3.42166906,-1.57480300,0.00000000
3.42207706,-1.96850400,-0.07874016
3.42248506,-2.36220500,0.00000000
3.42289306,-3.14960600,0.00000000
3.42330106,-3.93700800,-0.07874016
3.42370906,-3.93700800,0.00000000
3.42411706,-3.93700800,0.00000000
3.42452506,-4.72441000,0.00000000
3.42493306,-4.72441000,-0.07874016
3.42534106,-4.72441000,0.00000000
3.42574906,-5.11811000,0.00000000
3.42615706,-4.72441000,0.00000000
3.42656506,-4.72441000,-0.07874016
3.42697306,-4.72441000,0.00000000
3.42738106,-4.33070900,-0.07874016
3.42778906,-4.72441000,0.00000000
3.42819706,-4.33070900,0.00000000
3.42860506,-3.93700800,0.00000000
3.42901306,-3.93700800,-0.07874016
3.42942106,-3.54330700,0.00000000
3.42982906,-3.14960600,0.00000000
3.43023706,-2.75590500,0.00000000
3.43064506,-1.96850400,0.00000000
3.43105306,-1.96850400,0.00000000
3.43146106,-1.18110200,0.00000000
3.43186906,-0.39370080,-0.07874016
3.43227706,0.00000000,0.00000000
3.43268506,0.39370080,0.00000000
3.43309306,0.78740160,0.00000000
3.43350106,1.18110200,0.00000000
3.43390906,1.96850400,-0.07874016
3.43431706,2.36220500,-0.07874016
3.43472506,2.75590500,0.00000000
3.43513306,3.54330700,0.00000000
3.43554106,3.54330700,0.00000000
3.43594906,4.33070900,0.00000000
3.43635706,4.33070900,0.00000000
3.43676506,4.72441000,0.00000000
3.43717306,5.51181100,0.00000000
3.43758106,5.51181100,0.00000000
3.43798906,5.51181100,0.00000000
3.43839706,5.90551200,0.00000000
3.43880506,5.51181100,-0.07874016
3.43921306,5.51181100,-0.07874016
3.43962106,5.51181100,0.00000000
3.44002906,5.51181100,0.00000000
3.44043706,5.11811000,0.00000000
3.44084506,5.51181100,0.00000000
3.44125306,4.72441000,0.00000000
3.44166106,4.72441000,0.00000000
3.44206906,4.33070900,-0.07874016
3.44247706,3.14960600,0.00000000
3.44288506,3.14960600,0.00000000
3.44329306,2.75590500,0.00000000
3.44370106,2.36220500,0.00000000
3.44410906,1.96850400,0.00000000
3.44451706,1.18110200,0.00000000
3.44492506,0.78740160,0.00000000
3.44533306,0.39370080,-0.07874016
3.44574106,-0.39370080,0.00000000
3.44614906,-0.78740160,-0.07874016
3.44655706,-1.18110200,-0.07874016
3.44696506,-1.96850400,-0.07874016
3.44737306,-2.36220500,0.00000000
3.44778106,-2.36220500,0.00000000
3.44818906,-3.14960600,0.00000000
3.44859706,-3.54330700,0.00000000
3.44900506,-3.93700800,0.00000000
3.44941306,-4.33070900,0.00000000
3.44982106,-3.93700800,0.00000000
3.45022906,-4.33070900,-0.07874016
3.45063706,-4.72441000,0.00000000
3.45104506,-4.33070900,0.00000000
3.45145306,-4.72441000,0.00000000
3.45186106,-4.72441000,0.00000000
3.45226906,-4.72441000,0.00000000
3.45267706,-4.72441000,-0.07874016
3.45308506,-4.33070900,-0.07874016
3.45349306,-3.93700800,0.00000000
3.45390106,-3.93700800,0.00000000
3.45430906,-3.54330700,0.00000000
3.45471706,-2.75590500,0.00000000
3.45512506,-2.75590500,-0.07874016
3.45553306,-1.96850400,0.00000000
3.45594106,-1.96850400,0.00000000
3.45634906,-1.18110200,0.00000000
3.45675706,-0.39370080,0.00000000
3.45716506,-0.39370080,0.00000000
3.45757306,0.39370080,0.00000000
3.45798106,0.78740160,0.00000000
3.45838906,1.18110200,0.00000000
3.45879706,1.96850400,0.00000000
3.45920506,1.96850400,0.00000000
3.45961306,2.75590500,0.00000000
3.46002106,3.14960600,0.00000000
3.46042906,3.54330700,0.00000000
3.46083706,3.93700800,0.00000000
3.46124506,3.93700800,-0.07874016
3.46165306,4.33070900,-0.07874016
3.46206106,4.72441000,0.00000000
3.46246906,5.11811000,0.00000000
3.46287706,5.11811000,-0.07874016
3.46328506,5.51181100,-0.07874016
3.46369306,5.11811000,0.00000000
3.46410106,5.51181100,-0.07874016
3.46450906,5.51181100,0.00000000
3.46491706,5.11811000,0.00000000
3.46532506,5.51181100,0.00000000
3.46573306,4.72441000,0.00000000
3.46614106,4.72441000,0.00000000
3.46654906,4.72441000,0.00000000
3.46695706,3.93700800,0.00000000
3.46736506,3.54330700,0.00000000
3.46777306,3.54330700,0.00000000
3.46818106,2.75590500,0.00000000
3.46858906,2.36220500,0.00000000
3.46899706,1.96850400,0.00000000
3.46940506,1.57480300,0.00000000
3.46981306,0.78740160,0.00000000
3.47022106,0.39370080,0.00000000
3.47062906,0.00000000,-0.07874016
3.47103705,-0.39370080,0.00000000
3.47144505,-1.18110200,0.00000000
3.47185305,-1.57480300,0.00000000
3.47226105,-1.96850400,0.00000000
3.47266905,-2.75590500,0.00000000
3.47307705,-2.75590500,-0.07874016
3.47348505,-3.54330700,0.00000000
3.47389305,-3.54330700,0.00000000
3.47430105,-3.93700800,0.00000000
3.47470905,-3.93700800,0.00000000
3.47511705,-4.33070900,0.00000000
3.47552505,-4.33070900,0.00000000
3.47593305,-4.72441000,0.00000000
3.47634105,-4.72441000,-0.07874016
3.47674905,-4.72441000,0.00000000
3.47715705,-4.33070900,0.00000000
3.47756505,-3.93700800,-0.07874016
3.47797305,-4.33070900,0.00000000
3.47838105,-3.93700800,0.00000000
3.47878905,-3.93700800,-0.07874016
3.47919705,-3.54330700,0.00000000
3.47960505,-2.75590500,-0.07874016
3.48001305,-2.36220500,0.00000000
3.48042105,-1.96850400,0.00000000
3.48082905,-1.96850400,0.00000000
3.48123705,-1.18110200,0.00000000
3.48164505,-0.78740160,0.00000000
3.48205305,-0.39370080,-0.07874016
3.48246105,0.00000000,0.00000000
3.48286905,0.78740160,0.00000000
3.48327705,1.57480300,-0.07874016
3.48368505,1.57480300,-0.07874016
3.48409305,1.96850400,0.00000000
3.48450105,2.75590500,-0.07874016
3.48490905,2.75590500,0.00000000
3.48531705,3.14960600,0.00000000
3.48572505,3.93700800,0.00000000
3.48613305,3.93700800,0.00000000
3.48654105,4.33070900,0.00000000
3.48694905,4.72441000,-0.07874016
3.48735705,4.72441000,0.00000000
3.48776505,5.11811000,0.00000000
3.48817305,5.51181100,-0.07874016
3.48858105,5.11811000,-0.07874016
3.48898905,5.11811000,0.00000000
3.48939705,5.11811000,-0.07874016
3.48980505,4.72441000,0.00000000
3.49021305,5.11811000,-0.07874016
3.49062105,4.33070900,0.00000000
3.49102905,4.33070900,-0.07874016
3.49143705,4.33070900,-0.07874016
3.49184505,3.54330700,-0.07874016
3.49225305,3.54330700,0.00000000
3.49266105,3.54330700,-0.07874016
3.49306905,2.75590500,0.00000000
3.49347705,2.36220500,-0.07874016
3.49388505,1.57480300,0.00000000
3.49429305,1.57480300,-0.07874016
3.49470105,0.78740160,0.00000000
3.49510905,0.39370080,-0.07874016
3.49551705,-0.39370080,0.00000000
3.49592505,-0.39370080,-0.07874016
3.49633305,-1.18110200,0.00000000
3.49674105,-1.18110200,0.00000000
3.49714905,-1.96850400,0.00000000
3.49755705,-1.96850400,0.00000000
3.49796505,-2.36220500,0.00000000
3.49837305,-3.14960600,-0.07874016
3.49878105,-3.14960600,0.00000000
3.49918905,-3.54330700,0.00000000
3.49959705,-3.93700800,0.00000000
3.50000505,-3.93700800,-0.07874016
3.50041305,-3.93700800,0.00000000
3.50082105,-3.93700800,-0.07874016
3.50122905,-4.33070900,0.00000000
3.50163705,-4.33070900,0.00000000
3.50204505,-4.33070900,0.00000000
3.50245305,-3.93700800,-0.07874016
3.50286105,-3.93700800,0.00000000
3.50326905,-3.93700800,0.00000000
3.50367705,-3.54330700,-0.07874016
3.50408505,-3.14960600,0.00000000
3.50449305,-3.14960600,0.00000000
3.50490105,-2.36220500,-0.07874016
3.50530905,-2.36220500,0.00000000
3.50571705,-1.96850400,0.00000000
3.50612505,-1.57480300,0.00000000
3.50653305,-0.78740160,0.00000000
3.50694105,-0.39370080,0.00000000
3.50734905,0.00000000,-0.07874016
3.50775705,0.39370080,0.00000000
3.50816505,0.78740160,0.00000000
3.50857305,1.18110200,0.00000000
3.50898105,1.57480300,-0.07874016
3.50938905,2.36220500,0.00000000
3.50979705,2.36220500,-0.07874016
3.51020505,3.14960600,0.00000000
3.51061305,3.54330700,0.00000000
3.51102105,3.54330700,-0.07874016
3.51142905,3.93700800,-0.07874016
3.51183705,4.33070900,0.00000000
3.51224505,4.72441000,0.00000000
3.51265305,4.72441000,0.00000000
3.51306105,5.11811000,-0.07874016
3.51346905,5.11811000,0.00000000
3.51387705,4.72441000,0.00000000
3.51428505,4.72441000,0.00000000
3.51469305,4.72441000,0.00000000
3.51510105,5.11811000,0.00000000
3.51550905,4.72441000,0.00000000
3.51591705,4.33070900,0.00000000
3.51632505,3.93700800,0.00000000
3.51673305,3.54330700,0.00000000
3.51714105,3.54330700,-0.07874016
3.51754905,3.54330700,0.00000000
3.51795705,3.14960600,0.00000000
3.51836505,2.36220500,0.00000000
3.51877305,2.36220500,-0.07874016
3.51918105,1.57480300,0.00000000
3.51958905,1.18110200,-0.07874016
3.51999705,0.78740160,0.00000000
3.52040505,0.39370080,0.00000000
3.52081305,0.00000000,0.00000000
3.52122105,-0.78740160,-0.07874016
3.52162905,-1.18110200,0.00000000
3.52203705,-1.57480300,-0.07874016
3.52244505,-1.96850400,0.00000000
3.52285305,-2.36220500,0.00000000
3.52326105,-2.75590500,0.00000000
3.52366905,-3.14960600,0.00000000
3.52407705,-3.14960600,0.00000000
3.52448505,-3.14960600,-0.07874016
3.52489305,-3.93700800,0.00000000
3.52530105,-3.93700800,-0.07874016
3.52570905,-3.93700800,0.00000000
3.52611705,-3.93700800,0.00000000
3.52652505,-3.93700800,-0.07874016
3.52693305,-3.93700800,-0.07874016
3.52734105,-3.93700800,0.00000000
3.52774905,-3.93700800,0.00000000
3.52815705,-3.93700800,0.00000000
3.52856505,-3.54330700,0.00000000
3.52897305,-3.54330700,0.00000000
3.52938105,-2.75590500,0.00000000
3.52978905,-2.36220500,0.00000000
3.53019705,-1.96850400,0.00000000
3.53060505,-1.96850400,0.00000000
3.53101305,-1.57480300,-0.07874016
3.53142105,-1.18110200,0.00000000
3.53182905,-0.39370080,0.00000000
3.53223705,-0.39370080,-0.07874016
3.53264505,0.00000000,0.00000000
3.53305305,0.78740160,0.00000000
3.53346105,1.57480300,-0.07874016
3.53386905,1.57480300,-0.07874016
3.53427705,1.96850400,0.00000000
3.53468505,2.36220500,0.00000000
3.53509305,2.75590500,0.00000000
3.53550105,3.14960600,-0.07874016
3.53590905,3.54330700,0.00000000
3.53631705,3.54330700,0.00000000
3.53672505,3.93700800,0.00000000
3.53713305,3.93700800,0.00000000
3.53754105,4.33070900,0.00000000
3.53794905,4.72441000,0.00000000
3.53835705,4.33070900,-0.07874016
3.53876505,4.72441000,-0.07874016
3.53917305,4.72441000,-0.07874016
3.53958105,4.33070900,0.00000000
3.53998905,4.72441000,-0.07874016
3.54039705,4.33070900,0.00000000
3.54080505,4.33070900,0.00000000
3.54121305,3.93700800,0.00000000
3.54162105,3.93700800,0.00000000
3.54202905,3.54330700,-0.07874016
3.54243705,3.14960600,0.00000000
3.54284505,2.75590500,0.00000000
3.54325305,2.36220500,-0.07874016
3.54366105,1.96850400,0.00000000
3.54406905,1.57480300,0.00000000
3.54447705,1.57480300,0.00000000
3.54488505,0.78740160,-0.07874016
3.54529305,0.39370080,0.00000000
3.54570105,0.00000000,-0.07874016
3.54610905,-0.39370080,0.00000000
3.54651705,-0.78740160,0.00000000
3.54692505,-1.57480300,0.00000000
3.54733305,-1.57480300,0.00000000
3.54774105,-1.96850400,0.00000000
3.54814905,-2.36220500,-0.07874016
3.54855705,-2.75590500,0.00000000
3.54896505,-2.75590500,-0.07874016
3.54937305,-3.14960600,0.00000000
3.54978105,-3.54330700,0.00000000
3.55018905,-3.54330700,0.00000000
3.55059705,-3.93700800,-0.07874016
3.55100505,-3.54330700,0.00000000
3.55141305,-3.54330700,-0.07874016
3.55182105,-3.93700800,0.00000000
3.55222905,-3.93700800,-0.07874016
3.55263705,-3.54330700,-0.07874016
3.55304505,-3.54330700,0.00000000
3.55345305,-3.54330700,-0.07874016
3.55386105,-3.14960600,0.00000000
3.55426905,-3.14960600,0.00000000
3.55467705,-1.96850400,0.00000000
3.55508505,-2.36220500,0.00000000
3.55549305,-1.96850400,0.00000000
3.55590105,-1.18110200,0.00000000
3.55630905,-0.78740160,-0.07874016
3.55671705,-0.78740160,0.00000000
3.55712505,0.00000000,0.00000000
3.55753305,0.00000000,0.00000000
3.55794105,0.78740160,-0.07874016
3.55834905,0.78740160,-0.07874016
3.55875705,1.57480300,-0.07874016
3.55916505,1.57480300,-0.07874016
3.55957305,1.96850400,0.00000000
3.55998105,2.75590500,0.00000000
3.56038905,2.75590500,0.00000000
3.56079705,3.14960600,0.00000000
3.56120505,3.54330700,-0.07874016
3.56161305,3.93700800,0.00000000
3.56202105,3.93700800,0.00000000
3.56242905,4.33070900,0.00000000
3.56283705,4.33070900,0.00000000
3.56324505,4.33070900,0.00000000
3.56365305,4.33070900,0.00000000
3.56406105,4.72441000,0.00000000
3.56446905,4.33070900,0.00000000
3.56487705,4.33070900,-0.07874016
3.56528505,4.33070900,0.00000000
3.56569305,4.33070900,0.00000000
3.56610105,3.93700800,-0.07874016
3.56650905,3.54330700,-0.07874016
3.56691705,3.54330700,0.00000000
3.56732505,3.14960600,0.00000000
3.56773305,2.75590500,-0.07874016
3.56814105,2.36220500,0.00000000
3.56854905,1.96850400,0.00000000
3.56895705,1.57480300,0.00000000
3.56936505,1.18110200,0.00000000
3.56977305,0.78740160,-0.07874016
3.57018105,0.78740160,0.00000000
3.57058905,0.00000000,0.00000000
3.57099705,0.00000000,0.00000000
3.57140505,-0.78740160,0.00000000
3.57181305,-0.78740160,0.00000000
3.57222105,-1.57480300,0.00000000
3.57262905,-1.96850400,-0.07874016
3.57303705,-1.96850400,0.00000000
3.57344505,-2.36220500,0.00000000
3.57385305,-2.75590500,0.00000000
3.57426105,-3.14960600,0.00000000
3.57466905,-3.54330700,-0.07874016
3.57507705,-3.14960600,0.00000000
3.57548505,-3.14960600,0.00000000
3.57589305,-3.14960600,0.00000000
3.57630105,-3.54330700,0.00000000
3.57670905,-3.54330700,0.00000000
3.57711705,-3.54330700,0.00000000
3.57752505,-3.14960600,0.00000000
3.57793305,-3.14960600,0.00000000
3.57834105,-3.14960600,0.00000000
3.57874905,-3.14960600,0.00000000
3.57915705,-2.75590500,-0.07874016
3.57956505,-2.36220500,0.00000000
3.57997305,-1.96850400,-0.07874016
3.58038105,-1.96850400,0.00000000
3.58078905,-1.57480300,0.00000000
3.58119705,-0.78740160,0.00000000
3.58160505,-0.78740160,-0.07874016
3.58201305,-0.39370080,-0.07874016
3.58242105,0.00000000,0.00000000
3.58282905,0.39370080,0.00000000
3.58323705,0.78740160,0.00000000
3.58364505,1.18110200,-0.07874016
3.58405305,1.57480300,-0.07874016
3.58446105,1.96850400,0.00000000
3.58486905,1.96850400,0.00000000
3.58527705,2.36220500,0.00000000
3.58568505,3.14960600,-0.07874016
3.58609305,3.14960600,0.00000000
3.58650105,3.54330700,0.00000000
3.58690905,3.93700800,-0.07874016
3.58731705,3.54330700,-0.07874016
3.58772505,3.93700800,-0.07874016
3.58813305,3.93700800,0.00000000
3.58854105,3.93700800,0.00000000
3.58894905,4.33070900,-0.07874016
3.58935705,3.93700800,0.00000000
3.58976505,3.93700800,0.00000000
3.59017305,3.93700800,0.00000000
3.59058105,3.93700800,0.00000000
3.59098905,3.93700800,0.00000000
3.59139705,3.54330700,0.00000000
3.59180505,3.14960600,0.00000000
3.59221305,2.75590500,-0.07874016
3.59262105,2.75590500,0.00000000
3.59302905,2.36220500,0.00000000
3.59343705,2.36220500,0.00000000
3.59384505,1.57480300,0.00000000
3.59425305,1.57480300,0.00000000
3.59466105,0.78740160,0.00000000
3.59506905,0.78740160,0.00000000
3.59547705,0.39370080,0.00000000
3.59588505,0.00000000,0.00000000
3.59629305,-0.39370080,0.00000000
3.59670105,-0.39370080,-0.07874016
3.59710905,-1.18110200,0.00000000
3.59751705,-1.57480300,0.00000000
3.59792505,-1.96850400,0.00000000
3.59833305,-2.36220500,-0.07874016
3.59874105,-2.36220500,0.00000000
3.59914905,-2.75590500,0.00000000
3.59955705,-2.75590500,0.00000000
3.59996505,-3.14960600,0.00000000
3.60037305,-3.14960600,0.00000000
3.60078105,-3.54330700,0.00000000
3.60118905,-3.14960600,0.00000000
3.60159705,-3.14960600,-0.07874016
3.60200505,-3.14960600,0.00000000
3.60241305,-3.14960600,-0.07874016
3.60282105,-3.14960600,-0.07874016
3.60322905,-2.75590500,0.00000000
3.60363705,-2.36220500,0.00000000
3.60404505,-2.75590500,0.00000000
3.60445305,-2.36220500,0.00000000
3.60486105,-2.36220500,0.00000000
3.60526905,-1.57480300,-0.07874016
3.60567705,-1.57480300,-0.07874016
3.60608505,-1.18110200,0.00000000
3.60649305,-0.78740160,-0.07874016
3.60690105,-0.39370080,-0.07874016
3.60730905,0.00000000,0.00000000
3.60771705,0.00000000,-0.07874016
3.60812505,0.78740160,0.00000000
3.60853305,1.18110200,0.00000000
3.60894105,1.57480300,0.00000000
3.60934905,1.57480300,-0.07874016
3.60975705,1.96850400,0.00000000
3.61016505,2.36220500,0.00000000
3.61057305,2.36220500,0.00000000
3.61098105,3.14960600,0.00000000
3.61138905,3.14960600,0.00000000
3.61179705,3.54330700,-0.07874016
3.61220505,3.54330700,0.00000000
3.61261305,3.54330700,0.00000000
3.61302105,3.93700800,0.00000000
3.61342905,3.93700800,0.00000000
3.61383705,3.93700800,0.00000000
3.61424505,4.33070900,0.00000000
3.61465305,4.33070900,0.00000000
3.61506105,3.54330700,0.00000000
3.61546905,3.54330700,0.00000000
3.61587705,3.54330700,-0.07874016
3.61628505,3.54330700,0.00000000
3.61669305,3.54330700,-0.07874016
3.61710105,2.75590500,0.00000000
3.61750905,2.75590500,-0.07874016
3.61791705,2.36220500,0.00000000
3.61832505,1.96850400,0.00000000
3.61873305,1.96850400,-0.07874016
3.61914105,1.57480300,0.00000000
3.61954905,0.78740160,-0.07874016
3.61995705,0.78740160,0.00000000
3.62036505,0.78740160,0.00000000
3.62077305,0.00000000,-0.07874016
3.62118105,0.00000000,0.00000000
3.62158905,-0.78740160,0.00000000
3.62199705,-0.78740160,0.00000000
3.62240505,-1.18110200,0.00000000
3.62281305,-1.96850400,0.00000000
3.62322105,-1.96850400,-0.07874016
3.62362905,-2.36220500,-0.07874016
3.62403705,-2.36220500,0.00000000
3.62444505,-2.36220500,0.00000000
3.62485305,-2.75590500,0.00000000
3.62526105,-3.14960600,0.00000000
3.62566905,-2.75590500,0.00000000
3.62607705,-3.14960600,0.00000000
3.62648505,-3.14960600,-0.07874016
3.62689305,-3.14960600,0.00000000
3.62730105,-3.14960600,0.00000000
3.62770905,-2.75590500,-0.07874016
3.62811705,-3.14960600,-0.07874016
3.62852505,-2.75590500,0.00000000
3.62893305,-1.96850400,-0.07874016
3.62934105,-2.36220500,-0.07874016
3.62974905,-1.96850400,0.00000000
3.63015705,-1.57480300,0.00000000
3.63056505,-1.57480300,0.00000000
3.63097305,-1.18110200,0.00000000
3.63138105,-0.78740160,-0.07874016
3.63178905,-0.39370080,-0.07874016
3.63219705,0.00000000,-0.07874016
3.63260505,0.00000000,0.00000000
3.63301305,0.78740160,0.00000000
3.63342105,0.78740160,0.00000000
3.63382905,1.18110200,0.00000000
3.63423705,1.57480300,0.00000000
3.63464505,1.96850400,-0.07874016
3.63505305,2.36220500,-0.07874016
3.63546105,2.75590500,0.00000000
3.63586905,2.75590500,0.00000000
3.63627705,3.14960600,-0.07874016
3.63668505,3.14960600,-0.07874016
3.63709305,3.54330700,-0.07874016
3.63750105,3.93700800,0.00000000
3.63790905,3.54330700,0.00000000
3.63831705,3.54330700,-0.07874016
3.63872505,3.54330700,0.00000000
3.63913305,3.54330700,0.00000000
3.63954105,3.54330700,0.00000000
3.63994905,3.54330700,0.00000000
3.64035705,3.54330700,0.00000000
3.64076505,3.54330700,-0.07874016
3.64117305,3.14960600,0.00000000
3.64158105,2.75590500,0.00000000
3.64198905,2.75590500,0.00000000
3.64239705,2.36220500,0.00000000
3.64280505,2.36220500,0.00000000
3.64321305,2.36220500,0.00000000
3.64362105,1.57480300,-0.07874016
3.64402905,1.57480300,0.00000000
3.64443705,1.57480300,0.00000000
3.64484505,0.78740160,0.00000000
3.64525305,0.39370080,-0.07874016
3.64566105,0.39370080,0.00000000
3.64606905,0.00000000,0.00000000
3.64647705,-0.39370080,-0.07874016
3.64688505,-0.78740160,0.00000000
3.64729305,-0.78740160,0.00000000
3.64770104,-1.57480300,-0.07874016
3.64810904,-1.57480300,0.00000000
3.64851704,-1.96850400,0.00000000
3.64892504,-1.96850400,0.00000000
3.64933304,-2.36220500,-0.07874016
3.64974104,-2.36220500,-0.07874016
3.65014904,-2.75590500,-0.07874016
3.65055704,-2.75590500,0.00000000
3.65096504,-3.14960600,0.00000000
3.65137304,-3.14960600,-0.07874016
3.65178104,-2.75590500,0.00000000
3.65218904,-2.75590500,-0.07874016
3.65259704,-2.75590500,-0.07874016
3.65300504,-2.75590500,0.00000000
3.65341304,-2.36220500,0.00000000
3.65382104,-1.96850400,0.00000000
3.65422904,-1.96850400,0.00000000
3.65463704,-1.96850400,0.00000000
3.65504504,-1.96850400,0.00000000
3.65545304,-1.18110200,0.00000000
3.65586104,-1.18110200,0.00000000
3.65626904,-0.78740160,0.00000000
3.65667704,-0.78740160,-0.07874016
3.65708504,0.00000000,0.00000000
3.65749304,0.00000000,0.00000000
3.65790104,0.39370080,0.00000000
3.65830904,0.78740160,0.00000000
3.65871704,1.18110200,-0.07874016
3.65912504,1.57480300,0.00000000
3.65953304,1.57480300,0.00000000
3.65994104,1.96850400,0.00000000
3.66034904,2.36220500,0.00000000
3.66075704,2.36220500,-0.07874016
3.66116504,2.36220500,0.00000000
3.66157304,3.14960600,0.00000000
3.66198104,3.14960600,0.00000000
3.66238904,3.14960600,0.00000000
3.66279704,3.54330700,0.00000000
3.66320504,3.54330700,-0.07874016
3.66361304,3.54330700,-0.07874016
3.66402104,3.54330700,0.00000000
3.66442904,3.54330700,-0.07874016
3.66483704,3.54330700,-0.07874016
3.66524504,3.54330700,0.00000000
3.66565304,3.14960600,0.00000000
3.66606104,3.14960600,0.00000000
3.66646904,3.14960600,-0.07874016
3.66687704,2.75590500,0.00000000
3.66728504,2.75590500,0.00000000
3.66769304,2.36220500,0.00000000
3.66810104,2.36220500,-0.07874016
3.66850904,1.57480300,0.00000000
3.66891704,1.57480300,-0.07874016
3.66932504,1.18110200,-0.07874016
3.66973304,0.78740160,0.00000000
3.67014104,0.39370080,0.00000000
3.67054904,0.39370080,-0.07874016
3.67095704,0.00000000,0.00000000
3.67136504,0.00000000,0.00000000
3.67177304,-0.39370080,0.00000000
3.67218104,-1.18110200,0.00000000
3.67258904,-0.78740160,-0.07874016
3.67299704,-1.57480300,0.00000000
3.67340504,-1.96850400,0.00000000
3.67381304,-1.96850400,0.00000000
3.67422104,-1.96850400,0.00000000
3.67462904,-1.96850400,0.00000000
3.67503704,-2.36220500,-0.07874016
3.67544504,-2.36220500,0.00000000
3.67585304,-2.36220500,0.00000000
3.67626104,-2.36220500,0.00000000
3.67666904,-2.75590500,0.00000000
3.67707704,-2.36220500,0.00000000
3.67748504,-2.36220500,0.00000000
3.67789304,-2.36220500,0.00000000
3.67830104,-1.96850400,-0.07874016
3.67870904,-2.36220500,0.00000000
3.67911704,-1.96850400,0.00000000
3.67952504,-1.96850400,0.00000000
3.67993304,-1.57480300,0.00000000
3.68034104,-1.57480300,0.00000000
3.68074904,-0.78740160,0.00000000
3.68115704,-1.18110200,0.00000000
3.68156504,-0.78740160,-0.07874016
3.68197304,-0.78740160,-0.07874016
3.68238104,0.00000000,0.00000000
3.68278904,0.00000000,0.00000000
3.68319704,0.78740160,0.00000000
3.68360504,0.78740160,-0.07874016
3.68401304,0.78740160,0.00000000
3.68442104,1.57480300,-0.07874016
3.68482904,1.57480300,0.00000000
3.68523704,1.96850400,0.00000000
3.68564504,1.96850400,0.00000000
3.68605304,2.36220500,-0.07874016
3.68646104,2.36220500,0.00000000
3.68686904,2.75590500,0.00000000
3.68727704,2.75590500,0.00000000
3.68768504,3.14960600,0.00000000
3.68809304,3.14960600,0.00000000
3.68850104,3.14960600,0.00000000
3.68890904,3.14960600,0.00000000
3.68931704,3.14960600,-0.07874016
3.68972504,3.14960600,-0.07874016
3.69013304,3.14960600,0.00000000
3.69054104,3.14960600,0.00000000
3.69094904,3.14960600,-0.07874016
3.69135704,3.14960600,0.00000000
3.69176504,2.36220500,0.00000000
3.69217304,2.75590500,0.00000000
3.69258104,2.36220500,0.00000000
3.69298904,1.96850400,-0.07874016
3.69339704,1.96850400,0.00000000
3.69380504,1.57480300,0.00000000
3.69421304,1.57480300,-0.07874016
3.69462104,0.78740160,0.00000000
3.69502904,0.39370080,0.00000000
3.69543704,0.78740160,0.00000000
3.69584504,0.00000000,0.00000000
3.69625304,0.00000000,-0.07874016
3.69666104,0.00000000,0.00000000
3.69706904,-0.78740160,0.00000000
3.69747704,-0.78740160,0.00000000
3.69788504,-1.57480300,-0.07874016
3.69829304,-1.57480300,0.00000000
3.69870104,-1.96850400,0.00000000
3.69910904,-1.96850400,0.00000000
3.69951704,-1.96850400,0.00000000
3.69992504,-1.96850400,0.00000000
3.70033304,-2.36220500,0.00000000
3.70074104,-2.75590500,0.00000000
3.70114904,-2.36220500,0.00000000
3.70155704,-2.36220500,-0.07874016
3.70196504,-2.36220500,0.00000000
3.70237304,-2.36220500,-0.07874016
3.70278104,-2.75590500,0.00000000
3.70318904,-1.96850400,0.00000000
3.70359704,-2.36220500,0.00000000
3.70400504,-1.96850400,0.00000000
3.70441304,-1.96850400,0.00000000
3.70482104,-1.96850400,0.00000000
3.70522904,-1.57480300,0.00000000
3.70563704,-1.18110200,0.00000000
3.70604504,-1.18110200,0.00000000
3.70645304,-0.78740160,0.00000000
3.70686104,-0.39370080,0.00000000
3.70726904,0.00000000,-0.07874016
3.70767704,0.39370080,0.00000000
3.70808504,0.78740160,0.00000000
3.70849304,0.78740160,-0.07874016
3.70890104,1.18110200,0.00000000
3.70930904,1.57480300,0.00000000
3.70971704,1.57480300,0.00000000
3.71012504,1.57480300,0.00000000
3.71053304,1.96850400,0.00000000
3.71094104,2.36220500,-0.07874016
3.71134904,2.75590500,-0.07874016
3.71175704,2.75590500,0.00000000
3.71216504,2.75590500,-0.07874016
3.71257304,3.14960600,0.00000000
3.71298104,3.14960600,-0.07874016
3.71338904,3.14960600,0.00000000
3.71379704,3.14960600,0.00000000
3.71420504,2.75590500,0.00000000
3.71461304,3.54330700,-0.07874016
3.71502104,2.75590500,0.00000000
3.71542904,2.75590500,0.00000000
3.71583704,2.75590500,0.00000000
3.71624504,3.14960600,0.00000000
3.71665304,2.36220500,0.00000000
3.71706104,2.75590500,-0.07874016
3.71746904,2.36220500,0.00000000
3.71787704,2.36220500,-0.07874016
3.71828504,1.57480300,0.00000000
3.71869304,1.57480300,0.00000000
3.71910104,1.18110200,0.00000000
3.71950904,0.78740160,0.00000000
3.71991704,0.78740160,0.00000000
3.72032504,0.39370080,0.00000000
3.72073304,0.00000000,0.00000000
3.72114104,0.00000000,0.00000000
3.72154904,-0.39370080,0.00000000
3.72195704,-0.39370080,0.00000000
3.72236504,-0.78740160,0.00000000
3.72277304,-1.18110200,-0.07874016
3.72318104,-1.18110200,0.00000000
3.72358904,-1.96850400,-0.07874016
3.72399704,-1.96850400,0.00000000
3.72440504,-1.96850400,0.00000000
3.72481304,-1.96850400,0.00000000
3.72522104,-1.96850400,-0.07874016
3.72562904,-1.96850400,0.00000000
3.72603704,-2.36220500,-0.07874016
3.72644504,-2.36220500,0.00000000
3.72685304,-2.36220500,-0.07874016
3.72726104,-2.36220500,0.00000000
3.72766904,-1.96850400,-0.07874016
3.72807704,-1.96850400,0.00000000
3.72848504,-1.96850400,0.00000000
3.72889304,-1.96850400,0.00000000
3.72930104,-1.96850400,-0.07874016
3.72970904,-1.18110200,0.00000000
3.73011704,-1.57480300,0.00000000
3.73052504,-1.18110200,0.00000000
3.73093304,-1.18110200,0.00000000
3.73134104,-0.78740160,-0.07874016
3.73174904,0.00000000,-0.07874016
3.73215704,0.00000000,0.00000000
3.73256504,0.00000000,-0.07874016
3.73297304,0.39370080,0.00000000
3.73338104,0.78740160,0.00000000
3.73378904,0.78740160,0.00000000
3.73419704,1.18110200,0.00000000
3.73460504,1.18110200,0.00000000
3.73501304,1.57480300,-0.07874016
3.73542104,1.96850400,0.00000000
3.73582904,1.96850400,0.00000000
3.73623704,2.36220500,0.00000000
3.73664504,2.75590500,0.00000000
3.73705304,2.36220500,0.00000000
3.73746104,2.75590500,0.00000000
3.73786904,2.75590500,0.00000000
3.73827704,3.14960600,-0.07874016
3.73868504,3.14960600,0.00000000
3.73909304,2.75590500,0.00000000
3.73950104,3.14960600,0.00000000
3.73990904,2.75590500,0.00000000
3.74031704,2.75590500,0.00000000
3.74072504,2.36220500,-0.07874016
3.74113304,2.75590500,0.00000000
3.74154104,2.36220500,0.00000000
3.74194904,2.36220500,0.00000000
3.74235704,2.36220500,-0.07874016
3.74276504,1.96850400,0.00000000
3.74317304,1.57480300,-0.07874016
3.74358104,1.57480300,0.00000000
3.74398904,1.57480300,0.00000000
3.74439704,0.78740160,-0.07874016
3.74480504,0.78740160,0.00000000
3.74521304,0.39370080,-0.07874016
3.74562104,0.39370080,0.00000000
3.74602904,0.00000000,-0.07874016
3.74643704,0.00000000,-0.07874016
3.74684504,-0.78740160,0.00000000
3.74725304,-0.78740160,0.00000000
3.74766104,-0.78740160,0.00000000
3.74806904,-1.18110200,-0.07874016
3.74847704,-1.18110200,0.00000000
3.74888504,-1.57480300,-0.07874016
3.74929304,-1.57480300,-0.07874016
3.74970104,-1.96850400,-0.07874016
3.75010904,-2.36220500,0.00000000
3.75051704,-2.36220500,-0.07874016
3.75092504,-1.96850400,0.00000000
3.75133304,-1.96850400,0.00000000
3.75174104,-2.36220500,-0.07874016
3.75214904,-1.96850400,0.00000000
3.75255704,-1.96850400,0.00000000
3.75296504,-2.36220500,0.00000000
3.75337304,-1.57480300,0.00000000
3.75378104,-1.57480300,0.00000000
3.75418904,-1.18110200,0.00000000
3.75459704,-1.57480300,-0.07874016
3.75500504,-1.18110200,0.00000000
3.75541304,-1.18110200,0.00000000
3.75582104,-0.78740160,0.00000000
3.75622904,-0.39370080,0.00000000
3.75663704,-0.39370080,0.00000000
3.75704504,0.00000000,0.00000000
3.75745304,0.00000000,0.00000000
3.75786104,0.39370080,-0.07874016
3.75826904,0.78740160,-0.07874016
3.75867704,0.78740160,0.00000000
3.75908504,1.18110200,0.00000000
3.75949304,1.18110200,0.00000000
3.75990104,1.57480300,0.00000000
3.76030904,1.57480300,0.00000000
3.76071704,1.57480300,0.00000000
3.76112504,1.96850400,0.00000000
3.76153304,2.36220500,0.00000000
3.76194104,2.75590500,-0.07874016
3.76234904,2.75590500,-0.07874016
3.76275704,2.75590500,-0.07874016
3.76316504,2.75590500,0.00000000
3.76357304,2.75590500,0.00000000
3.76398104,2.75590500,0.00000000
3.76438904,2.36220500,0.00000000
3.76479704,3.14960600,0.00000000
3.76520504,2.75590500,0.00000000
3.76561304,2.36220500,0.00000000
3.76602104,2.36220500,-0.07874016
3.76642904,1.96850400,-0.07874016
3.76683704,2.36220500,-0.07874016
3.76724504,1.96850400,0.00000000
3.76765304,1.96850400,-0.07874016
3.76806104,1.57480300,0.00000000
3.76846904,1.57480300,0.00000000
3.76887704,1.18110200,0.00000000
3.76928504,1.18110200,0.00000000
3.76969304,0.78740160,0.00000000
3.77010104,0.78740160,0.00000000
3.77050904,0.39370080,0.00000000
3.77091704,0.00000000,0.00000000
3.77132504,0.00000000,0.00000000
3.77173304,-0.39370080,0.00000000
3.77214104,-0.39370080,0.00000000
3.77254904,-0.39370080,-0.07874016
3.77295704,-1.18110200,0.00000000
3.77336504,-1.18110200,0.00000000
3.77377304,-1.18110200,0.00000000
3.77418104,-1.57480300,0.00000000
3.77458904,-1.57480300,0.00000000
3.77499704,-1.57480300,0.00000000
3.77540504,-1.96850400,0.00000000
3.77581304,-1.57480300,-0.07874016
3.77622104,-1.96850400,-0.07874016
3.77662904,-1.96850400,-0.07874016
3.77703704,-1.96850400,0.00000000
3.77744504,-1.96850400,0.00000000
3.77785304,-1.96850400,0.00000000
3.77826104,-1.96850400,-0.07874016
3.77866904,-1.57480300,0.00000000
3.77907704,-1.57480300,-0.07874016
3.77948504,-1.18110200,0.00000000
3.77989304,-1.18110200,0.00000000
3.78030104,-0.78740160,0.00000000
3.78070904,-1.18110200,-0.07874016
3.78111704,-0.39370080,0.00000000
3.78152504,-0.39370080,-0.07874016
3.78193304,0.00000000,0.00000000
3.78234104,0.00000000,0.00000000
3.78274904,0.00000000,0.00000000
3.78315704,0.78740160,0.00000000
3.78356504,0.78740160,0.00000000
3.78397304,0.78740160,-0.07874016
3.78438104,1.18110200,-0.07874016
3.78478904,1.57480300,0.00000000
3.78519704,1.57480300,-0.07874016
3.78560504,1.57480300,0.00000000
3.78601304,1.96850400,-0.07874016
3.78642104,1.96850400,-0.07874016
3.78682904,1.96850400,0.00000000
3.78723704,2.36220500,-0.07874016
3.78764504,2.36220500,0.00000000
3.78805304,2.36220500,0.00000000
3.78846104,2.36220500,0.00000000
3.78886904,2.36220500,-0.07874016
3.78927704,1.96850400,0.00000000
3.78968504,2.36220500,-0.07874016
3.79009304,1.96850400,0.00000000
3.79050104,1.96850400,0.00000000
3.79090904,2.36220500,0.00000000
3.79131704,1.96850400,0.00000000
3.79172504,1.96850400,-0.07874016
3.79213304,1.96850400,-0.07874016
3.79254104,1.57480300,0.00000000
3.79294904,1.57480300,-0.07874016
3.79335704,1.57480300,0.00000000
3.79376504,1.18110200,-0.07874016
3.79417304,0.78740160,0.00000000
3.79458104,0.78740160,-0.07874016
3.79498904,0.39370080,0.00000000
3.79539704,0.39370080,0.00000000
3.79580504,0.00000000,0.00000000
3.79621304,0.00000000,0.00000000
3.79662104,0.00000000,0.00000000
3.79702904,-0.39370080,0.00000000
3.79743704,-0.78740160,0.00000000
3.79784504,-0.78740160,-0.07874016
3.79825304,-1.18110200,0.00000000
3.79866104,-1.18110200,0.00000000
3.79906904,-1.18110200,-0.07874016
3.79947704,-1.57480300,0.00000000
3.79988504,-1.57480300,0.00000000
3.80029304,-1.57480300,0.00000000
3.80070104,-1.57480300,0.00000000
3.80110904,-1.57480300,-0.07874016
3.80151704,-1.57480300,0.00000000
3.80192504,-1.57480300,-0.07874016
3.80233304,-1.57480300,0.00000000
3.80274104,-1.96850400,-0.07874016
3.80314904,-1.57480300,0.00000000
3.80355704,-1.57480300,0.00000000
3.80396504,-1.18110200,0.00000000
3.80437304,-1.18110200,-0.07874016
3.80478104,-1.18110200,0.00000000
3.80518904,-0.78740160,0.00000000
3.80559704,-0.78740160,0.00000000
3.80600504,-0.39370080,0.00000000
3.80641304,-0.39370080,0.00000000
3.80682104,-0.39370080,-0.07874016
3.80722904,0.00000000,0.00000000
3.80763704,0.00000000,0.00000000
3.80804504,0.39370080,0.00000000
3.80845304,0.78740160,0.00000000
3.80886104,0.78740160,0.00000000
3.80926904,1.57480300,-0.07874016
3.80967704,1.18110200,0.00000000
3.81008504,1.57480300,-0.07874016
3.81049304,1.57480300,0.00000000
3.81090104,1.96850400,0.00000000
3.81130904,1.57480300,0.00000000
3.81171704,1.96850400,0.00000000
3.81212504,1.96850400,-0.07874016
3.81253304,1.96850400,0.00000000
3.81294104,1.96850400,0.00000000
3.81334904,2.36220500,0.00000000
3.81375704,2.36220500,0.00000000
3.81416504,2.36220500,0.00000000
3.81457304,1.96850400,0.00000000
3.81498104,2.36220500,0.00000000
3.81538904,1.96850400,0.00000000
3.81579704,2.36220500,-0.07874016
3.81620504,1.96850400,0.00000000
3.81661304,1.96850400,0.00000000
3.81702104,1.57480300,-0.07874016
3.81742904,1.57480300,-0.07874016
3.81783704,1.57480300,0.00000000
3.81824504,1.18110200,-0.07874016
3.81865304,1.57480300,0.00000000
3.81906104,1.18110200,0.00000000
3.81946904,0.78740160,0.00000000
3.81987704,0.78740160,-0.07874016
3.82028504,0.39370080,-0.07874016
3.82069304,0.39370080,-0.07874016
3.82110104,0.00000000,0.00000000
3.82150904,-0.39370080,0.00000000
3.82191704,-0.39370080,-0.07874016
3.82232504,-0.78740160,0.00000000
3.82273304,-0.78740160,0.00000000
3.82314104,-1.18110200,0.00000000
3.82354904,-1.18110200,0.00000000
3.82395704,-1.18110200,0.00000000
3.82436503,-1.18110200,0.00000000
3.82477303,-1.57480300,-0.07874016
3.82518103,-1.57480300,0.00000000
3.82558903,-1.57480300,-0.07874016
3.82599703,-1.57480300,0.00000000
3.82640503,-1.57480300,-0.07874016
3.82681303,-1.96850400,0.00000000
3.82722103,-1.57480300,-0.07874016
3.82762903,-1.57480300,0.00000000
3.82803703,-1.18110200,-0.07874016
3.82844503,-1.18110200,0.00000000
3.82885303,-1.18110200,-0.07874016
3.82926103,-1.18110200,0.00000000
3.82966903,-1.18110200,-0.07874016
3.83007703,-0.78740160,0.00000000
3.83048503,-0.39370080,0.00000000
3.83089303,-0.39370080,0.00000000
3.83130103,-0.39370080,0.00000000
3.83170903,0.00000000,0.00000000
3.83211703,0.00000000,0.00000000
3.83252503,0.00000000,0.00000000
3.83293303,0.78740160,0.00000000
3.83334103,0.78740160,0.00000000
3.83374903,0.78740160,0.00000000
3.83415703,1.18110200,0.00000000
3.83456503,1.18110200,-0.07874016
3.83497303,1.18110200,-0.07874016
3.83538103,1.57480300,0.00000000
3.83578903,1.57480300,0.00000000
3.83619703,1.57480300,0.00000000
3.83660503,1.57480300,0.00000000
3.83701303,1.96850400,-0.07874016
3.83742103,1.57480300,0.00000000
3.83782903,1.96850400,0.00000000
3.83823703,1.96850400,0.00000000
3.83864503,1.57480300,0.00000000
3.83905303,1.96850400,0.00000000
3.83946103,2.36220500,-0.07874016
3.83986903,1.96850400,0.00000000
3.84027703,1.96850400,0.00000000
3.84068503,2.36220500,0.00000000
3.84109303,1.96850400,-0.07874016
3.84150103,1.57480300,0.00000000
3.84190903,1.57480300,-0.07874016
3.84231703,1.57480300,0.00000000
3.84272503,1.18110200,0.00000000
3.84313303,1.18110200,-0.07874016
3.84354103,1.18110200,0.00000000
3.84394903,0.78740160,-0.07874016
3.84435703,0.78740160,0.00000000
3.84476503,0.78740160,0.00000000
3.84517303,0.39370080,-0.07874016
3.84558103,0.39370080,0.00000000
3.84598903,0.39370080,0.00000000
3.84639703,0.00000000,0.00000000
3.84680503,-0.39370080,-0.07874016
3.84721303,-0.78740160,0.00000000
3.84762103,-0.78740160,0.00000000
3.84802903,-0.78740160,-0.07874016
3.84843703,-0.39370080,0.00000000
3.84884503,-1.18110200,-0.07874016
3.84925303,-0.78740160,-0.07874016
3.84966103,-1.18110200,-0.07874016
3.85006903,-1.18110200,0.00000000
3.85047703,-1.57480300,0.00000000
3.85088503,-1.18110200,0.00000000
3.85129303,-1.18110200,0.00000000
3.85170103,-1.18110200,0.00000000
3.85210903,-1.57480300,-0.07874016
3.85251703,-1.18110200,0.00000000
3.85292503,-1.18110200,0.00000000
3.85333303,-1.18110200,-0.07874016
3.85374103,-1.18110200,0.00000000
3.85414903,-1.18110200,-0.07874016
3.85455703,-0.78740160,-0.07874016
3.85496503,-0.39370080,0.00000000
3.85537303,-0.78740160,0.00000000
3.85578103,-0.39370080,-0.07874016
3.85618903,0.00000000,-0.07874016
3.85659703,-0.39370080,-0.07874016
3.85700503,0.00000000,0.00000000
3.85741303,0.39370080,0.00000000
3.85782103,0.39370080,0.00000000
3.85822903,0.78740160,-0.07874016
3.85863703,0.78740160,0.00000000
3.85904503,0.78740160,-0.07874016
3.85945303,0.78740160,0.00000000
3.85986103,1.57480300,0.00000000
3.86026903,1.18110200,0.00000000
3.86067703,1.57480300,-0.07874016
3.86108503,1.57480300,0.00000000
3.86149303,1.57480300,0.00000000
3.86190103,1.57480300,0.00000000
3.86230903,1.96850400,0.00000000
3.86271703,1.96850400,0.00000000
3.86312503,1.96850400,0.00000000
3.86353303,1.96850400,0.00000000
3.86394103,2.36220500,0.00000000
3.86434903,1.96850400,0.00000000
3.86475703,1.96850400,0.00000000
3.86516503,1.96850400,0.00000000
3.86557303,1.96850400,0.00000000
3.86598103,1.96850400,0.00000000
3.86638903,1.57480300,0.00000000
3.86679703,1.57480300,0.00000000
3.86720503,1.18110200,0.00000000
3.86761303,1.18110200,0.00000000
3.86802103,1.57480300,0.00000000
3.86842903,1.18110200,0.00000000
3.86883703,0.78740160,0.00000000
3.86924503,0.78740160,-0.07874016
3.86965303,0.78740160,0.00000000
3.87006103,0.00000000,0.00000000
3.87046903,0.39370080,-0.07874016
3.87087703,0.00000000,0.00000000
3.87128503,0.00000000,-0.07874016
3.87169303,-0.39370080,0.00000000
3.87210103,0.00000000,0.00000000
3.87250903,-0.39370080,0.00000000
3.87291703,-0.78740160,0.00000000
3.87332503,-0.78740160,0.00000000
3.87373303,-0.78740160,0.00000000
3.87414103,-0.78740160,-0.07874016
3.87454903,-0.78740160,0.00000000
3.87495703,-1.18110200,0.00000000
3.87536503,-0.78740160,0.00000000
3.87577303,-0.78740160,0.00000000
3.87618103,-1.18110200,0.00000000
3.87658903,-1.18110200,0.00000000
3.87699703,-0.78740160,-0.07874016
3.87740503,-1.18110200,0.00000000
3.87781303,-0.78740160,-0.07874016
3.87822103,-0.78740160,0.00000000
3.87862903,-0.78740160,-0.07874016
3.87903703,-0.39370080,0.00000000
3.87944503,-0.78740160,-0.07874016
3.87985303,-0.39370080,0.00000000
3.88026103,-0.39370080,0.00000000
3.88066903,-0.39370080,0.00000000
3.88107703,0.00000000,0.00000000
3.88148503,0.00000000,-0.07874016
3.88189303,0.00000000,-0.07874016
3.88230103,0.39370080,0.00000000
3.88270903,0.39370080,0.00000000
3.88311703,0.39370080,0.00000000
3.88352503,0.78740160,0.00000000
3.88393303,1.18110200,0.00000000
3.88434103,0.78740160,-0.07874016
3.88474903,1.18110200,0.00000000
3.88515703,1.18110200,0.00000000
3.88556503,1.18110200,0.00000000
3.88597303,1.96850400,0.00000000
3.88638103,1.57480300,0.00000000
3.88678903,1.57480300,0.00000000
3.88719703,1.57480300,-0.07874016
3.88760503,1.57480300,0.00000000
3.88801303,1.96850400,-0.07874016
3.88842103,1.96850400,0.00000000
3.88882903,1.96850400,-0.07874016
3.88923703,1.57480300,-0.07874016
3.88964503,1.18110200,0.00000000
3.89005303,1.57480300,0.00000000
3.89046103,1.57480300,-0.07874016
3.89086903,1.57480300,0.00000000
3.89127703,1.57480300,0.00000000
3.89168503,1.18110200,0.00000000
3.89209303,1.18110200,-0.07874016
3.89250103,1.18110200,0.00000000
3.89290903,0.78740160,0.00000000
3.89331703,1.18110200,0.00000000
3.89372503,1.18110200,0.00000000
3.89413303,0.78740160,0.00000000
3.89454103,0.39370080,0.00000000
3.89494903,0.39370080,0.00000000
3.89535703,0.00000000,0.00000000
3.89576503,0.00000000,0.00000000
3.89617303,0.00000000,0.00000000
3.89658103,0.00000000,0.00000000
3.89698903,0.00000000,-0.07874016
3.89739703,-0.39370080,0.00000000
3.89780503,-0.39370080,0.00000000
3.89821303,-0.39370080,0.00000000
3.89862103,-0.78740160,0.00000000
3.89902903,-0.39370080,0.00000000
3.89943703,-0.78740160,0.00000000
3.89984503,-0.78740160,0.00000000
3.90025303,-1.18110200,0.00000000
3.90066103,-0.78740160,0.00000000
3.90106903,-0.78740160,0.00000000
3.90147703,-1.18110200,0.00000000
3.90188503,-0.78740160,0.00000000
3.90229303,-0.78740160,0.00000000
3.90270103,-0.78740160,0.00000000
3.90310903,-0.78740160,-0.07874016
3.90351703,-0.78740160,0.00000000
3.90392503,-0.78740160,0.00000000
3.90433303,-0.78740160,0.00000000
3.90474103,-0.39370080,0.00000000
3.90514903,-0.39370080,0.00000000
3.90555703,0.00000000,-0.07874016
3.90596503,0.00000000,0.00000000
3.90637303,0.00000000,-0.07874016
3.90678103,0.00000000,0.00000000
3.90718903,0.39370080,-0.07874016
3.90759703,0.39370080,-0.07874016
3.90800503,0.39370080,0.00000000
3.90841303,0.39370080,0.00000000
3.90882103,0.78740160,-0.07874016
3.90922903,0.78740160,0.00000000
3.90963703,1.18110200,0.00000000
3.91004503,1.18110200,-0.07874016
3.91045303,1.18110200,0.00000000
3.91086103,1.18110200,0.00000000
3.91126903,1.57480300,0.00000000
3.91167703,1.57480300,0.00000000
3.91208503,1.18110200,0.00000000
3.91249303,1.57480300,0.00000000
3.91290103,1.57480300,0.00000000
3.91330903,1.57480300,0.00000000
3.91371703,1.57480300,0.00000000
3.91412503,1.57480300,0.00000000
3.91453303,1.57480300,-0.07874016
3.91494103,1.57480300,0.00000000
3.91534903,1.57480300,-0.07874016
3.91575703,1.57480300,0.00000000
3.91616503,1.57480300,0.00000000
3.91657303,1.57480300,0.00000000
3.91698103,1.18110200,-0.07874016
3.91738903,1.18110200,0.00000000
3.91779703,1.18110200,0.00000000
3.91820503,0.78740160,0.00000000
3.91861303,0.78740160,0.00000000
3.91902103,0.78740160,-0.07874016
3.91942903,0.39370080,0.00000000
3.91983703,0.39370080,0.00000000
3.92024503,0.39370080,0.00000000
3.92065303,0.39370080,0.00000000
3.92106103,0.00000000,0.00000000
3.92146903,0.00000000,0.00000000
3.92187703,0.00000000,-0.07874016
3.92228503,0.00000000,0.00000000
3.92269303,-0.39370080,-0.07874016
3.92310103,-0.39370080,0.00000000
3.92350903,-0.39370080,0.00000000
3.92391703,-0.78740160,0.00000000
3.92432503,-0.39370080,-0.07874016
3.92473303,-0.39370080,0.00000000
3.92514103,-0.78740160,0.00000000
3.92554903,-0.78740160,0.00000000
3.92595703,-0.78740160,0.00000000
3.92636503,-0.78740160,0.00000000
3.92677303,-0.78740160,0.00000000
3.92718103,-0.78740160,0.00000000
3.92758903,-0.78740160,-0.07874016
3.92799703,-1.18110200,0.00000000
3.92840503,-0.39370080,0.00000000
3.92881303,-0.39370080,0.00000000
3.92922103,-0.78740160,0.00000000
3.92962903,0.00000000,0.00000000
3.93003703,0.00000000,-0.07874016
3.93044503,-0.39370080,0.00000000
3.93085303,0.00000000,0.00000000
3.93126103,0.00000000,0.00000000
3.93166903,0.00000000,-0.07874016
3.93207703,0.39370080,0.00000000
3.93248503,0.00000000,0.00000000
3.93289303,0.00000000,0.00000000
3.93330103,0.78740160,0.00000000
3.93370903,0.78740160,0.00000000
3.93411703,0.78740160,-0.07874016
3.93452503,0.78740160,0.00000000
3.93493303,0.78740160,0.00000000
3.93534103,0.78740160,0.00000000
3.93574903,1.18110200,0.00000000
3.93615703,1.18110200,0.00000000
3.93656503,1.57480300,0.00000000
3.93697303,0.78740160,0.00000000
3.93738103,1.18110200,0.00000000
3.93778903,1.57480300,-0.07874016
3.93819703,1.57480300,0.00000000
3.93860503,1.57480300,0.00000000
3.93901303,1.57480300,-0.07874016
3.93942103,1.57480300,0.00000000
3.93982903,1.57480300,0.00000000
3.94023703,1.57480300,0.00000000
3.94064503,1.57480300,0.00000000
3.94105303,1.57480300,0.00000000
3.94146103,1.18110200,-0.07874016
3.94186903,1.18110200,0.00000000
3.94227703,1.18110200,0.00000000
3.94268503,1.18110200,0.00000000
3.94309303,0.78740160,0.00000000
3.94350103,0.78740160,0.00000000
3.94390903,0.78740160,0.00000000
3.94431703,0.39370080,-0.07874016
3.94472503,0.78740160,0.00000000
3.94513303,0.00000000,-0.07874016
3.94554103,0.78740160,0.00000000
3.94594903,0.00000000,0.00000000
3.94635703,0.00000000,0.00000000
3.94676503,0.00000000,0.00000000
3.94717303,-0.39370080,0.00000000
3.94758103,0.00000000,0.00000000
3.94798903,-0.39370080,0.00000000
3.94839703,-0.39370080,-0.07874016
3.94880503,-0.39370080,-0.07874016
3.94921303,0.00000000,0.00000000
3.94962103,-0.39370080,-0.07874016
3.95002903,-0.39370080,-0.07874016
3.95043703,-0.78740160,-0.07874016
3.95084503,-0.39370080,0.00000000
3.95125303,-0.39370080,0.00000000
3.95166103,-0.78740160,0.00000000
3.95206903,-0.78740160,0.00000000
3.95247703,-0.78740160,0.00000000
3.95288503,-0.78740160,0.00000000
3.95329303,-0.39370080,0.00000000
3.95370103,-0.39370080,-0.07874016
3.95410903,-0.78740160,-0.07874016
3.95451703,-0.39370080,0.00000000
3.95492503,0.00000000,0.00000000
3.95533303,-0.39370080,0.00000000
3.95574103,0.00000000,-0.07874016
3.95614903,0.00000000,0.00000000
3.95655703,0.00000000,0.00000000
3.95696503,0.00000000,-0.07874016
3.95737303,0.00000000,-0.07874016
3.95778103,0.39370080,0.00000000
3.95818903,0.39370080,0.00000000
3.95859703,0.78740160,0.00000000
3.95900503,0.78740160,0.00000000
3.95941303,0.78740160,-0.07874016
3.95982103,0.39370080,0.00000000
3.96022903,0.78740160,-0.07874016
3.96063703,1.18110200,0.00000000
3.96104503,0.78740160,0.00000000
3.96145303,1.57480300,0.00000000
3.96186103,0.78740160,0.00000000
3.96226903,1.57480300,-0.07874016
3.96267703,1.18110200,0.00000000
3.96308503,1.18110200,0.00000000
3.96349303,1.18110200,-0.07874016
3.96390103,1.57480300,0.00000000
3.96430903,1.18110200,-0.07874016
3.96471703,1.57480300,0.00000000
3.96512503,1.57480300,-0.07874016
3.96553303,1.18110200,-0.07874016
3.96594103,1.18110200,-0.07874016
3.96634903,1.18110200,0.00000000
3.96675703,1.18110200,-0.07874016
3.96716503,1.18110200,0.00000000
3.96757303,0.78740160,0.00000000
3.96798103,1.18110200,-0.07874016
3.96838903,0.78740160,-0.07874016
3.96879703,0.78740160,0.00000000
3.96920503,0.78740160,0.00000000
3.96961303,0.39370080,0.00000000
3.97002103,0.78740160,-0.07874016
3.97042903,0.39370080,0.00000000
3.97083703,0.00000000,-0.07874016
3.97124503,0.39370080,0.00000000
3.97165303,0.39370080,0.00000000
3.97206103,0.00000000,-0.07874016
3.97246903,0.00000000,0.00000000
3.97287703,-0.39370080,-0.07874016
3.97328503,-0.39370080,-0.07874016
3.97369303,-0.39370080,0.00000000
3.97410103,-0.39370080,0.00000000
3.97450903,-0.39370080,-0.07874016
3.97491703,0.00000000,-0.07874016
3.97532503,-0.39370080,0.00000000
3.97573303,-0.39370080,0.00000000
3.97614103,-0.39370080,0.00000000
3.97654903,-0.39370080,0.00000000
3.97695703,-0.39370080,0.00000000
3.97736503,-0.39370080,-0.07874016
3.97777303,-0.39370080,0.00000000
3.97818103,0.00000000,0.00000000
3.97858903,-0.78740160,0.00000000
3.97899703,-0.39370080,0.00000000
3.97940503,-0.78740160,0.00000000
3.97981303,0.00000000,-0.07874016
3.98022103,-0.39370080,0.00000000
3.98062903,0.00000000,-0.07874016
3.98103703,0.00000000,-0.07874016
3.98144503,0.39370080,-0.07874016
3.98185303,0.00000000,-0.07874016
3.98226103,0.00000000,0.00000000
3.98266903,0.39370080,0.00000000
3.98307703,0.00000000,0.00000000
3.98348503,0.39370080,0.00000000
3.98389303,0.78740160,0.00000000
3.98430103,0.39370080,0.00000000
3.98470903,0.78740160,0.00000000
3.98511703,0.78740160,-0.07874016
3.98552503,0.78740160,0.00000000
3.98593303,1.18110200,0.00000000
3.98634103,0.78740160,0.00000000
3.98674903,1.18110200,-0.07874016
3.98715703,1.18110200,0.00000000
3.98756503,1.18110200,0.00000000
3.98797303,1.18110200,0.00000000
3.98838103,1.18110200,0.00000000
3.98878903,0.78740160,0.00000000
3.98919703,1.18110200,0.00000000
3.98960503,1.18110200,-0.07874016
3.99001303,1.18110200,0.00000000
3.99042103,1.18110200,-0.07874016
3.99082903,1.18110200,0.00000000
3.99123703,1.18110200,0.00000000
3.99164503,1.18110200,0.00000000
3.99205303,0.78740160,0.00000000
3.99246103,0.78740160,0.00000000
3.99286903,0.78740160,-0.07874016
3.99327703,0.78740160,0.00000000
3.99368503,0.78740160,0.00000000
3.99409303,0.78740160,-0.07874016
3.99450103,0.39370080,0.00000000
3.99490903,0.78740160,-0.07874016
3.99531703,0.78740160,-0.07874016
3.99572503,0.39370080,0.00000000
3.99613303,0.00000000,0.00000000
3.99654103,0.00000000,-0.07874016
3.99694903,0.00000000,-0.07874016
3.99735703,0.00000000,0.00000000
3.99776503,0.00000000,0.00000000
3.99817303,0.00000000,0.00000000
3.99858103,0.00000000,0.00000000
3.99898903,-0.39370080,-0.07874016
3.99939703,0.00000000,0.00000000
3.99980503,-0.39370080,-0.07874016
4.00021303,0.00000000,0.00000000
4.00062103,-0.39370080,0.00000000
4.00102902,0.00000000,0.00000000
4.00143702,-0.39370080,0.00000000
4.00184502,0.00000000,0.00000000
4.00225302,-0.39370080,0.00000000
4.00266102,-0.39370080,0.00000000
4.00306902,0.00000000,0.00000000
4.00347702,0.00000000,0.00000000
4.00388502,0.00000000,0.00000000
4.00429302,0.00000000,0.00000000
4.00470102,0.00000000,-0.07874016
4.00510902,0.00000000,0.00000000
4.00551702,-0.39370080,0.00000000
4.00592502,0.00000000,0.00000000
4.00633302,0.00000000,0.00000000
4.00674102,0.00000000,0.00000000
4.00714902,0.00000000,0.00000000
4.00755702,0.39370080,-0.07874016
4.00796502,0.00000000,0.00000000
4.00837302,0.00000000,-0.07874016
4.00878102,0.39370080,0.00000000
4.00918902,0.39370080,-0.07874016
4.00959702,0.78740160,0.00000000
4.01000502,0.78740160,0.00000000
4.01041302,0.39370080,0.00000000
4.01082102,0.78740160,-0.07874016
4.01122902,0.78740160,0.00000000
4.01163702,0.78740160,-0.07874016
4.01204502,0.78740160,0.00000000
4.01245302,0.78740160,0.00000000
4.01286102,0.78740160,0.00000000
4.01326902,1.18110200,0.00000000
4.01367702,0.78740160,0.00000000
4.01408502,1.18110200,0.00000000
4.01449302,1.18110200,0.00000000
4.01490102,1.18110200,-0.07874016
4.01530902,1.18110200,0.00000000
4.01571702,1.18110200,-0.07874016
4.01612502,0.78740160,0.00000000
4.01653302,0.78740160,-0.07874016
4.01694102,0.78740160,0.00000000
4.01734902,0.78740160,-0.07874016
4.01775702,0.78740160,0.00000000
4.01816502,0.78740160,-0.07874016
4.01857302,0.78740160,0.00000000
4.01898102,0.78740160,0.00000000
4.01938902,0.39370080,-0.07874016
4.01979702,0.39370080,0.00000000
4.02020502,0.39370080,0.00000000
4.02061302,0.00000000,0.00000000
4.02102102,0.39370080,0.00000000
4.02142902,0.39370080,0.00000000
4.02183702,0.00000000,0.00000000
4.02224502,0.00000000,0.00000000
4.02265302,0.00000000,0.00000000
4.02306102,0.00000000,0.00000000
4.02346902,0.00000000,0.00000000
4.02387702,0.00000000,0.00000000
4.02428502,-0.39370080,0.00000000
4.02469302,0.00000000,0.00000000
4.02510102,-0.39370080,0.00000000
4.02550902,-0.39370080,-0.07874016
4.02591702,0.00000000,0.00000000
4.02632502,0.00000000,0.00000000
4.02673302,0.00000000,0.00000000
4.02714102,-0.39370080,-0.07874016
4.02754902,-0.39370080,0.00000000
4.02795702,0.00000000,0.00000000
4.02836502,-0.39370080,0.00000000
4.02877302,0.00000000,0.00000000
4.02918102,-0.39370080,0.00000000
4.02958902,0.00000000,0.00000000
4.02999702,0.00000000,-0.07874016
4.03040502,0.00000000,-0.07874016
4.03081302,0.00000000,0.00000000
4.03122102,0.00000000,-0.07874016
4.03162902,0.00000000,0.00000000
4.03203702,0.39370080,0.00000000
4.03244502,0.00000000,0.00000000
4.03285302,0.78740160,-0.07874016
4.03326102,0.39370080,0.00000000
4.03366902,0.78740160,0.00000000
4.03407702,0.39370080,0.00000000
4.03448502,0.78740160,-0.07874016
4.03489302,0.78740160,0.00000000
4.03530102,0.78740160,-0.07874016
4.03570902,1.18110200,0.00000000
4.03611702,1.18110200,-0.07874016
4.03652502,0.78740160,0.00000000
4.03693302,1.18110200,0.00000000
4.03734102,0.78740160,0.00000000
4.03774902,1.18110200,-0.07874016
4.03815702,1.18110200,0.00000000
4.03856502,0.78740160,0.00000000
4.03897302,0.78740160,0.00000000
4.03938102,1.18110200,-0.07874016
4.03978902,1.18110200,-0.07874016
4.04019702,0.78740160,0.00000000
4.04060502,0.39370080,-0.07874016
4.04101302,1.18110200,0.00000000
4.04142102,0.78740160,0.00000000
4.04182902,0.78740160,-0.07874016
4.04223702,0.78740160,0.00000000
4.04264502,0.78740160,0.00000000
4.04305302,0.78740160,0.00000000
4.04346102,0.78740160,-0.07874016
4.04386902,0.78740160,-0.07874016
4.04427702,0.39370080,0.00000000
4.04468502,0.39370080,0.00000000
4.04509302,0.39370080,0.00000000
4.04550102,0.39370080,0.00000000
4.04590902,0.00000000,-0.07874016
4.04631702,0.39370080,0.00000000
4.04672502,0.39370080,-0.07874016
4.04713302,0.39370080,0.00000000
4.04754102,0.00000000,0.00000000
4.04794902,0.00000000,0.00000000
4.04835702,0.00000000,0.00000000
4.04876502,0.00000000,0.00000000
4.04917302,0.00000000,-0.07874016
4.04958102,0.00000000,0.00000000
4.04998902,0.00000000,0.00000000
4.05039702,-0.39370080,0.00000000
4.05080502,0.00000000,-0.07874016
4.05121302,-0.39370080,0.00000000
4.05162102,0.00000000,-0.07874016
4.05202902,-0.39370080,-0.07874016
4.05243702,0.00000000,0.00000000
4.05284502,0.00000000,-0.07874016
4.05325302,0.00000000,0.00000000
4.05366102,-0.39370080,-0.07874016
4.05406902,0.00000000,0.00000000
4.05447702,0.00000000,-0.07874016
4.05488502,0.00000000,-0.07874016
4.05529302,0.00000000,-0.07874016
4.05570102,0.00000000,0.00000000
4.05610902,0.00000000,0.00000000
4.05651702,0.39370080,0.00000000
4.05692502,0.00000000,0.00000000
4.05733302,0.39370080,0.00000000
4.05774102,0.00000000,0.00000000
4.05814902,0.39370080,0.00000000
4.05855702,0.39370080,0.00000000
4.05896502,0.78740160,0.00000000
4.05937302,0.00000000,0.00000000
4.05978102,0.78740160,0.00000000
4.06018902,0.78740160,0.00000000
4.06059702,0.39370080,0.00000000
4.06100502,0.78740160,0.00000000
4.06141302,0.39370080,0.00000000
4.06182102,0.78740160,0.00000000
4.06222902,1.18110200,0.00000000
4.06263702,0.39370080,0.00000000
4.06304502,0.78740160,0.00000000
4.06345302,0.78740160,0.00000000
4.06386102,1.18110200,-0.07874016
4.06426902,1.18110200,0.00000000
4.06467702,0.78740160,0.00000000
4.06508502,1.18110200,-0.07874016
4.06549302,1.18110200,0.00000000
4.06590102,0.78740160,0.00000000
4.06630902,0.78740160,-0.07874016
4.06671702,0.78740160,0.00000000
4.06712502,1.18110200,-0.07874016
4.06753302,0.78740160,0.00000000
4.06794102,0.78740160,-0.07874016
4.06834902,0.39370080,-0.07874016
4.06875702,0.78740160,-0.07874016
4.06916502,0.78740160,-0.07874016
4.06957302,0.78740160,-0.07874016
4.06998102,0.39370080,0.00000000
4.07038902,0.39370080,0.00000000
4.07079702,0.00000000,0.00000000
4.07120502,0.39370080,-0.07874016
4.07161302,0.00000000,0.00000000
4.07202102,0.00000000,-0.07874016
4.07242902,0.00000000,0.00000000
4.07283702,0.00000000,0.00000000
4.07324502,0.00000000,0.00000000
4.07365302,0.39370080,-0.07874016
4.07406102,0.00000000,-0.07874016
4.07446902,0.00000000,-0.07874016
4.07487702,0.00000000,0.00000000
4.07528502,0.00000000,-0.07874016
4.07569302,0.00000000,0.00000000
4.07610102,0.39370080,0.00000000
4.07650902,0.00000000,0.00000000
4.07691702,0.00000000,0.00000000
4.07732502,0.00000000,0.00000000
4.07773302,0.00000000,0.00000000
4.07814102,-0.39370080,0.00000000
4.07854902,0.00000000,0.00000000
4.07895702,0.00000000,0.00000000
4.07936502,0.00000000,0.00000000
4.07977302,0.39370080,0.00000000
4.08018102,0.00000000,-0.07874016
4.08058902,0.39370080,0.00000000
4.08099702,0.39370080,0.00000000
4.08140502,0.00000000,0.00000000
4.08181302,0.78740160,-0.07874016
4.08222102,0.00000000,0.00000000
4.08262902,0.00000000,0.00000000
4.08303702,0.39370080,-0.07874016
4.08344502,0.39370080,0.00000000
4.08385302,0.39370080,-0.07874016
4.08426102,0.39370080,-0.07874016
4.08466902,0.39370080,0.00000000
4.08507702,0.78740160,0.00000000
4.08548502,0.78740160,-0.07874016
4.08589302,0.78740160,0.00000000
4.08630102,0.78740160,0.00000000
4.08670902,0.78740160,0.00000000
4.08711702,0.78740160,-0.07874016
4.08752502,0.78740160,-0.07874016
4.08793302,0.78740160,-0.07874016
4.08834102,0.39370080,0.00000000
4.08874902,1.18110200,0.00000000
4.08915702,0.39370080,-0.07874016
4.08956502,0.39370080,-0.07874016
4.08997302,0.78740160,0.00000000
4.09038102,0.78740160,0.00000000
4.09078902,0.78740160,-0.07874016
4.09119702,0.78740160,0.00000000
4.09160502,0.78740160,0.00000000
4.09201302,0.78740160,0.00000000
4.09242102,0.78740160,0.00000000
4.09282902,0.39370080,-0.07874016
4.09323702,0.78740160,0.00000000
4.09364502,0.39370080,0.00000000
4.09405302,0.39370080,-0.07874016
4.09446102,0.78740160,-0.07874016
4.09486902,0.39370080,-0.07874016
4.09527702,0.78740160,0.00000000
4.09568502,0.39370080,0.00000000
4.09609302,0.39370080,0.00000000
4.09650102,0.39370080,-0.07874016
4.09690902,0.39370080,0.00000000
4.09731702,0.00000000,0.00000000
4.09772502,0.00000000,-0.07874016
4.09813302,0.39370080,0.00000000
4.09854102,0.00000000,0.00000000
4.09894902,0.00000000,0.00000000
4.09935702,0.39370080,0.00000000
4.09976502,0.00000000,0.00000000
4.10017302,0.00000000,0.00000000
4.10058102,0.00000000,0.00000000
4.10098902,0.00000000,0.00000000
4.10139702,0.00000000,0.00000000
4.10180502,0.00000000,0.00000000
4.10221302,0.00000000,0.00000000
4.10262102,0.00000000,0.00000000
4.10302902,0.00000000,-0.07874016
4.10343702,0.00000000,-0.07874016
4.10384502,0.00000000,-0.07874016
4.10425302,0.39370080,0.00000000
4.10466102,0.00000000,0.00000000
4.10506902,0.39370080,0.00000000
4.10547702,0.39370080,-0.07874016
4.10588502,0.00000000,0.00000000
4.10629302,0.00000000,0.00000000
4.10670102,0.39370080,-0.07874016
4.10710902,0.00000000,-0.07874016
4.10751702,0.39370080,0.00000000
4.10792502,0.39370080,0.00000000
4.10833302,0.39370080,0.00000000
4.10874102,0.39370080,0.00000000
4.10914902,0.39370080,0.00000000
4.10955702,0.39370080,0.00000000
4.10996502,0.39370080,0.00000000
4.11037302,0.39370080,0.00000000
4.11078102,0.39370080,0.00000000
4.11118902,0.39370080,-0.07874016
4.11159702,0.00000000,0.00000000
4.11200502,0.39370080,0.00000000
4.11241302,0.78740160,0.00000000
4.11282102,0.39370080,0.00000000
4.11322902,0.39370080,-0.07874016
4.11363702,0.39370080,-0.07874016
4.11404502,0.78740160,0.00000000
4.11445302,0.78740160,0.00000000
4.11486102,0.39370080,0.00000000
4.11526902,0.78740160,-0.07874016
4.11567702,0.39370080,0.00000000
4.11608502,0.78740160,0.00000000
4.11649302,0.39370080,-0.07874016
4.11690102,0.78740160,0.00000000
4.11730902,0.39370080,0.00000000
4.11771702,0.39370080,0.00000000
4.11812502,0.39370080,0.00000000
4.11853302,0.39370080,-0.07874016
4.11894102,0.78740160,0.00000000
4.11934902,0.39370080,0.00000000
4.11975702,0.39370080,0.00000000
4.12016502,0.39370080,-0.07874016
4.12057302,0.39370080,0.00000000
4.12098102,0.39370080,0.00000000
4.12138902,0.78740160,0.00000000
4.12179702,0.39370080,0.00000000
4.12220502,0.39370080,0.00000000
4.12261302,0.39370080,0.00000000
4.12302102,0.39370080,0.00000000
4.12342902,0.39370080,0.00000000
4.12383702,0.00000000,-0.07874016
4.12424502,0.00000000,0.00000000
4.12465302,0.00000000,-0.07874016
4.12506102,0.00000000,-0.07874016
4.12546902,0.00000000,0.00000000
4.12587702,0.00000000,-0.07874016
4.12628502,0.00000000,0.00000000
4.12669302,0.00000000,-0.07874016
4.12710102,0.00000000,0.00000000
4.12750902,0.00000000,-0.07874016
4.12791702,0.00000000,-0.07874016
4.12832502,0.00000000,0.00000000
4.12873302,0.00000000,0.00000000
4.12914102,0.00000000,0.00000000
4.12954902,0.00000000,0.00000000
4.12995702,0.00000000,-0.07874016
4.13036502,0.00000000,-0.07874016
4.13077302,0.39370080,0.00000000
4.13118102,0.00000000,0.00000000
4.13158902,0.39370080,-0.07874016
4.13199702,0.00000000,-0.07874016
4.13240502,0.39370080,0.00000000
4.13281302,0.39370080,0.00000000
4.13322102,0.39370080,0.00000000
4.13362902,0.39370080,0.00000000
4.13403702,0.39370080,-0.07874016
4.13444502,0.39370080,-0.07874016
4.13485302,0.39370080,-0.07874016
4.13526102,0.39370080,0.00000000
4.13566902,0.39370080,0.00000000
4.13607702,0.39370080,0.00000000
4.13648502,0.39370080,0.00000000
4.13689302,0.39370080,0.00000000
4.13730102,0.78740160,0.00000000
4.13770902,0.39370080,-0.07874016
4.13811702,0.39370080,-0.07874016
4.13852502,0.78740160,0.00000000
4.13893302,0.78740160,0.00000000
4.13934102,0.78740160,0.00000000
4.13974902,0.78740160,0.00000000
4.14015702,0.39370080,0.00000000
4.14056502,0.39370080,0.00000000
4.14097302,0.39370080,0.00000000
4.14138102,0.39370080,0.00000000
4.14178902,0.78740160,0.00000000
4.14219702,0.39370080,0.00000000
4.14260502,0.00000000,-0.07874016
4.14301302,0.39370080,0.00000000
4.14342102,0.39370080,0.00000000
4.14382902,0.39370080,0.00000000
4.14423702,0.39370080,0.00000000
4.14464502,0.39370080,0.00000000
4.14505302,0.39370080,0.00000000
4.14546102,0.00000000,0.00000000
4.14586902,0.39370080,-0.07874016
4.14627702,0.39370080,-0.07874016
4.14668502,0.39370080,-0.07874016
4.14709302,0.00000000,-0.07874016
4.14750102,0.00000000,-0.07874016
4.14790902,0.39370080,0.00000000
4.14831702,0.39370080,0.00000000
4.14872502,0.00000000,0.00000000
4.14913302,0.00000000,-0.07874016
4.14954102,0.00000000,-0.07874016
4.14994902,0.00000000,0.00000000
4.15035702,0.39370080,0.00000000
4.15076502,0.39370080,0.00000000
4.15117302,0.39370080,0.00000000
4.15158102,0.39370080,-0.07874016
4.15198902,0.39370080,0.00000000
4.15239702,0.39370080,-0.07874016
4.15280502,0.39370080,0.00000000
4.15321302,0.39370080,0.00000000
4.15362102,0.00000000,0.00000000
4.15402902,0.00000000,0.00000000
4.15443702,0.39370080,-0.07874016
4.15484502,0.39370080,-0.07874016
4.15525302,0.00000000,0.00000000
4.15566102,0.39370080,0.00000000
4.15606902,0.39370080,0.00000000
4.15647702,0.00000000,0.00000000
4.15688502,0.39370080,0.00000000
4.15729302,0.00000000,0.00000000
4.15770102,0.39370080,0.00000000
4.15810902,0.39370080,-0.07874016
4.15851702,0.39370080,0.00000000
4.15892502,0.39370080,0.00000000
4.15933302,0.78740160,0.00000000
4.15974102,0.39370080,0.00000000
4.16014902,0.78740160,-0.07874016
4.16055702,0.39370080,0.00000000
4.16096502,0.39370080,0.00000000
4.16137302,0.39370080,0.00000000
4.16178102,0.39370080,0.00000000
4.16218902,0.39370080,-0.07874016
4.16259702,0.78740160,0.00000000
4.16300502,0.39370080,0.00000000
4.16341302,0.00000000,0.00000000
4.16382102,0.39370080,0.00000000
4.16422902,0.39370080,0.00000000
4.16463702,0.00000000,0.00000000
4.16504502,0.78740160,0.00000000
4.16545302,0.00000000,0.00000000
4.16586102,0.78740160,-0.07874016
4.16626902,0.39370080,0.00000000
4.16667702,0.00000000,0.00000000
4.16708502,0.39370080,0.00000000
4.16749302,0.78740160,0.00000000
4.16790102,0.39370080,0.00000000
4.16830902,0.39370080,-0.07874016
4.16871702,0.39370080,0.00000000
4.16912502,0.39370080,-0.07874016
4.16953302,0.39370080,0.00000000
4.16994102,0.39370080,0.00000000
4.17034902,0.39370080,-0.07874016
4.17075702,0.39370080,0.00000000
4.17116502,0.78740160,0.00000000
4.17157302,0.00000000,0.00000000
4.17198102,0.00000000,0.00000000
4.17238902,0.00000000,0.00000000
4.17279702,0.39370080,0.00000000
4.17320502,0.00000000,-0.07874016
4.17361302,0.00000000,0.00000000
4.17402102,0.39370080,-0.07874016
4.17442902,0.39370080,0.00000000
4.17483702,0.39370080,-0.07874016
4.17524502,0.00000000,0.00000000
4.17565302,0.78740160,0.00000000
4.17606102,0.00000000,0.00000000
4.17646902,0.39370080,0.00000000
4.17687702,0.39370080,0.00000000
4.17728502,0.39370080,0.00000000
4.17769301,0.39370080,0.00000000
4.17810101,0.39370080,0.00000000
4.17850901,0.00000000,0.00000000
4.17891701,0.00000000,-0.07874016
4.17932501,0.00000000,0.00000000
4.17973301,0.39370080,-0.07874016
4.18014101,0.00000000,0.00000000
4.18054901,0.39370080,0.00000000
4.18095701,0.39370080,0.00000000
4.18136501,0.39370080,0.00000000
4.18177301,0.39370080,-0.07874016
4.18218101,0.39370080,0.00000000
4.18258901,0.39370080,-0.07874016
4.18299701,0.00000000,-0.07874016
4.18340501,0.39370080,-0.07874016
4.18381301,0.78740160,0.00000000
4.18422101,0.39370080,0.00000000
4.18462901,0.39370080,0.00000000
4.18503701,0.39370080,0.00000000
4.18544501,0.39370080,-0.07874016
4.18585301,0.39370080,0.00000000
4.18626101,0.39370080,-0.07874016
4.18666901,0.39370080,0.00000000
4.18707701,0.39370080,0.00000000
4.18748501,0.39370080,0.00000000
4.18789301,0.39370080,0.00000000
4.18830101,0.39370080,0.00000000
4.18870901,0.39370080,-0.07874016
4.18911701,0.00000000,-0.07874016
4.18952501,0.39370080,-0.07874016
4.18993301,0.39370080,0.00000000
4.19034101,0.39370080,-0.07874016
4.19074901,0.39370080,0.00000000
4.19115701,0.39370080,0.00000000
4.19156501,0.39370080,0.00000000
4.19197301,0.39370080,0.00000000
4.19238101,0.39370080,0.00000000
4.19278901,0.39370080,0.00000000
4.19319701,0.00000000,0.00000000
4.19360501,0.00000000,-0.07874016
4.19401301,0.39370080,0.00000000
4.19442101,0.39370080,0.00000000
4.19482901,0.39370080,0.00000000
4.19523701,0.00000000,0.00000000
4.19564501,0.39370080,0.00000000
4.19605301,0.39370080,-0.07874016
4.19646101,0.39370080,0.00000000
4.19686901,0.00000000,-0.07874016
4.19727701,0.00000000,0.00000000
4.19768501,0.39370080,0.00000000
4.19809301,0.00000000,-0.07874016
4.19850101,0.39370080,-0.07874016
4.19890901,0.00000000,-0.07874016
4.19931701,0.00000000,0.00000000
4.19972501,0.78740160,0.00000000
4.20013301,0.00000000,0.00000000
4.20054101,0.39370080,0.00000000
4.20094901,0.00000000,0.00000000
4.20135701,0.39370080,-0.07874016
4.20176501,0.00000000,0.00000000
4.20217301,0.39370080,-0.07874016
4.20258101,0.39370080,0.00000000
4.20298901,0.39370080,-0.07874016
4.20339701,0.39370080,0.00000000
4.20380501,0.78740160,0.00000000
4.20421301,0.78740160,-0.07874016
4.20462101,0.39370080,0.00000000
4.20502901,0.39370080,0.00000000
4.20543701,0.39370080,0.00000000
4.20584501,0.39370080,0.00000000
4.20625301,0.39370080,0.00000000
4.20666101,0.39370080,-0.07874016
4.20706901,0.00000000,0.00000000
4.20747701,0.39370080,-0.07874016
4.20788501,0.00000000,0.00000000
4.20829301,0.39370080,-0.07874016
4.20870101,0.39370080,0.00000000
4.20910901,0.39370080,0.00000000
4.20951701,0.39370080,0.00000000
4.20992501,0.39370080,0.00000000
4.21033301,0.00000000,0.00000000
4.21074101,0.39370080,-0.07874016
4.21114901,0.39370080,0.00000000
4.21155701,0.39370080,0.00000000
4.21196501,0.78740160,-0.07874016
4.21237301,0.39370080,0.00000000
4.21278101,0.39370080,0.00000000
4.21318901,0.39370080,0.00000000
4.21359701,0.39370080,0.00000000
4.21400501,0.39370080,0.00000000
4.21441301,0.39370080,0.00000000
4.21482101,0.39370080,0.00000000
4.21522901,0.39370080,0.00000000
4.21563701,0.39370080,0.00000000
4.21604501,0.00000000,0.00000000
4.21645301,0.39370080,0.00000000
4.21686101,0.39370080,0.00000000
4.21726901,0.39370080,0.00000000
4.21767701,0.39370080,0.00000000
4.21808501,0.39370080,0.00000000
4.21849301,0.39370080,0.00000000
4.21890101,0.39370080,0.00000000
4.21930901,0.39370080,-0.07874016
4.21971701,0.00000000,0.00000000
4.22012501,0.39370080,0.00000000
4.22053301,0.78740160,0.00000000
4.22094101,0.39370080,0.00000000
4.22134901,0.39370080,-0.07874016
4.22175701,0.39370080,-0.07874016
4.22216501,0.39370080,-0.07874016
4.22257301,0.78740160,0.00000000
4.22298101,0.00000000,0.00000000
4.22338901,0.39370080,0.00000000
4.22379701,0.39370080,0.00000000
4.22420501,0.39370080,0.00000000
4.22461301,0.39370080,0.00000000
4.22502101,0.39370080,0.00000000
4.22542901,0.39370080,-0.07874016
4.22583701,0.39370080,-0.07874016
4.22624501,0.00000000,0.00000000
4.22665301,0.39370080,0.00000000
4.22706101,0.39370080,0.00000000
4.22746901,0.39370080,-0.07874016
4.22787701,0.39370080,0.00000000
4.22828501,0.39370080,0.00000000
4.22869301,0.39370080,-0.07874016
4.22910101,0.39370080,0.00000000
4.22950901,0.39370080,-0.07874016
4.22991701,0.39370080,0.00000000
4.23032501,0.78740160,-0.07874016
4.23073301,0.00000000,0.00000000
4.23114101,0.39370080,0.00000000
4.23154901,0.39370080,-0.07874016
4.23195701,0.39370080,-0.07874016
4.23236501,0.00000000,0.00000000
4.23277301,0.39370080,0.00000000
4.23318101,0.00000000,-0.07874016
4.23358901,0.00000000,0.00000000
4.23399701,0.39370080,0.00000000
4.23440501,0.39370080,0.00000000
4.23481301,0.39370080,0.00000000
4.23522101,0.00000000,0.00000000
4.23562901,0.00000000,-0.07874016
4.23603701,0.78740160,0.00000000
4.23644501,0.39370080,0.00000000
4.23685301,0.39370080,-0.07874016
4.23726101,0.00000000,-0.07874016
4.23766901,0.00000000,0.00000000
4.23807701,0.39370080,0.00000000
4.23848501,0.39370080,0.00000000
4.23889301,0.00000000,0.00000000
4.23930101,0.39370080,-0.07874016
4.23970901,0.39370080,-0.07874016
4.24011701,0.39370080,0.00000000
4.24052501,0.39370080,0.00000000
4.24093301,0.39370080,0.00000000
4.24134101,0.39370080,0.00000000
4.24174901,0.00000000,0.00000000
4.24215701,0.00000000,0.00000000
4.24256501,0.39370080,-0.07874016
4.24297301,0.39370080,0.00000000
4.24338101,0.39370080,-0.07874016
4.24378901,0.39370080,0.00000000
4.24419701,0.39370080,0.00000000
4.24460501,0.00000000,0.00000000
4.24501301,0.39370080,0.00000000
4.24542101,0.00000000,0.00000000
4.24582901,0.00000000,0.00000000
4.24623701,0.39370080,0.00000000
4.24664501,0.00000000,0.00000000
4.24705301,0.39370080,0.00000000
4.24746101,0.39370080,0.00000000
4.24786901,0.00000000,0.00000000
4.24827701,0.78740160,0.00000000
4.24868501,0.00000000,0.00000000
4.24909301,0.39370080,0.00000000
4.24950101,0.39370080,0.00000000
4.24990901,0.39370080,0.00000000
4.25031701,0.39370080,0.00000000
4.25072501,0.78740160,0.00000000
4.25113301,0.00000000,0.00000000
4.25154101,0.78740160,-0.07874016
4.25194901,0.39370080,0.00000000
4.25235701,0.39370080,0.00000000
4.25276501,0.39370080,0.00000000
4.25317301,0.39370080,-0.07874016
4.25358101,0.78740160,0.00000000
4.25398901,0.39370080,0.00000000
4.25439701,0.39370080,0.00000000
4.25480501,0.39370080,-0.07874016
4.25521301,0.39370080,-0.07874016
4.25562101,0.39370080,0.00000000
4.25602901,0.39370080,0.00000000
4.25643701,0.39370080,-0.07874016
4.25684501,0.39370080,0.00000000
4.25725301,0.39370080,0.00000000
4.25766101,0.39370080,0.00000000
4.25806901,0.39370080,0.00000000
4.25847701,0.39370080,0.00000000
4.25888501,0.39370080,0.00000000
4.25929301,0.00000000,0.00000000
4.25970101,0.39370080,0.00000000
4.26010901,0.39370080,-0.07874016
4.26051701,0.39370080,0.00000000
4.26092501,0.00000000,0.00000000
4.26133301,0.39370080,-0.07874016
4.26174101,0.39370080,0.00000000
4.26214901,0.00000000,0.00000000
4.26255701,0.00000000,-0.07874016
4.26296501,0.00000000,-0.07874016
4.26337301,0.39370080,0.00000000
4.26378101,0.39370080,0.00000000
4.26418901,0.39370080,0.00000000
4.26459701,0.00000000,-0.07874016
4.26500501,0.00000000,0.00000000
4.26541301,0.39370080,0.00000000
4.26582101,0.39370080,-0.07874016
4.26622901,0.39370080,-0.07874016
4.26663701,0.00000000,0.00000000
4.26704501,0.39370080,-0.07874016
4.26745301,0.00000000,0.00000000
4.26786101,0.39370080,0.00000000
4.26826901,0.39370080,0.00000000
4.26867701,0.39370080,0.00000000
4.26908501,0.39370080,0.00000000
4.26949301,0.39370080,0.00000000
4.26990101,0.39370080,0.00000000
4.27030901,0.39370080,0.00000000
4.27071701,0.39370080,0.00000000
4.27112501,0.39370080,0.00000000
4.27153301,0.39370080,0.00000000
4.27194101,0.39370080,-0.07874016
4.27234901,0.39370080,0.00000000
4.27275701,0.39370080,0.00000000
4.27316501,0.78740160,0.00000000
4.27357301,0.78740160,-0.07874016
4.27398101,0.39370080,-0.07874016
4.27438901,0.78740160,0.00000000
4.27479701,0.78740160,-0.07874016
4.27520501,0.39370080,0.00000000
4.27561301,0.78740160,0.00000000
4.27602101,0.39370080,0.00000000
4.27642901,0.39370080,0.00000000
4.27683701,0.39370080,-0.07874016
4.27724501,0.39370080,0.00000000
4.27765301,0.78740160,0.00000000
4.27806101,0.39370080,-0.07874016
4.27846901,0.39370080,0.00000000
4.27887701,0.39370080,-0.07874016
4.27928501,0.39370080,0.00000000
4.27969301,0.39370080,-0.07874016
4.28010101,0.39370080,0.00000000
4.28050901,0.39370080,0.00000000
4.28091701,0.39370080,-0.07874016
4.28132501,0.39370080,-0.07874016
4.28173301,0.00000000,0.00000000
4.28214101,0.39370080,0.00000000
4.28254901,0.39370080,-0.07874016
4.28295701,0.00000000,-0.07874016
4.28336501,0.39370080,0.00000000
4.28377301,0.00000000,0.00000000
4.28418101,0.39370080,-0.07874016
4.28458901,0.39370080,-0.07874016
4.28499701,0.00000000,0.00000000
4.28540501,0.39370080,-0.07874016
4.28581301,0.00000000,0.00000000
4.28622101,0.00000000,0.00000000
4.28662901,0.00000000,0.00000000
4.28703701,0.39370080,0.00000000
4.28744501,0.39370080,0.00000000
4.28785301,0.00000000,0.00000000
4.28826101,0.39370080,0.00000000
4.28866901,0.00000000,0.00000000
4.28907701,0.00000000,0.00000000
4.28948501,0.00000000,0.00000000
4.28989301,0.00000000,-0.07874016
4.29030101,0.39370080,-0.07874016
4.29070901,0.00000000,0.00000000
4.29111701,0.00000000,-0.07874016
4.29152501,0.00000000,-0.07874016
4.29193301,0.39370080,0.00000000
4.29234101,0.00000000,0.00000000
4.29274901,0.39370080,0.00000000
4.29315701,0.39370080,0.00000000
4.29356501,0.78740160,0.00000000
4.29397301,0.39370080,0.00000000
4.29438101,0.39370080,0.00000000
4.29478901,0.39370080,0.00000000
4.29519701,0.39370080,0.00000000
4.29560501,0.39370080,0.00000000
4.29601301,0.00000000,0.00000000
4.29642101,0.39370080,0.00000000
4.29682901,0.39370080,0.00000000
4.29723701,0.39370080,0.00000000
4.29764501,0.39370080,0.00000000
4.29805301,0.78740160,-0.07874016
4.29846101,0.39370080,-0.07874016
4.29886901,0.78740160,-0.07874016
4.29927701,0.78740160,0.00000000
4.29968501,0.39370080,0.00000000
4.30009301,0.39370080,0.00000000
4.30050101,0.39370080,0.00000000
4.30090901,0.78740160,-0.07874016
4.30131701,0.39370080,0.00000000
4.30172501,0.39370080,-0.07874016
4.30213301,0.39370080,0.00000000
4.30254101,0.78740160,0.00000000
4.30294901,0.39370080,0.00000000
4.30335701,0.39370080,-0.07874016
4.30376501,0.39370080,-0.07874016
4.30417301,0.39370080,-0.07874016
4.30458101,0.39370080,-0.07874016
4.30498901,0.39370080,-0.07874016
4.30539701,0.39370080,-0.07874016
4.30580501,0.39370080,0.00000000
4.30621301,0.39370080,0.00000000
4.30662101,0.00000000,0.00000000
4.30702901,0.39370080,0.00000000
4.30743701,0.00000000,-0.07874016
4.30784501,0.39370080,0.00000000
4.30825301,0.39370080,0.00000000
4.30866101,0.00000000,0.00000000
4.30906901,0.39370080,0.00000000
4.30947701,0.39370080,0.00000000
4.30988501,0.00000000,0.00000000
4.31029301,0.00000000,-0.07874016
4.31070101,0.00000000,-0.07874016
4.31110901,0.39370080,0.00000000
4.31151701,0.00000000,0.00000000
4.31192501,0.39370080,0.00000000
4.31233301,0.00000000,0.00000000
4.31274101,0.39370080,0.00000000
4.31314901,0.39370080,0.00000000
4.31355701,0.00000000,0.00000000
4.31396501,0.00000000,0.00000000
4.31437301,0.00000000,-0.07874016
4.31478101,0.00000000,0.00000000
4.31518901,0.00000000,0.00000000
4.31559701,0.39370080,0.00000000
4.31600501,0.39370080,0.00000000
4.31641301,0.00000000,0.00000000
4.31682101,0.39370080,-0.07874016
4.31722901,0.39370080,-0.07874016
4.31763701,0.39370080,-0.07874016
4.31804501,0.39370080,0.00000000
4.31845301,0.39370080,-0.07874016
4.31886101,0.39370080,0.00000000
4.31926901,0.39370080,0.00000000
4.31967701,0.39370080,-0.07874016
4.32008501,0.39370080,-0.07874016
4.32049301,0.00000000,0.00000000
4.32090101,0.78740160,0.00000000
4.32130901,0.39370080,-0.07874016
4.32171701,0.39370080,-0.07874016
4.32212501,0.39370080,0.00000000
4.32253301,0.39370080,-0.07874016
4.32294101,0.39370080,0.00000000
4.32334901,0.39370080,0.00000000
4.32375701,0.39370080,0.00000000
4.32416501,0.39370080,-0.07874016
4.32457301,0.39370080,0.00000000
4.32498101,0.78740160,0.00000000
4.32538901,0.78740160,-0.07874016
4.32579701,0.39370080,-0.07874016
4.32620501,0.39370080,0.00000000
4.32661301,0.39370080,0.00000000
4.32702101,0.39370080,-0.07874016
4.32742901,0.78740160,0.00000000
4.32783701,0.78740160,0.00000000
4.32824501,0.78740160,0.00000000
4.32865301,0.78740160,-0.07874016
4.32906101,0.78740160,-0.07874016
4.32946901,0.39370080,-0.07874016
4.32987701,0.78740160,0.00000000
4.33028501,0.39370080,0.00000000
4.33069301,0.39370080,0.00000000
4.33110101,0.39370080,0.00000000
4.33150901,0.39370080,0.00000000
4.33191701,0.00000000,0.00000000
4.33232501,0.39370080,0.00000000
4.33273301,0.39370080,0.00000000
4.33314101,0.39370080,0.00000000
4.33354901,0.00000000,0.00000000
4.33395701,0.39370080,0.00000000
4.33436501,0.39370080,0.00000000
4.33477301,0.00000000,0.00000000
4.33518101,0.00000000,0.00000000
4.33558901,0.39370080,-0.07874016
4.33599701,0.00000000,0.00000000
4.33640501,0.39370080,-0.07874016
4.33681301,0.00000000,0.00000000
4.33722101,0.00000000,0.00000000
4.33762901,0.39370080,0.00000000
4.33803701,0.00000000,0.00000000
4.33844501,0.39370080,0.00000000
4.33885301,0.39370080,0.00000000
4.33926101,0.00000000,0.00000000
4.33966901,0.00000000,0.00000000
4.34007701,0.00000000,0.00000000
4.34048501,0.39370080,0.00000000
4.34089301,0.00000000,0.00000000
4.34130101,0.00000000,0.00000000
4.34170901,0.39370080,0.00000000
4.34211701,0.39370080,0.00000000
4.34252501,0.00000000,0.00000000
4.34293301,0.39370080,0.00000000
4.34334101,0.39370080,0.00000000
4.34374901,0.39370080,0.00000000
4.34415701,0.39370080,0.00000000
4.34456501,0.39370080,-0.07874016
4.34497301,0.39370080,0.00000000
4.34538101,0.78740160,0.00000000
4.34578901,0.78740160,0.00000000
4.34619701,0.39370080,0.00000000
4.34660501,0.78740160,0.00000000
4.34701301,0.39370080,0.00000000
4.34742101,0.39370080,0.00000000
4.34782901,0.39370080,0.00000000
4.34823701,0.39370080,0.00000000
4.34864501,0.78740160,-0.07874016
4.34905301,0.78740160,0.00000000
4.34946101,0.78740160,-0.07874016
4.34986901,0.78740160,0.00000000
4.35027701,0.39370080,0.00000000
4.35068501,0.39370080,-0.07874016
4.35109301,0.39370080,0.00000000
4.35150101,0.39370080,0.00000000
4.35190901,0.78740160,0.00000000
4.35231701,0.00000000,0.00000000
4.35272501,0.39370080,0.00000000
4.35313301,0.39370080,0.00000000
4.35354101,0.78740160,0.00000000
4.35394901,0.39370080,0.00000000
4.35435700,0.39370080,0.00000000
4.35476500,0.39370080,-0.07874016
4.35517300,0.39370080,-0.07874016
4.35558100,0.39370080,-0.07874016
4.35598900,0.39370080,0.00000000
4.35639700,0.39370080,0.00000000
4.35680500,0.78740160,0.00000000
4.35721300,0.39370080,-0.07874016
4.35762100,0.39370080,0.00000000
4.35802900,0.39370080,0.00000000
4.35843700,0.39370080,0.00000000
4.35884500,0.39370080,0.00000000
4.35925300,0.39370080,-0.07874016
4.35966100,0.39370080,-0.07874016
4.36006900,0.00000000,-0.07874016
4.36047700,0.00000000,0.00000000
4.36088500,0.00000000,0.00000000
4.36129300,0.00000000,0.00000000
4.36170100,0.00000000,-0.07874016
4.36210900,0.39370080,0.00000000
4.36251700,0.00000000,-0.07874016
4.36292500,0.00000000,0.00000000
4.36333300,0.39370080,0.00000000
4.36374100,0.00000000,0.00000000
4.36414900,0.00000000,0.00000000
4.36455700,0.39370080,0.00000000
4.36496500,0.39370080,0.00000000
4.36537300,0.00000000,0.00000000
4.36578100,0.00000000,0.00000000
4.36618900,0.00000000,0.00000000
4.36659700,0.39370080,0.00000000
4.36700500,0.39370080,-0.07874016
4.36741300,0.00000000,0.00000000
4.36782100,0.39370080,0.00000000
4.36822900,0.39370080,-0.07874016
4.36863700,0.39370080,0.00000000
4.36904500,0.39370080,0.00000000
4.36945300,0.39370080,0.00000000
4.36986100,0.39370080,0.00000000
4.37026900,0.39370080,-0.07874016
4.37067700,0.39370080,0.00000000
4.37108500,0.39370080,0.00000000
4.37149300,0.00000000,-0.07874016
4.37190100,0.39370080,0.00000000
4.37230900,0.39370080,0.00000000
4.37271700,0.78740160,0.00000000
4.37312500,0.39370080,-0.07874016
4.37353300,0.39370080,-0.07874016
4.37394100,0.39370080,-0.07874016
4.37434900,0.39370080,0.00000000
4.37475700,0.39370080,0.00000000
4.37516500,0.39370080,0.00000000
4.37557300,0.78740160,0.00000000
4.37598100,0.78740160,0.00000000
4.37638900,0.39370080,0.00000000
4.37679700,0.39370080,0.00000000
4.37720500,0.78740160,0.00000000
4.37761300,0.39370080,0.00000000
4.37802100,0.78740160,0.00000000
4.37842900,0.78740160,0.00000000
4.37883700,0.39370080,0.00000000
4.37924500,0.39370080,0.00000000
4.37965300,0.39370080,0.00000000
4.38006100,0.78740160,0.00000000
4.38046900,0.39370080,0.00000000
4.38087700,0.39370080,0.00000000
4.38128500,0.39370080,-0.07874016
4.38169300,0.39370080,0.00000000
4.38210100,0.39370080,-0.07874016
4.38250900,0.39370080,0.00000000
4.38291700,0.39370080,0.00000000
4.38332500,0.00000000,0.00000000
4.38373300,0.39370080,-0.07874016
4.38414100,0.39370080,0.00000000
4.38454900,0.00000000,0.00000000
4.38495700,0.00000000,0.00000000
4.38536500,0.39370080,-0.07874016
4.38577300,0.00000000,0.00000000
4.38618100,0.00000000,0.00000000
4.38658900,0.00000000,0.00000000
4.38699700,0.00000000,0.00000000
4.38740500,0.00000000,0.00000000
4.38781300,0.00000000,-0.07874016
4.38822100,0.00000000,0.00000000
4.38862900,0.39370080,0.00000000
4.38903700,0.39370080,-0.07874016
4.38944500,0.00000000,0.00000000
4.38985300,0.39370080,0.00000000
4.39026100,0.00000000,0.00000000
4.39066900,0.00000000,0.00000000
4.39107700,0.00000000,0.00000000
4.39148500,0.00000000,-0.07874016
4.39189300,0.39370080,0.00000000
4.39230100,0.00000000,-0.07874016
4.39270900,0.78740160,-0.07874016
4.39311700,0.78740160,0.00000000
4.39352500,0.39370080,-0.07874016
4.39393300,0.00000000,0.00000000
4.39434100,0.00000000,0.00000000
4.39474900,0.39370080,0.00000000
4.39515700,0.39370080,0.00000000
4.39556500,0.39370080,0.00000000
4.39597300,0.39370080,-0.07874016
4.39638100,0.39370080,0.00000000
4.39678900,0.78740160,0.00000000
4.39719700,0.39370080,0.00000000
4.39760500,0.00000000,-0.07874016
4.39801300,0.39370080,0.00000000
4.39842100,0.78740160,-0.07874016
4.39882900,0.39370080,-0.07874016
4.39923700,0.78740160,-0.07874016
4.39964500,0.78740160,0.00000000
4.40005300,0.78740160,-0.07874016
4.40046100,0.39370080,0.00000000
4.40086900,0.78740160,0.00000000
4.40127700,0.78740160,0.00000000
4.40168500,0.39370080,0.00000000
4.40209300,0.78740160,0.00000000
4.40250100,0.78740160,-0.07874016
4.40290900,0.78740160,0.00000000
4.40331700,0.78740160,-0.07874016
4.40372500,0.78740160,0.00000000
4.40413300,0.78740160,-0.07874016
4.40454100,0.39370080,-0.07874016
4.40494900,0.00000000,-0.07874016
4.40535700,0.39370080,0.00000000
4.40576500,0.78740160,-0.07874016
4.40617300,0.39370080,0.00000000
4.40658100,0.39370080,0.00000000
4.40698900,0.00000000,-0.07874016
4.40739700,0.39370080,-0.07874016
4.40780500,0.39370080,0.00000000
4.40821300,0.39370080,-0.07874016
4.40862100,0.39370080,0.00000000
4.40902900,0.39370080,0.00000000
4.40943700,0.39370080,0.00000000
4.40984500,0.39370080,0.00000000
4.41025300,0.00000000,0.00000000
4.41066100,0.39370080,0.00000000
4.41106900,0.00000000,-0.07874016
4.41147700,0.00000000,0.00000000
4.41188500,0.39370080,-0.07874016
4.41229300,0.00000000,-0.07874016
4.41270100,0.00000000,0.00000000
4.41310900,0.00000000,0.00000000
4.41351700,0.00000000,0.00000000
4.41392500,0.00000000,0.00000000
4.41433300,0.39370080,0.00000000
4.41474100,0.00000000,0.00000000
4.41514900,0.00000000,0.00000000
4.41555700,0.00000000,0.00000000
4.41596500,0.00000000,0.00000000
4.41637300,0.00000000,-0.07874016
4.41678100,0.39370080,0.00000000
4.41718900,0.00000000,0.00000000
4.41759700,0.39370080,-0.07874016
4.41800500,0.39370080,0.00000000
4.41841300,0.39370080,0.00000000
4.41882100,0.39370080,-0.07874016
4.41922900,0.39370080,0.00000000
4.41963700,0.39370080,-0.07874016
4.42004500,0.39370080,0.00000000
4.42045300,0.39370080,-0.07874016
4.42086100,0.39370080,0.00000000
4.42126900,0.39370080,0.00000000
4.42167700,0.39370080,0.00000000
4.42208500,0.78740160,0.00000000
4.42249300,0.39370080,0.00000000
4.42290100,0.78740160,0.00000000
4.42330900,0.78740160,0.00000000
4.42371700,0.39370080,0.00000000
4.42412500,0.39370080,0.00000000
4.42453300,0.39370080,-0.07874016
4.42494100,0.39370080,0.00000000
4.42534900,0.78740160,-0.07874016
4.42575700,0.39370080,0.00000000
4.42616500,0.78740160,0.00000000
4.42657300,0.39370080,0.00000000
4.42698100,0.39370080,-0.07874016
4.42738900,0.39370080,-0.07874016
4.42779700,0.78740160,0.00000000
4.42820500,0.39370080,0.00000000
4.42861300,0.39370080,0.00000000
4.42902100,0.78740160,0.00000000
4.42942900,0.78740160,-0.07874016
4.42983700,0.39370080,-0.07874016
4.43024500,0.78740160,-0.07874016
4.43065300,0.39370080,0.00000000
4.43106100,0.78740160,0.00000000
4.43146900,0.39370080,0.00000000
4.43187700,0.39370080,0.00000000
4.43228500,0.39370080,-0.07874016
4.43269300,0.00000000,-0.07874016
4.43310100,0.00000000,0.00000000
4.43350900,0.00000000,0.00000000
4.43391700,0.39370080,0.00000000
4.43432500,0.39370080,0.00000000
4.43473300,0.00000000,0.00000000
4.43514100,0.39370080,0.00000000
4.43554900,0.39370080,-0.07874016
4.43595700,0.00000000,0.00000000
4.43636500,0.39370080,0.00000000
4.43677300,0.39370080,0.00000000
4.43718100,0.00000000,-0.07874016
4.43758900,0.39370080,0.00000000
4.43799700,0.00000000,0.00000000
4.43840500,0.39370080,0.00000000
4.43881300,0.00000000,0.00000000
4.43922100,0.00000000,0.00000000
4.43962900,0.00000000,0.00000000
4.44003700,0.00000000,-0.07874016
4.44044500,0.00000000,0.00000000
4.44085300,0.39370080,-0.07874016
4.44126100,0.00000000,0.00000000
4.44166900,0.00000000,-0.07874016
4.44207700,0.00000000,0.00000000
4.44248500,0.00000000,-0.07874016
4.44289300,0.39370080,0.00000000
4.44330100,0.39370080,-0.07874016
4.44370900,0.39370080,0.00000000
4.44411700,0.39370080,0.00000000
4.44452500,0.00000000,0.00000000
4.44493300,0.39370080,-0.07874016
4.44534100,0.78740160,0.00000000
4.44574900,0.39370080,0.00000000
4.44615700,0.39370080,0.00000000
4.44656500,0.39370080,0.00000000
4.44697300,0.78740160,0.00000000
4.44738100,0.39370080,0.00000000
4.44778900,0.39370080,0.00000000
4.44819700,0.78740160,0.00000000
4.44860500,0.78740160,0.00000000
4.44901300,0.39370080,-0.07874016
4.44942100,0.78740160,0.00000000
4.44982900,0.39370080,0.00000000
4.45023700,0.39370080,0.00000000
4.45064500,0.78740160,0.00000000
4.45105300,0.39370080,0.00000000
4.45146100,0.39370080,-0.07874016
4.45186900,0.39370080,0.00000000
4.45227700,0.78740160,0.00000000
4.45268500,0.39370080,0.00000000
4.45309300,0.39370080,0.00000000
4.45350100,0.39370080,0.00000000
4.45390900,0.78740160,0.00000000
4.45431700,0.39370080,0.00000000
4.45472500,0.78740160,0.00000000
4.45513300,0.39370080,0.00000000
4.45554100,0.39370080,0.00000000
4.45594900,0.78740160,0.00000000
4.45635700,0.39370080,0.00000000
4.45676500,0.39370080,0.00000000
4.45717300,0.39370080,0.00000000
4.45758100,0.39370080,0.00000000
4.45798900,0.39370080,0.00000000
4.45839700,0.39370080,-0.07874016
4.45880500,0.00000000,0.00000000
4.45921300,0.39370080,0.00000000
4.45962100,0.39370080,-0.07874016
4.46002900,0.00000000,0.00000000
4.46043700,0.39370080,0.00000000
4.46084500,0.00000000,0.00000000
4.46125300,0.39370080,0.00000000
4.46166100,0.00000000,0.00000000
4.46206900,0.00000000,0.00000000
4.46247700,0.39370080,0.00000000
4.46288500,0.00000000,0.00000000
4.46329300,0.39370080,0.00000000
4.46370100,0.00000000,0.00000000
4.46410900,0.00000000,0.00000000
4.46451700,0.00000000,-0.07874016
4.46492500,0.00000000,0.00000000
4.46533300,0.39370080,-0.07874016
4.46574100,0.39370080,0.00000000
4.46614900,0.39370080,-0.07874016
4.46655700,0.00000000,0.00000000
4.46696500,0.39370080,0.00000000
4.46737300,0.39370080,0.00000000
4.46778100,0.39370080,-0.07874016
4.46818900,0.39370080,0.00000000
4.46859700,0.39370080,0.00000000
4.46900500,0.39370080,-0.07874016
4.46941300,0.39370080,0.00000000
4.46982100,0.39370080,0.00000000
4.47022900,0.78740160,0.00000000
4.47063700,0.39370080,0.00000000
4.47104500,0.39370080,0.00000000
4.47145300,0.39370080,0.00000000
4.47186100,0.39370080,0.00000000
4.47226900,0.39370080,0.00000000
4.47267700,0.39370080,0.00000000
4.47308500,0.39370080,0.00000000
4.47349300,0.39370080,0.00000000
4.47390100,0.39370080,0.00000000
4.47430900,0.78740160,-0.07874016
4.47471700,0.78740160,-0.07874016
4.47512500,0.78740160,0.00000000
4.47553300,0.78740160,0.00000000
4.47594100,0.39370080,-0.07874016
4.47634900,0.39370080,0.00000000
4.47675700,0.78740160,-0.07874016
4.47716500,0.39370080,0.00000000
4.47757300,0.39370080,0.00000000
4.47798100,0.39370080,0.00000000
4.47838900,0.39370080,0.00000000
4.47879700,0.78740160,0.00000000
4.47920500,0.39370080,0.00000000
4.47961300,0.39370080,-0.07874016
4.48002100,0.39370080,-0.07874016
4.48042900,0.39370080,0.00000000
4.48083700,0.78740160,0.00000000
4.48124500,0.78740160,-0.07874016
4.48165300,0.39370080,0.00000000
4.48206100,0.39370080,0.00000000
4.48246900,0.39370080,-0.07874016
4.48287700,0.00000000,0.00000000
4.48328500,0.39370080,0.00000000
4.48369300,0.39370080,0.00000000
4.48410100,0.00000000,0.00000000
4.48450900,0.39370080,0.00000000
4.48491700,0.00000000,0.00000000
4.48532500,0.39370080,0.00000000
4.48573300,0.39370080,0.00000000
4.48614100,0.00000000,0.00000000
4.48654900,0.39370080,-0.07874016
4.48695700,0.00000000,0.00000000
4.48736500,0.39370080,0.00000000
4.48777300,0.39370080,0.00000000
4.48818100,0.00000000,0.00000000
4.48858900,0.00000000,0.00000000
4.48899700,0.00000000,0.00000000
4.48940500,0.39370080,-0.07874016
4.48981300,0.00000000,-0.07874016
4.49022100,0.00000000,0.00000000
4.49062900,0.00000000,0.00000000
4.49103700,0.39370080,0.00000000
4.49144500,0.00000000,0.00000000
4.49185300,0.00000000,0.00000000
4.49226100,0.39370080,-0.07874016
4.49266900,0.00000000,0.00000000
4.49307700,0.39370080,0.00000000
4.49348500,0.00000000,-0.07874016
4.49389300,0.00000000,0.00000000
4.49430100,0.00000000,0.00000000
4.49470900,0.39370080,-0.07874016
4.49511700,0.39370080,-0.07874016
4.49552500,0.39370080,0.00000000
4.49593300,0.39370080,-0.07874016
4.49634100,0.39370080,0.00000000
4.49674900,0.39370080,0.00000000
4.49715700,0.39370080,0.00000000
4.49756500,0.39370080,0.00000000
4.49797300,0.39370080,0.00000000
4.49838100,0.39370080,0.00000000
4.49878900,0.78740160,0.00000000
4.49919700,0.39370080,0.00000000
4.49960500,0.78740160,0.00000000
4.50001300,0.39370080,0.00000000
4.50042100,0.78740160,0.00000000
4.50082900,0.78740160,0.00000000
4.50123700,0.78740160,-0.07874016
4.50164500,0.78740160,0.00000000
4.50205300,0.78740160,-0.07874016
4.50246100,0.39370080,0.00000000
4.50286900,0.39370080,0.00000000
4.50327700,0.78740160,0.00000000
4.50368500,0.78740160,0.00000000
4.50409300,0.39370080,0.00000000
4.50450100,0.39370080,0.00000000
4.50490900,0.78740160,-0.07874016
4.50531700,0.39370080,0.00000000
4.50572500,0.39370080,-0.07874016
4.50613300,0.39370080,0.00000000
4.50654100,0.39370080,0.00000000
4.50694900,0.39370080,-0.07874016
4.50735700,0.39370080,-0.07874016
4.50776500,0.39370080,-0.07874016
4.50817300,0.39370080,0.00000000
4.50858100,0.39370080,0.00000000
4.50898900,0.39370080,0.00000000
4.50939700,0.39370080,-0.07874016
4.50980500,0.00000000,0.00000000
4.51021300,0.00000000,0.00000000
4.51062100,0.39370080,0.00000000
4.51102900,0.39370080,0.00000000
4.51143700,0.00000000,0.00000000
4.51184500,0.00000000,-0.07874016
4.51225300,0.00000000,0.00000000
4.51266100,0.00000000,0.00000000
4.51306900,0.00000000,0.00000000
4.51347700,0.39370080,0.00000000
4.51388500,0.00000000,0.00000000
4.51429300,0.00000000,0.00000000
4.51470100,0.00000000,-0.07874016
4.51510900,0.00000000,-0.07874016
4.51551700,0.00000000,0.00000000
4.51592500,0.00000000,0.00000000
4.51633300,0.00000000,0.00000000
4.51674100,0.39370080,0.00000000
4.51714900,0.39370080,0.00000000
4.51755700,0.00000000,0.00000000
4.51796500,0.39370080,0.00000000
4.51837300,0.78740160,0.00000000
4.51878100,0.00000000,0.00000000
4.51918900,0.39370080,0.00000000
4.51959700,0.39370080,0.00000000
4.52000500,0.39370080,-0.07874016
4.52041300,0.00000000,0.00000000
4.52082100,0.39370080,-0.07874016
4.52122900,0.39370080,0.00000000
4.52163700,0.39370080,0.00000000
4.52204500,0.39370080,0.00000000
4.52245300,0.39370080,0.00000000
4.52286100,0.39370080,0.00000000
4.52326900,0.39370080,-0.07874016
4.52367700,0.78740160,-0.07874016
4.52408500,0.39370080,0.00000000
4.52449300,0.39370080,0.00000000
4.52490100,0.78740160,-0.07874016
4.52530900,0.78740160,-0.07874016
4.52571700,0.78740160,0.00000000
4.52612500,0.39370080,-0.07874016
4.52653300,0.78740160,-0.07874016
4.52694100,0.39370080,0.00000000
4.52734900,0.39370080,-0.07874016
4.52775700,0.39370080,0.00000000
4.52816500,0.78740160,-0.07874016
4.52857300,0.39370080,-0.07874016
4.52898100,0.78740160,0.00000000
4.52938900,0.39370080,0.00000000
4.52979700,0.39370080,-0.07874016
4.53020500,0.39370080,-0.07874016
4.53061300,0.78740160,0.00000000
4.53102100,0.39370080,0.00000000
4.53142899,0.39370080,0.00000000
4.53183699,0.39370080,0.00000000
4.53224499,0.39370080,-0.07874016
4.53265299,0.39370080,0.00000000
4.53306099,0.00000000,0.00000000
4.53346899,0.00000000,0.00000000
4.53387699,0.39370080,-0.07874016
4.53428499,0.00000000,0.00000000
4.53469299,0.39370080,-0.07874016
4.53510099,0.39370080,0.00000000
4.53550899,0.00000000,-0.07874016
4.53591699,0.00000000,0.00000000
4.53632499,0.00000000,0.00000000
4.53673299,0.00000000,0.00000000
4.53714099,0.00000000,-0.07874016
4.53754899,0.39370080,0.00000000
4.53795699,0.00000000,0.00000000
4.53836499,0.00000000,0.00000000
4.53877299,0.00000000,0.00000000
4.53918099,0.00000000,0.00000000
4.53958899,0.00000000,0.00000000
4.53999699,0.00000000,0.00000000
4.54040499,0.78740160,-0.07874016
4.54081299,0.00000000,0.00000000
4.54122099,0.00000000,0.00000000
4.54162899,0.00000000,0.00000000
4.54203699,0.00000000,-0.07874016
4.54244499,0.00000000,0.00000000
4.54285299,0.39370080,0.00000000
4.54326099,0.39370080,0.00000000
4.54366899,0.39370080,0.00000000
4.54407699,0.39370080,0.00000000
4.54448499,0.39370080,0.00000000
4.54489299,0.39370080,0.00000000
4.54530099,0.39370080,0.00000000
4.54570899,0.00000000,0.00000000
4.54611699,0.78740160,-0.07874016
4.54652499,0.39370080,0.00000000
4.54693299,0.39370080,-0.07874016
4.54734099,0.00000000,0.00000000
4.54774899,0.39370080,-0.07874016
4.54815699,0.78740160,-0.07874016
4.54856499,0.39370080,0.00000000
4.54897299,0.39370080,0.00000000
4.54938099,0.78740160,0.00000000
4.54978899,0.39370080,0.00000000
4.55019699,0.78740160,0.00000000
4.55060499,0.39370080,-0.07874016
4.55101299,0.39370080,0.00000000
4.55142099,0.78740160,0.00000000
4.55182899,0.39370080,0.00000000
4.55223699,0.78740160,-0.07874016
4.55264499,0.78740160,-0.07874016
4.55305299,0.39370080,0.00000000
4.55346099,0.78740160,-0.07874016
4.55386899,0.39370080,0.00000000
4.55427699,0.39370080,-0.07874016
4.55468499,0.78740160,0.00000000
4.55509299,0.78740160,0.00000000
4.55550099,0.39370080,0.00000000
4.55590899,0.39370080,-0.07874016
4.55631699,0.00000000,0.00000000
4.55672499,0.00000000,0.00000000
4.55713299,0.39370080,-0.07874016
4.55754099,0.39370080,0.00000000
4.55794899,0.39370080,0.00000000
4.55835699,0.00000000,0.00000000
4.55876499,0.39370080,0.00000000
4.55917299,0.39370080,0.00000000
4.55958099,0.00000000,0.00000000
4.55998899,0.39370080,0.00000000
4.56039699,0.39370080,0.00000000
4.56080499,0.00000000,0.00000000
4.56121299,0.39370080,0.00000000
4.56162099,0.00000000,0.00000000
4.56202899,0.39370080,-0.07874016
4.56243699,0.39370080,-0.07874016
4.56284499,0.00000000,0.00000000
4.56325299,0.00000000,-0.07874016
4.56366099,0.39370080,0.00000000
4.56406899,0.39370080,0.00000000
4.56447699,0.00000000,0.00000000
4.56488499,0.39370080,0.00000000
4.56529299,0.39370080,0.00000000
4.56570099,0.39370080,0.00000000
4.56610899,-0.39370080,0.00000000
4.56651699,0.00000000,0.00000000
4.56692499,0.00000000,0.00000000
4.56733299,0.39370080,0.00000000
4.56774099,0.39370080,0.00000000
4.56814899,0.39370080,0.00000000
4.56855699,0.39370080,-0.07874016
4.56896499,0.00000000,0.00000000
4.56937299,0.39370080,0.00000000
4.56978099,0.39370080,0.00000000
4.57018899,0.00000000,0.00000000
4.57059699,0.00000000,-0.07874016
4.57100499,0.39370080,0.00000000
4.57141299,0.39370080,-0.07874016
4.57182099,0.39370080,-0.07874016
4.57222899,0.39370080,0.00000000
4.57263699,0.78740160,0.00000000
4.57304499,0.78740160,0.00000000
4.57345299,0.78740160,0.00000000
4.57386099,0.78740160,0.00000000
4.57426899,0.39370080,0.00000000
4.57467699,0.39370080,-0.07874016
4.57508499,0.78740160,-0.07874016
4.57549299,0.78740160,0.00000000
4.57590099,0.39370080,0.00000000
4.57630899,0.39370080,-0.07874016
4.57671699,0.39370080,0.00000000
4.57712499,0.78740160,-0.07874016
4.57753299,0.78740160,0.00000000
4.57794099,0.39370080,-0.07874016
4.57834899,0.39370080,0.00000000
4.57875699,0.39370080,-0.07874016
4.57916499,0.39370080,0.00000000
4.57957299,0.78740160,-0.07874016
4.57998099,0.39370080,0.00000000
4.58038899,0.00000000,-0.07874016
4.58079699,0.39370080,-0.07874016
4.58120499,0.39370080,0.00000000
4.58161299,0.00000000,0.00000000
4.58202099,0.00000000,-0.07874016
4.58242899,0.00000000,0.00000000
4.58283699,0.00000000,0.00000000
4.58324499,0.39370080,0.00000000
4.58365299,0.39370080,0.00000000
4.58406099,0.39370080,0.00000000
4.58446899,0.39370080,-0.07874016
4.58487699,0.00000000,0.00000000
4.58528499,0.39370080,-0.07874016
4.58569299,0.39370080,0.00000000
4.58610099,0.39370080,0.00000000
4.58650899,0.39370080,0.00000000
4.58691699,0.39370080,0.00000000
4.58732499,0.00000000,0.00000000
4.58773299,0.39370080,0.00000000
4.58814099,0.39370080,0.00000000
4.58854899,0.00000000,0.00000000
4.58895699,0.00000000,0.00000000
4.58936499,0.00000000,0.00000000
4.58977299,0.39370080,0.00000000
4.59018099,0.39370080,0.00000000
4.59058899,0.00000000,0.00000000
4.59099699,0.39370080,0.00000000
4.59140499,0.00000000,0.00000000
4.59181299,0.39370080,0.00000000
4.59222099,0.39370080,0.00000000
4.59262899,0.00000000,0.00000000
4.59303699,0.39370080,0.00000000
4.59344499,0.39370080,0.00000000
4.59385299,0.00000000,0.00000000
4.59426099,0.39370080,0.00000000
4.59466899,0.00000000,0.00000000
4.59507699,0.00000000,0.00000000
4.59548499,0.78740160,0.00000000
4.59589299,0.39370080,0.00000000
4.59630099,0.39370080,0.00000000
4.59670899,0.39370080,0.00000000
4.59711699,0.39370080,0.00000000
4.59752499,0.39370080,0.00000000
4.59793299,0.39370080,0.00000000
4.59834099,0.39370080,0.00000000
4.59874899,0.78740160,0.00000000
4.59915699,0.39370080,0.00000000
4.59956499,0.39370080,-0.07874016
4.59997299,0.39370080,-0.07874016
4.60038099,0.78740160,0.00000000
4.60078899,0.39370080,-0.07874016
4.60119699,0.39370080,0.00000000
4.60160499,0.78740160,0.00000000
4.60201299,0.78740160,0.00000000
4.60242099,0.39370080,-0.07874016
4.60282899,0.39370080,0.00000000
4.60323699,0.78740160,0.00000000
4.60364499,0.39370080,0.00000000
4.60405299,0.39370080,-0.07874016
4.60446099,0.39370080,0.00000000
4.60486899,0.39370080,0.00000000
4.60527699,0.39370080,0.00000000
4.60568499,0.39370080,0.00000000
4.60609299,0.39370080,0.00000000
4.60650099,0.39370080,0.00000000
4.60690899,0.78740160,0.00000000
4.60731699,0.78740160,0.00000000
4.60772499,0.39370080,0.00000000
4.60813299,0.39370080,0.00000000
4.60854099,0.00000000,0.00000000
4.60894899,0.00000000,0.00000000
4.60935699,0.00000000,0.00000000
4.60976499,0.39370080,-0.07874016
4.61017299,0.00000000,-0.07874016
4.61058099,0.39370080,-0.07874016
4.61098899,0.00000000,0.00000000
4.61139699,0.39370080,0.00000000
4.61180499,0.00000000,-0.07874016
4.61221299,0.39370080,-0.07874016
4.61262099,0.00000000,0.00000000
4.61302899,0.00000000,-0.07874016
4.61343699,0.00000000,0.00000000
4.61384499,0.39370080,0.00000000
4.61425299,0.00000000,-0.07874016
4.61466099,0.39370080,0.00000000
4.61506899,0.00000000,0.00000000
4.61547699,0.39370080,-0.07874016
4.61588499,0.00000000,0.00000000
4.61629299,0.00000000,0.00000000
4.61670099,0.00000000,0.00000000
4.61710899,0.39370080,0.00000000
4.61751699,0.00000000,0.00000000
4.61792499,0.39370080,-0.07874016
4.61833299,0.39370080,-0.07874016
4.61874099,0.00000000,0.00000000
4.61914899,0.39370080,0.00000000
4.61955699,0.39370080,-0.07874016
4.61996499,0.39370080,-0.07874016
4.62037299,0.39370080,-0.07874016
4.62078099,0.39370080,-0.07874016
4.62118899,0.78740160,0.00000000
4.62159699,0.39370080,-0.07874016
4.62200499,0.39370080,0.00000000
4.62241299,0.39370080,0.00000000
4.62282099,0.39370080,-0.07874016
4.62322899,0.39370080,0.00000000
4.62363699,0.39370080,0.00000000
4.62404499,0.39370080,0.00000000
4.62445299,0.39370080,-0.07874016
4.62486099,0.39370080,0.00000000
4.62526899,0.78740160,0.00000000
4.62567699,0.39370080,0.00000000
4.62608499,0.39370080,-0.07874016
4.62649299,0.39370080,0.00000000
4.62690099,0.39370080,0.00000000
4.62730899,0.39370080,0.00000000
4.62771699,0.78740160,-0.07874016
4.62812499,0.39370080,0.00000000
4.62853299,0.39370080,0.00000000
4.62894099,0.39370080,0.00000000
4.62934899,0.00000000,-0.07874016
4.62975699,0.78740160,0.00000000
4.63016499,0.39370080,0.00000000
4.63057299,0.39370080,0.00000000
4.63098099,0.39370080,0.00000000
4.63138899,0.39370080,0.00000000
4.63179699,0.39370080,-0.07874016
4.63220499,0.39370080,0.00000000
4.63261299,0.39370080,0.00000000
4.63302099,0.39370080,0.00000000
4.63342899,0.39370080,0.00000000
4.63383699,0.00000000,0.00000000
4.63424499,0.39370080,0.00000000
4.63465299,0.00000000,0.00000000
4.63506099,0.00000000,0.00000000
4.63546899,0.39370080,-0.07874016
4.63587699,0.00000000,-0.07874016
4.63628499,0.39370080,0.00000000
4.63669299,0.39370080,-0.07874016
4.63710099,0.00000000,0.00000000
4.63750899,0.39370080,0.00000000
4.63791699,0.00000000,0.00000000
4.63832499,0.00000000,0.00000000
4.63873299,0.00000000,-0.07874016
4.63914099,0.00000000,0.00000000
4.63954899,0.39370080,0.00000000
4.63995699,0.00000000,0.00000000
4.64036499,0.39370080,0.00000000
4.64077299,0.39370080,0.00000000
4.64118099,-0.39370080,0.00000000
4.64158899,0.00000000,-0.07874016
4.64199699,0.39370080,0.00000000
4.64240499,0.39370080,0.00000000
4.64281299,0.78740160,0.00000000
4.64322099,0.39370080,0.00000000
4.64362899,0.39370080,0.00000000
4.64403699,0.39370080,-0.07874016
4.64444499,0.39370080,0.00000000
4.64485299,0.39370080,-0.07874016
4.64526099,0.39370080,0.00000000
4.64566899,0.00000000,-0.07874016
4.64607699,0.00000000,0.00000000
4.64648499,0.39370080,0.00000000
4.64689299,0.39370080,0.00000000
4.64730099,0.39370080,0.00000000
4.64770899,0.39370080,0.00000000
4.64811699,0.78740160,-0.07874016
4.64852499,0.78740160,0.00000000
4.64893299,0.39370080,0.00000000
4.64934099,0.39370080,0.00000000
4.64974899,0.39370080,0.00000000
4.65015699,0.39370080,0.00000000
4.65056499,0.78740160,-0.07874016
4.65097299,0.39370080,0.00000000
4.65138099,0.39370080,0.00000000
4.65178899,0.39370080,0.00000000
4.65219699,0.39370080,0.00000000
4.65260499,0.39370080,0.00000000
4.65301299,0.78740160,-0.07874016
4.65342099,0.00000000,0.00000000
4.65382899,0.39370080,0.00000000
4.65423699,0.39370080,0.00000000
4.65464499,0.39370080,0.00000000
4.65505299,0.39370080,0.00000000
4.65546099,0.39370080,0.00000000
4.65586899,0.39370080,-0.07874016
4.65627699,0.39370080,0.00000000
4.65668499,0.78740160,0.00000000
4.65709299,0.39370080,-0.07874016
4.65750099,0.39370080,0.00000000
4.65790899,0.78740160,-0.07874016
4.65831699,0.39370080,-0.07874016
4.65872499,0.39370080,-0.07874016
4.65913299,0.00000000,0.00000000
4.65954099,0.39370080,0.00000000
4.65994899,0.39370080,0.00000000
4.66035699,0.39370080,0.00000000
4.66076499,0.39370080,0.00000000
4.66117299,0.39370080,0.00000000
4.66158099,0.00000000,0.00000000
4.66198899,0.00000000,0.00000000
4.66239699,0.39370080,0.00000000
4.66280499,0.39370080,0.00000000
4.66321299,0.00000000,0.00000000
4.66362099,0.39370080,0.00000000
4.66402899,0.00000000,0.00000000
4.66443699,0.00000000,-0.07874016
4.66484499,0.00000000,-0.07874016
4.66525299,0.39370080,0.00000000
4.66566099,0.00000000,-0.07874016
4.66606899,0.39370080,0.00000000
4.66647699,0.00000000,0.00000000
4.66688499,0.00000000,0.00000000
4.66729299,0.00000000,-0.07874016
4.66770099,0.39370080,0.00000000
4.66810899,0.00000000,0.00000000
4.66851699,0.39370080,-0.07874016
4.66892499,0.39370080,0.00000000
4.66933299,0.00000000,-0.07874016
4.66974099,0.39370080,0.00000000
4.67014899,0.39370080,0.00000000
4.67055699,0.39370080,0.00000000
4.67096499,0.39370080,-0.07874016
4.67137299,0.39370080,0.00000000
4.67178099,0.39370080,0.00000000
4.67218899,0.39370080,-0.07874016
4.67259699,0.39370080,0.00000000
4.67300499,0.39370080,0.00000000
4.67341299,0.39370080,-0.07874016
4.67382099,0.39370080,0.00000000
4.67422899,0.39370080,-0.07874016
4.67463699,0.39370080,0.00000000
4.67504499,0.39370080,0.00000000
4.67545299,0.78740160,0.00000000
4.67586099,0.39370080,-0.07874016
4.67626899,0.78740160,0.00000000
4.67667699,0.78740160,-0.07874016
4.67708499,0.78740160,-0.07874016
4.67749299,0.78740160,0.00000000
4.67790099,0.39370080,-0.07874016
4.67830899,0.39370080,0.00000000
4.67871699,0.39370080,0.00000000
4.67912499,0.78740160,-0.07874016
4.67953299,0.39370080,0.00000000
4.67994099,0.39370080,-0.07874016
4.68034899,0.39370080,0.00000000
4.68075699,0.78740160,0.00000000
4.68116499,0.00000000,0.00000000
4.68157299,0.78740160,-0.07874016
4.68198099,0.39370080,0.00000000
4.68238899,0.78740160,-0.07874016
4.68279699,0.39370080,0.00000000
4.68320499,0.39370080,0.00000000
4.68361299,0.39370080,0.00000000
4.68402099,0.00000000,0.00000000
4.68442899,0.39370080,0.00000000
4.68483699,0.39370080,0.00000000
4.68524499,0.39370080,0.00000000
4.68565299,0.39370080,0.00000000
4.68606099,0.00000000,0.00000000
4.68646899,0.39370080,-0.07874016
4.68687699,0.39370080,-0.07874016
4.68728499,0.00000000,-0.07874016
4.68769299,0.39370080,0.00000000
4.68810099,0.00000000,-0.07874016
4.68850899,0.00000000,0.00000000
4.68891699,0.39370080,-0.07874016
4.68932499,0.00000000,-0.07874016
4.68973299,0.00000000,0.00000000
4.69014099,0.39370080,0.00000000
4.69054899,0.00000000,-0.07874016
4.69095699,0.39370080,0.00000000
4.69136499,0.00000000,0.00000000
4.69177299,0.00000000,0.00000000
4.69218099,0.00000000,0.00000000
4.69258899,0.39370080,0.00000000
4.69299699,0.39370080,-0.07874016
4.69340499,0.39370080,0.00000000
4.69381299,0.39370080,-0.07874016
4.69422099,0.39370080,0.00000000
4.69462899,0.39370080,0.00000000
4.69503699,0.39370080,0.00000000
4.69544499,0.39370080,-0.07874016
4.69585299,0.00000000,0.00000000
4.69626099,0.39370080,0.00000000
4.69666899,0.39370080,0.00000000
4.69707699,0.00000000,0.00000000
4.69748499,0.39370080,0.00000000
4.69789299,0.39370080,0.00000000
4.69830099,0.39370080,0.00000000
4.69870899,0.39370080,-0.07874016
4.69911699,0.39370080,0.00000000
4.69952499,0.39370080,-0.07874016
4.69993299,0.00000000,-0.07874016
4.70034099,0.39370080,0.00000000
4.70074899,0.00000000,-0.07874016
4.70115699,0.78740160,0.00000000
4.70156499,0.39370080,-0.07874016
4.70197299,0.39370080,0.00000000
4.70238099,0.00000000,0.00000000
4.70278899,0.39370080,0.00000000
4.70319699,0.39370080,0.00000000
4.70360499,0.78740160,0.00000000
4.70401299,0.39370080,0.00000000
4.70442099,0.39370080,-0.07874016
4.70482899,0.39370080,0.00000000
4.70523699,0.78740160,0.00000000
4.70564499,0.39370080,-0.07874016
4.70605299,0.78740160,-0.07874016
4.70646099,0.00000000,0.00000000
4.70686899,0.39370080,-0.07874016
4.70727699,0.39370080,0.00000000
4.70768499,0.39370080,0.00000000
4.70809298,0.39370080,-0.07874016
4.70850098,0.39370080,-0.07874016
4.70890898,0.39370080,0.00000000
4.70931698,0.39370080,0.00000000
4.70972498,0.00000000,-0.07874016
4.71013298,0.39370080,0.00000000
4.71054098,0.39370080,0.00000000
4.71094898,0.39370080,0.00000000
4.71135698,0.39370080,0.00000000
4.71176498,0.39370080,0.00000000
4.71217298,0.00000000,0.00000000
4.71258098,0.39370080,0.00000000
4.71298898,0.39370080,0.00000000
4.71339698,0.00000000,0.00000000
4.71380498,0.39370080,0.00000000
4.71421298,0.39370080,0.00000000
4.71462098,0.00000000,0.00000000
4.71502898,0.00000000,-0.07874016
4.71543698,0.00000000,0.00000000
4.71584498,0.00000000,-0.07874016
4.71625298,0.39370080,0.00000000
4.71666098,0.39370080,0.00000000
4.71706898,0.00000000,0.00000000
4.71747698,0.00000000,0.00000000
4.71788498,0.39370080,0.00000000
4.71829298,0.00000000,-0.07874016
4.71870098,0.00000000,0.00000000
4.71910898,0.39370080,0.00000000
4.71951698,0.00000000,0.00000000
4.71992498,0.39370080,-0.07874016
4.72033298,0.00000000,0.00000000
4.72074098,0.39370080,-0.07874016
4.72114898,0.39370080,0.00000000
4.72155698,0.00000000,0.00000000
4.72196498,0.39370080,-0.07874016
4.72237298,0.39370080,0.00000000
4.72278098,0.39370080,0.00000000
4.72318898,0.00000000,0.00000000
4.72359698,0.39370080,0.00000000
4.72400498,0.39370080,0.00000000
4.72441298,0.39370080,0.00000000
4.72482098,0.39370080,0.00000000
4.72522898,0.39370080,0.00000000
4.72563698,0.39370080,0.00000000
4.72604498,0.39370080,0.00000000
4.72645298,0.00000000,-0.07874016
4.72686098,0.39370080,0.00000000
4.72726898,0.78740160,0.00000000
4.72767698,0.39370080,-0.07874016
4.72808498,0.39370080,0.00000000
4.72849298,0.39370080,0.00000000
4.72890098,0.39370080,0.00000000
4.72930898,0.39370080,0.00000000
4.72971698,0.78740160,0.00000000
4.73012498,0.78740160,0.00000000
4.73053298,0.39370080,0.00000000
4.73094098,0.39370080,-0.07874016
4.73134898,0.00000000,0.00000000
4.73175698,0.39370080,0.00000000
4.73216498,0.39370080,0.00000000
4.73257298,0.39370080,0.00000000
4.73298098,0.00000000,0.00000000
4.73338898,0.39370080,-0.07874016
4.73379698,0.39370080,0.00000000
4.73420498,0.39370080,0.00000000
4.73461298,0.39370080,-0.07874016
4.73502098,0.39370080,0.00000000
4.73542898,0.39370080,-0.07874016
4.73583698,0.39370080,-0.07874016
4.73624498,0.78740160,0.00000000
4.73665298,0.39370080,0.00000000
4.73706098,0.39370080,0.00000000
4.73746898,0.39370080,0.00000000
4.73787698,0.39370080,0.00000000
4.73828498,0.00000000,0.00000000
4.73869298,0.39370080,0.00000000
4.73910098,0.39370080,0.00000000
4.73950898,0.39370080,0.00000000
4.73991698,0.39370080,0.00000000
4.74032498,0.00000000,-0.07874016
4.74073298,0.00000000,0.00000000
4.74114098,0.39370080,0.00000000
4.74154898,0.39370080,0.00000000
4.74195698,0.39370080,0.00000000
4.74236498,0.00000000,0.00000000
4.74277298,0.39370080,-0.07874016
4.74318098,0.00000000,0.00000000
4.74358898,0.39370080,0.00000000
4.74399698,0.39370080,0.00000000
4.74440498,0.39370080,0.00000000
4.74481298,0.39370080,0.00000000
4.74522098,0.39370080,-0.07874016
4.74562898,0.39370080,0.00000000
4.74603698,0.39370080,0.00000000
4.74644498,0.00000000,-0.07874016
4.74685298,0.39370080,0.00000000
4.74726098,0.39370080,0.00000000
4.74766898,0.78740160,-0.07874016
4.74807698,0.00000000,0.00000000
4.74848498,0.39370080,-0.07874016
4.74889298,0.39370080,-0.07874016
4.74930098,0.00000000,0.00000000
4.74970898,0.39370080,0.00000000
4.75011698,0.39370080,0.00000000
4.75052498,0.78740160,0.00000000
4.75093298,0.39370080,0.00000000
4.75134098,0.39370080,0.00000000
4.75174898,0.39370080,-0.07874016
4.75215698,0.39370080,0.00000000
4.75256498,0.39370080,-0.07874016
4.75297298,0.39370080,0.00000000
4.75338098,0.39370080,-0.07874016
4.75378898,0.39370080,-0.07874016
4.75419698,0.78740160,0.00000000
4.75460498,0.78740160,0.00000000
4.75501298,0.39370080,-0.07874016
4.75542098,0.39370080,0.00000000
4.75582898,0.39370080,0.00000000
4.75623698,0.39370080,0.00000000
4.75664498,0.39370080,0.00000000
4.75705298,0.78740160,0.00000000
4.75746098,0.39370080,-0.07874016
4.75786898,0.39370080,-0.07874016
4.75827698,0.00000000,0.00000000
4.75868498,0.78740160,0.00000000
4.75909298,0.78740160,0.00000000
4.75950098,0.39370080,-0.07874016
4.75990898,0.78740160,0.00000000
4.76031698,0.00000000,0.00000000
4.76072498,0.78740160,0.00000000
4.76113298,0.39370080,0.00000000
4.76154098,0.39370080,0.00000000
4.76194898,0.39370080,0.00000000
4.76235698,0.39370080,-0.07874016
4.76276498,0.39370080,0.00000000
4.76317298,0.39370080,0.00000000
4.76358098,0.00000000,0.00000000
4.76398898,0.78740160,0.00000000
4.76439698,0.78740160,0.00000000
4.76480498,0.00000000,0.00000000
4.76521298,0.39370080,0.00000000
4.76562098,0.39370080,0.00000000
4.76602898,0.39370080,0.00000000
4.76643698,0.00000000,-0.07874016
4.76684498,0.00000000,0.00000000
4.76725298,0.39370080,-0.07874016
4.76766098,0.00000000,0.00000000
4.76806898,0.39370080,0.00000000
4.76847698,0.00000000,0.00000000
4.76888498,0.00000000,0.00000000
4.76929298,0.39370080,0.00000000
4.76970098,0.00000000,-0.07874016
4.77010898,0.00000000,0.00000000
4.77051698,0.39370080,-0.07874016
4.77092498,0.39370080,0.00000000
4.77133298,0.39370080,0.00000000
4.77174098,0.39370080,0.00000000
4.77214898,0.39370080,0.00000000
4.77255698,0.00000000,0.00000000
4.77296498,0.39370080,0.00000000
4.77337298,0.78740160,0.00000000
4.77378098,0.78740160,0.00000000
4.77418898,0.00000000,0.00000000
4.77459698,0.39370080,0.00000000
4.77500498,0.39370080,-0.07874016
4.77541298,0.78740160,0.00000000
4.77582098,0.39370080,0.00000000
4.77622898,0.39370080,0.00000000
4.77663698,0.39370080,0.00000000
4.77704498,0.78740160,0.00000000
4.77745298,0.39370080,0.00000000
4.77786098,0.39370080,0.00000000
4.77826898,0.39370080,0.00000000
4.77867698,0.39370080,-0.07874016
4.77908498,0.39370080,0.00000000
4.77949298,0.00000000,0.00000000
4.77990098,0.39370080,-0.07874016
4.78030898,0.39370080,0.00000000
4.78071698,0.78740160,0.00000000
4.78112498,0.39370080,0.00000000
4.78153298,0.78740160,0.00000000
4.78194098,0.39370080,-0.07874016
4.78234898,0.39370080,0.00000000
4.78275698,0.39370080,-0.07874016
4.78316498,0.39370080,0.00000000
4.78357298,0.39370080,-0.07874016
4.78398098,0.39370080,0.00000000
4.78438898,0.39370080,0.00000000
4.78479698,0.39370080,0.00000000
4.78520498,0.00000000,0.00000000
4.78561298,0.00000000,0.00000000
4.78602098,0.39370080,-0.07874016
4.78642898,0.78740160,0.00000000
4.78683698,0.00000000,-0.07874016
4.78724498,0.39370080,0.00000000
4.78765298,0.39370080,0.00000000
4.78806098,0.39370080,0.00000000
4.78846898,0.39370080,-0.07874016
4.78887698,0.39370080,-0.07874016
4.78928498,0.39370080,-0.07874016
4.78969298,0.39370080,0.00000000
4.79010098,0.00000000,0.00000000
4.79050898,0.78740160,0.00000000
4.79091698,0.00000000,-0.07874016
4.79132498,0.39370080,0.00000000
4.79173298,0.00000000,0.00000000
4.79214098,0.00000000,-0.07874016
4.79254898,0.39370080,0.00000000
4.79295698,0.00000000,0.00000000
4.79336498,0.00000000,-0.07874016
4.79377298,0.00000000,0.00000000
4.79418098,0.00000000,-0.07874016
4.79458898,0.39370080,0.00000000
4.79499698,0.00000000,-0.07874016
4.79540498,0.39370080,0.00000000
4.79581298,0.00000000,-0.07874016
4.79622098,0.00000000,0.00000000
4.79662898,0.00000000,0.00000000
4.79703698,0.39370080,0.00000000
4.79744498,0.39370080,0.00000000
4.79785298,0.39370080,0.00000000
4.79826098,0.00000000,-0.07874016
4.79866898,0.00000000,0.00000000
4.79907698,0.39370080,0.00000000
4.79948498,0.00000000,0.00000000
4.79989298,0.78740160,0.00000000
4.80030098,0.39370080,0.00000000
4.80070898,0.39370080,0.00000000
4.80111698,0.39370080,0.00000000
4.80152498,0.39370080,-0.07874016
4.80193298,0.39370080,0.00000000
4.80234098,0.39370080,0.00000000
4.80274898,0.39370080,0.00000000
4.80315698,0.39370080,0.00000000
4.80356498,0.78740160,-0.07874016
4.80397298,0.39370080,-0.07874016
4.80438098,0.39370080,0.00000000
4.80478898,0.39370080,0.00000000
4.80519698,0.39370080,0.00000000
4.80560498,0.39370080,0.00000000
4.80601298,0.39370080,-0.07874016
4.80642098,0.39370080,-0.07874016
4.80682898,0.39370080,0.00000000
4.80723698,0.39370080,0.00000000
4.80764498,0.78740160,0.00000000
4.80805298,0.78740160,0.00000000
4.80846098,0.39370080,0.00000000
4.80886898,0.39370080,0.00000000
4.80927698,0.39370080,-0.07874016
4.80968498,0.39370080,0.00000000
4.81009298,0.39370080,0.00000000
4.81050098,0.00000000,0.00000000
4.81090898,0.00000000,0.00000000
4.81131698,0.78740160,0.00000000
4.81172498,0.39370080,0.00000000
4.81213298,0.39370080,0.00000000
4.81254098,0.39370080,0.00000000
4.81294898,0.39370080,0.00000000
4.81335698,0.00000000,0.00000000
4.81376498,0.78740160,-0.07874016
4.81417298,0.39370080,0.00000000
4.81458098,0.39370080,0.00000000
4.81498898,0.39370080,-0.07874016
4.81539698,0.00000000,-0.07874016
4.81580498,0.39370080,0.00000000
4.81621298,0.00000000,0.00000000
4.81662098,0.00000000,-0.07874016
4.81702898,0.39370080,0.00000000
4.81743698,0.00000000,0.00000000
4.81784498,0.00000000,-0.07874016
4.81825298,0.39370080,0.00000000
4.81866098,0.00000000,0.00000000
4.81906898,0.00000000,0.00000000
4.81947698,0.00000000,-0.07874016
4.81988498,0.39370080,0.00000000
4.82029298,0.39370080,0.00000000
4.82070098,0.00000000,0.00000000
4.82110898,0.39370080,0.00000000
4.82151698,0.00000000,0.00000000
4.82192498,0.39370080,-0.07874016
4.82233298,0.00000000,-0.07874016
4.82274098,0.39370080,0.00000000
4.82314898,0.39370080,-0.07874016
4.82355698,0.78740160,0.00000000
4.82396498,0.00000000,0.00000000
4.82437298,0.39370080,-0.07874016
4.82478098,0.00000000,-0.07874016
4.82518898,0.39370080,-0.07874016
4.82559698,0.39370080,0.00000000
4.82600498,0.00000000,0.00000000
4.82641298,0.39370080,0.00000000
4.82682098,0.39370080,0.00000000
4.82722898,0.39370080,0.00000000
4.82763698,0.39370080,-0.07874016
4.82804498,0.00000000,0.00000000
4.82845298,0.39370080,0.00000000
4.82886098,0.39370080,0.00000000
4.82926898,0.39370080,0.00000000
4.82967698,0.39370080,0.00000000
4.83008498,0.39370080,-0.07874016
4.83049298,0.39370080,0.00000000
4.83090098,0.39370080,0.00000000
4.83130898,0.39370080,0.00000000
4.83171698,0.78740160,0.00000000
4.83212498,0.39370080,0.00000000
4.83253298,0.78740160,-0.07874016
4.83294098,0.78740160,0.00000000
4.83334898,0.78740160,0.00000000
4.83375698,0.39370080,0.00000000
4.83416498,0.39370080,0.00000000
4.83457298,0.39370080,0.00000000
4.83498098,0.39370080,0.00000000
4.83538898,0.39370080,0.00000000
4.83579698,0.78740160,-0.07874016
4.83620498,0.39370080,0.00000000
4.83661298,0.00000000,-0.07874016
4.83702098,0.39370080,0.00000000
4.83742898,0.39370080,-0.07874016
4.83783698,0.00000000,-0.07874016
4.83824498,0.39370080,0.00000000
4.83865298,0.39370080,0.00000000
4.83906098,0.39370080,-0.07874016
4.83946898,0.39370080,0.00000000
4.83987698,0.39370080,0.00000000
4.84028498,0.39370080,0.00000000
4.84069298,0.00000000,0.00000000
4.84110098,0.00000000,0.00000000
4.84150898,0.39370080,0.00000000
4.84191698,0.39370080,0.00000000
4.84232498,0.39370080,-0.07874016
4.84273298,0.39370080,0.00000000
4.84314098,0.39370080,-0.07874016
4.84354898,0.39370080,0.00000000
4.84395698,0.00000000,-0.07874016
4.84436498,0.39370080,0.00000000
4.84477298,0.00000000,0.00000000
4.84518098,0.39370080,0.00000000
4.84558898,0.00000000,0.00000000
4.84599698,0.00000000,0.00000000
4.84640498,0.39370080,-0.07874016
4.84681298,0.39370080,-0.07874016
4.84722098,0.39370080,0.00000000
4.84762898,0.39370080,0.00000000
4.84803698,0.00000000,0.00000000
4.84844498,0.39370080,-0.07874016
4.84885298,0.39370080,0.00000000
4.84926098,0.39370080,0.00000000
4.84966898,0.39370080,0.00000000
4.85007698,0.39370080,0.00000000
4.85048498,0.39370080,-0.07874016
4.85089298,0.39370080,-0.07874016
4.85130098,0.39370080,0.00000000
4.85170898,0.00000000,-0.07874016
4.85211698,0.39370080,0.00000000
4.85252498,0.39370080,0.00000000
4.85293298,0.39370080,-0.07874016
4.85334098,0.39370080,0.00000000
4.85374898,0.39370080,-0.07874016
4.85415698,0.39370080,0.00000000
4.85456498,0.39370080,0.00000000
4.85497298,0.39370080,0.00000000
4.85538098,0.39370080,-0.07874016
4.85578898,0.78740160,0.00000000
4.85619698,0.78740160,-0.07874016
4.85660498,0.39370080,0.00000000
4.85701298,0.39370080,0.00000000
4.85742098,0.78740160,0.00000000
4.85782898,0.39370080,0.00000000
4.85823698,0.39370080,0.00000000
4.85864498,0.39370080,-0.07874016
4.85905298,0.39370080,0.00000000
4.85946098,0.39370080,0.00000000
4.85986898,0.39370080,-0.07874016
4.86027698,0.39370080,0.00000000
4.86068498,0.00000000,0.00000000
4.86109298,0.39370080,0.00000000
4.86150098,0.00000000,0.00000000
4.86190898,0.39370080,-0.07874016
4.86231698,0.39370080,0.00000000
4.86272498,0.39370080,-0.07874016
4.86313298,0.39370080,-0.07874016
4.86354098,0.39370080,0.00000000
4.86394898,0.39370080,0.00000000
4.86435698,0.39370080,0.00000000
4.86476498,0.39370080,0.00000000
4.86517298,0.00000000,0.00000000
4.86558098,0.39370080,-0.07874016
4.86598898,0.39370080,0.00000000
4.86639698,0.00000000,0.00000000
4.86680498,0.39370080,0.00000000
4.86721298,0.00000000,-0.07874016
4.86762098,0.00000000,-0.07874016
4.86802898,0.39370080,0.00000000
4.86843698,0.39370080,-0.07874016
4.86884498,0.00000000,0.00000000
4.86925298,0.00000000,0.00000000
4.86966098,0.00000000,0.00000000
4.87006898,0.39370080,0.00000000
4.87047698,0.00000000,0.00000000
4.87088498,0.39370080,0.00000000
4.87129298,0.39370080,-0.07874016
4.87170098,0.39370080,-0.07874016
4.87210898,0.39370080,-0.07874016
4.87251698,0.39370080,-0.07874016
4.87292498,0.00000000,-0.07874016
4.87333298,0.39370080,0.00000000
4.87374098,0.00000000,0.00000000
4.87414898,0.39370080,0.00000000
4.87455698,0.39370080,0.00000000
4.87496498,0.39370080,0.00000000
4.87537298,0.00000000,0.00000000
4.87578098,0.00000000,0.00000000
4.87618898,0.39370080,0.00000000
4.87659698,0.78740160,0.00000000
4.87700498,0.39370080,0.00000000
4.87741298,0.39370080,-0.07874016
4.87782098,0.39370080,0.00000000
4.87822898,0.39370080,0.00000000
4.87863698,0.00000000,0.00000000
4.87904498,0.39370080,0.00000000
4.87945298,0.39370080,-0.07874016
4.87986098,0.39370080,0.00000000
4.88026898,0.39370080,0.00000000
4.88067698,0.78740160,0.00000000
4.88108498,0.39370080,0.00000000
4.88149298,0.39370080,-0.07874016
4.88190098,0.39370080,0.00000000
4.88230898,0.39370080,-0.07874016
4.88271698,0.39370080,0.00000000
4.88312498,0.39370080,0.00000000
4.88353298,0.39370080,-0.07874016
4.88394098,0.39370080,-0.07874016
4.88434898,0.39370080,0.00000000
4.88475697,0.39370080,0.00000000
4.88516497,0.39370080,0.00000000
4.88557297,0.00000000,0.00000000
4.88598097,0.39370080,-0.07874016
4.88638897,0.00000000,0.00000000
4.88679697,0.00000000,0.00000000
4.88720497,0.39370080,0.00000000
4.88761297,0.00000000,0.00000000
4.88802097,0.39370080,-0.07874016
4.88842897,0.39370080,0.00000000
4.88883697,0.39370080,0.00000000
4.88924497,0.39370080,0.00000000
4.88965297,0.00000000,0.00000000
4.89006097,0.39370080,0.00000000
4.89046897,0.00000000,0.00000000
4.89087697,0.39370080,0.00000000
4.89128497,0.00000000,0.00000000
4.89169297,0.39370080,0.00000000
4.89210097,0.39370080,0.00000000
4.89250897,0.39370080,0.00000000
4.89291697,0.00000000,-0.07874016
4.89332497,0.00000000,0.00000000
4.89373297,0.39370080,0.00000000
4.89414097,0.39370080,-0.07874016
4.89454897,0.39370080,-0.07874016
4.89495697,0.00000000,0.00000000
4.89536497,0.39370080,0.00000000
4.89577297,0.39370080,-0.07874016
4.89618097,0.00000000,-0.07874016
4.89658897,0.00000000,0.00000000
4.89699697,0.00000000,-0.07874016
4.89740497,0.39370080,0.00000000
4.89781297,0.39370080,-0.07874016
4.89822097,0.00000000,0.00000000
4.89862897,0.39370080,-0.07874016
4.89903697,0.39370080,0.00000000
4.89944497,0.00000000,0.00000000
4.89985297,0.00000000,0.00000000
4.90026097,0.39370080,0.00000000
4.90066897,0.00000000,-0.07874016
4.90107697,0.39370080,-0.07874016
4.90148497,0.39370080,0.00000000
4.90189297,0.39370080,-0.07874016
4.90230097,0.00000000,0.00000000
4.90270897,0.39370080,-0.07874016
4.90311697,0.39370080,-0.07874016
4.90352497,0.39370080,-0.07874016
4.90393297,0.39370080,0.00000000
4.90434097,0.39370080,0.00000000
4.90474897,0.39370080,0.00000000
4.90515697,0.39370080,0.00000000
4.90556497,0.39370080,0.00000000
4.90597297,0.39370080,0.00000000
4.90638097,0.39370080,-0.07874016
4.90678897,0.39370080,0.00000000
4.90719697,0.39370080,0.00000000
4.90760497,0.39370080,-0.07874016
4.90801297,0.39370080,0.00000000
4.90842097,0.39370080,0.00000000
4.90882897,0.00000000,0.00000000
4.90923697,0.39370080,-0.07874016
4.90964497,0.39370080,0.00000000
4.91005297,0.39370080,-0.07874016
4.91046097,0.00000000,0.00000000
4.91086897,0.00000000,0.00000000
4.91127697,0.39370080,0.00000000
4.91168497,0.39370080,0.00000000
4.91209297,0.39370080,0.00000000
4.91250097,0.39370080,0.00000000
4.91290897,0.39370080,0.00000000
4.91331697,0.39370080,0.00000000
4.91372497,0.39370080,0.00000000
4.91413297,0.39370080,-0.07874016
4.91454097,0.00000000,0.00000000
4.91494897,0.39370080,0.00000000
4.91535697,0.00000000,-0.07874016
4.91576497,0.39370080,0.00000000
4.91617297,0.00000000,0.00000000
4.91658097,0.39370080,0.00000000
4.91698897,0.39370080,-0.07874016
4.91739697,0.39370080,0.00000000
4.91780497,0.00000000,-0.07874016
4.91821297,0.39370080,-0.07874016
4.91862097,0.39370080,0.00000000
4.91902897,0.39370080,-0.07874016
4.91943697,0.00000000,0.00000000
4.91984497,0.39370080,0.00000000
4.92025297,0.39370080,0.00000000
4.92066097,0.00000000,-0.07874016
4.92106897,0.39370080,-0.07874016
4.92147697,0.39370080,-0.07874016
4.92188497,0.00000000,-0.07874016
4.92229297,0.39370080,-0.07874016
4.92270097,0.00000000,-0.07874016
4.92310897,0.00000000,0.00000000
4.92351697,0.00000000,0.00000000
4.92392497,0.00000000,0.00000000
4.92433297,0.00000000,0.00000000
4.92474097,0.39370080,-0.07874016
4.92514897,0.39370080,0.00000000
4.92555697,0.39370080,0.00000000
4.92596497,0.00000000,-0.07874016
4.92637297,0.39370080,0.00000000
4.92678097,0.39370080,0.00000000
4.92718897,0.39370080,-0.07874016
4.92759697,0.39370080,0.00000000
4.92800497,0.39370080,0.00000000
4.92841297,0.00000000,0.00000000
4.92882097,0.39370080,0.00000000
4.92922897,0.39370080,0.00000000
4.92963697,0.78740160,-0.07874016
4.93004497,0.39370080,0.00000000
4.93045297,0.39370080,-0.07874016
4.93086097,0.78740160,-0.07874016
4.93126897,0.39370080,0.00000000
4.93167697,0.78740160,0.00000000
4.93208497,0.39370080,0.00000000
4.93249297,0.78740160,0.00000000
4.93290097,0.39370080,0.00000000
4.93330897,0.00000000,0.00000000
4.93371697,0.00000000,0.00000000
4.93412497,0.39370080,0.00000000
4.93453297,0.00000000,-0.07874016
4.93494097,0.00000000,0.00000000
4.93534897,0.39370080,-0.07874016
4.93575697,0.39370080,-0.07874016
4.93616497,0.39370080,0.00000000
4.93657297,0.00000000,0.00000000
4.93698097,0.39370080,0.00000000
4.93738897,0.39370080,-0.07874016
4.93779697,0.39370080,0.00000000
4.93820497,0.39370080,0.00000000
4.93861297,0.00000000,-0.07874016
4.93902097,0.39370080,0.00000000
4.93942897,0.78740160,0.00000000
4.93983697,0.39370080,0.00000000
4.94024497,0.00000000,-0.07874016
4.94065297,0.39370080,0.00000000
4.94106097,0.00000000,-0.07874016
4.94146897,0.00000000,-0.07874016
4.94187697,0.00000000,0.00000000
4.94228497,0.39370080,0.00000000
4.94269297,0.00000000,0.00000000
4.94310097,0.00000000,0.00000000
4.94350897,0.39370080,-0.07874016
4.94391697,0.39370080,0.00000000
4.94432497,0.39370080,-0.07874016
4.94473297,0.39370080,0.00000000
4.94514097,0.39370080,-0.07874016
4.94554897,0.39370080,0.00000000
4.94595697,0.00000000,-0.07874016
4.94636497,0.39370080,-0.07874016
4.94677297,0.78740160,0.00000000
4.94718097,0.39370080,0.00000000
4.94758897,0.00000000,-0.07874016
4.94799697,0.39370080,0.00000000
4.94840497,0.39370080,-0.07874016
4.94881297,0.39370080,0.00000000
4.94922097,0.39370080,-0.07874016
4.94962897,0.39370080,0.00000000
4.95003697,0.00000000,-0.07874016
4.95044497,0.00000000,0.00000000
4.95085297,0.39370080,-0.07874016
4.95126097,0.39370080,0.00000000
4.95166897,0.39370080,-0.07874016
4.95207697,0.39370080,0.00000000
4.95248497,0.39370080,-0.07874016
4.95289297,0.39370080,0.00000000
4.95330097,0.39370080,-0.07874016
4.95370897,0.39370080,0.00000000
4.95411697,0.39370080,0.00000000
4.95452497,0.39370080,0.00000000
4.95493297,0.39370080,0.00000000
4.95534097,0.39370080,-0.07874016
4.95574897,0.39370080,-0.07874016
4.95615697,0.39370080,0.00000000
4.95656497,0.39370080,0.00000000
4.95697297,0.39370080,0.00000000
4.95738097,0.39370080,-0.07874016
4.95778897,0.39370080,0.00000000
4.95819697,0.39370080,0.00000000
4.95860497,0.39370080,0.00000000
4.95901297,0.00000000,-0.07874016
4.95942097,0.39370080,0.00000000
4.95982897,0.39370080,0.00000000
4.96023697,0.39370080,0.00000000
4.96064497,0.39370080,0.00000000
4.96105297,0.39370080,0.00000000
4.96146097,0.00000000,-0.07874016
4.96186897,0.39370080,0.00000000
4.96227697,0.39370080,-0.07874016
4.96268497,0.39370080,0.00000000
4.96309297,0.39370080,0.00000000
4.96350097,0.00000000,0.00000000
4.96390897,0.39370080,0.00000000
4.96431697,0.39370080,0.00000000
4.96472497,0.39370080,0.00000000
4.96513297,0.39370080,0.00000000
4.96554097,0.39370080,-0.07874016
4.96594897,0.00000000,0.00000000
4.96635697,0.39370080,0.00000000
4.96676497,0.39370080,-0.07874016
4.96717297,0.39370080,0.00000000
4.96758097,0.39370080,0.00000000
4.96798897,0.00000000,0.00000000
4.96839697,0.39370080,-0.07874016
4.96880497,0.39370080,0.00000000
4.96921297,0.39370080,0.00000000
4.96962097,0.00000000,-0.07874016
4.97002897,0.00000000,0.00000000
4.97043697,0.39370080,0.00000000
4.97084497,0.39370080,0.00000000
4.97125297,0.39370080,0.00000000
4.97166097,0.00000000,-0.07874016
4.97206897,0.39370080,0.00000000
4.97247697,0.39370080,0.00000000
4.97288497,0.39370080,0.00000000
4.97329297,0.39370080,0.00000000
4.97370097,0.78740160,-0.07874016
4.97410897,0.00000000,0.00000000
4.97451697,0.39370080,-0.07874016
4.97492497,0.00000000,0.00000000
4.97533297,0.39370080,0.00000000
4.97574097,0.39370080,0.00000000
4.97614897,0.39370080,0.00000000
4.97655697,0.00000000,0.00000000
4.97696497,0.39370080,-0.07874016
4.97737297,0.39370080,0.00000000
4.97778097,0.39370080,0.00000000
4.97818897,0.39370080,0.00000000
4.97859697,0.00000000,0.00000000
4.97900497,0.39370080,0.00000000
4.97941297,0.39370080,-0.07874016
4.97982097,0.39370080,0.00000000
4.98022897,0.39370080,0.00000000
4.98063697,0.39370080,0.00000000
4.98104497,0.39370080,0.00000000
4.98145297,0.39370080,0.00000000
4.98186097,0.39370080,-0.07874016
4.98226897,0.39370080,0.00000000
4.98267697,0.39370080,0.00000000
4.98308497,0.39370080,0.00000000
4.98349297,0.39370080,-0.07874016
4.98390097,0.00000000,0.00000000
4.98430897,0.39370080,-0.07874016
4.98471697,0.39370080,0.00000000
4.98512497,0.00000000,0.00000000
4.98553297,0.39370080,0.00000000
4.98594097,0.39370080,-0.07874016
4.98634897,0.39370080,0.00000000
4.98675697,0.78740160,-0.07874016
4.98716497,0.39370080,0.00000000
4.98757297,0.39370080,0.00000000
4.98798097,0.39370080,0.00000000
4.98838897,0.39370080,0.00000000
4.98879697,0.39370080,0.00000000
4.98920497,0.39370080,0.00000000
4.98961297,0.00000000,0.00000000
4.99002097,0.39370080,0.00000000
4.99042897,0.39370080,0.00000000
4.99083697,0.78740160,0.00000000
4.99124497,0.39370080,0.00000000
4.99165297,0.00000000,0.00000000
4.99206097,0.39370080,0.00000000
4.99246897,0.39370080,-0.07874016
4.99287697,0.39370080,0.00000000
4.99328497,0.39370080,0.00000000
4.99369297,0.00000000,0.00000000
4.99410097,0.39370080,-0.07874016
4.99450897,0.39370080,0.00000000
4.99491697,0.00000000,0.00000000
4.99532497,0.39370080,0.00000000
4.99573297,0.00000000,0.00000000
4.99614097,0.39370080,-0.07874016
4.99654897,0.39370080,0.00000000
4.99695697,0.39370080,0.00000000
4.99736497,0.39370080,-0.07874016
4.99777297,0.00000000,0.00000000
4.99818097,0.39370080,-0.07874016
4.99858897,0.39370080,0.00000000
4.99899697,0.39370080,-0.07874016
4.99940497,0.00000000,0.00000000
4.99981297,0.39370080,0.00000000
5.00022097,0.00000000,0.00000000
5.00062897,0.39370080,0.00000000
5.00103697,0.39370080,0.00000000
5.00144497,0.39370080,-0.07874016
5.00185297,0.00000000,0.00000000
5.00226097,0.00000000,-0.07874016
5.00266897,0.39370080,0.00000000
5.00307697,0.39370080,-0.07874016
5.00348497,0.39370080,-0.07874016
5.00389297,0.39370080,0.00000000
5.00430097,0.39370080,0.00000000
5.00470897,0.39370080,0.00000000
5.00511697,0.00000000,-0.07874016
5.00552497,0.39370080,0.00000000
5.00593297,0.78740160,0.00000000
5.00634097,0.39370080,-0.07874016
5.00674897,0.78740160,0.00000000
5.00715697,0.78740160,0.00000000
5.00756497,0.00000000,-0.07874016
5.00797297,0.39370080,0.00000000
5.00838097,0.39370080,0.00000000
5.00878897,0.39370080,0.00000000
5.00919697,0.39370080,0.00000000
5.00960497,0.39370080,0.00000000
5.01001297,0.39370080,0.00000000
5.01042097,0.39370080,0.00000000
5.01082897,0.00000000,-0.07874016
5.01123697,0.39370080,0.00000000
5.01164497,0.39370080,0.00000000
5.01205297,0.39370080,0.00000000
5.01246097,0.39370080,0.00000000
5.01286897,0.00000000,-0.07874016
5.01327697,0.39370080,0.00000000
5.01368497,0.39370080,0.00000000
5.01409297,0.39370080,0.00000000
5.01450097,0.39370080,0.00000000
5.01490897,0.00000000,-0.07874016
5.01531697,0.39370080,-0.07874016
5.01572497,0.39370080,-0.07874016
5.01613297,0.39370080,0.00000000
5.01654097,0.00000000,-0.07874016
5.01694897,0.39370080,0.00000000
5.01735697,0.00000000,0.00000000
5.01776497,0.39370080,0.00000000
5.01817297,0.00000000,0.00000000
5.01858097,0.39370080,0.00000000
5.01898897,0.39370080,0.00000000
5.01939697,0.00000000,0.00000000
5.01980497,0.39370080,-0.07874016
5.02021297,0.39370080,0.00000000
5.02062097,0.00000000,0.00000000
5.02102897,0.39370080,0.00000000
5.02143697,0.39370080,0.00000000
5.02184497,0.39370080,0.00000000
5.02225297,0.39370080,0.00000000
5.02266097,0.00000000,-0.07874016
5.02306897,0.39370080,-0.07874016
5.02347697,0.39370080,0.00000000
5.02388497,0.00000000,0.00000000
5.02429297,0.00000000,0.00000000
5.02470097,0.00000000,0.00000000
5.02510897,0.00000000,-0.07874016
5.02551697,0.00000000,0.00000000
5.02592497,0.39370080,0.00000000
5.02633297,0.00000000,0.00000000
5.02674097,0.39370080,0.00000000
5.02714897,0.39370080,0.00000000
5.02755697,0.78740160,-0.07874016
5.02796497,0.39370080,0.00000000
5.02837297,0.39370080,0.00000000
5.02878097,0.00000000,0.00000000
5.02918897,0.39370080,-0.07874016
5.02959697,0.39370080,0.00000000
5.03000497,0.39370080,0.00000000
5.03041297,0.00000000,-0.07874016
5.03082097,0.39370080,0.00000000
5.03122897,0.39370080,0.00000000
5.03163697,0.39370080,0.00000000
5.03204497,0.39370080,0.00000000
5.03245297,0.39370080,-0.07874016
5.03286097,0.00000000,0.00000000
5.03326897,0.39370080,0.00000000
5.03367697,0.39370080,0.00000000
5.03408497,0.39370080,-0.07874016
5.03449297,0.39370080,0.00000000
5.03490097,0.39370080,0.00000000
5.03530897,0.39370080,0.00000000
5.03571697,0.39370080,-0.07874016
5.03612497,0.39370080,-0.07874016
5.03653297,0.39370080,0.00000000
5.03694097,0.00000000,0.00000000
5.03734897,0.39370080,0.00000000
5.03775697,0.00000000,0.00000000
5.03816497,0.39370080,-0.07874016
5.03857297,0.39370080,0.00000000
5.03898097,0.39370080,0.00000000
5.03938897,0.39370080,-0.07874016
5.03979697,0.39370080,0.00000000
5.04020497,0.00000000,0.00000000
5.04061297,0.39370080,-0.07874016
5.04102097,0.00000000,0.00000000
5.04142897,0.39370080,0.00000000
5.04183697,0.78740160,-0.07874016
5.04224497,0.39370080,-0.07874016
5.04265297,0.39370080,0.00000000
5.04306097,0.39370080,0.00000000
5.04346897,0.39370080,0.00000000
5.04387697,0.39370080,0.00000000
5.04428497,0.39370080,0.00000000
5.04469297,0.39370080,0.00000000
5.04510097,0.39370080,-0.07874016
5.04550897,0.00000000,0.00000000
5.04591697,0.39370080,0.00000000
5.04632497,0.00000000,0.00000000
5.04673297,0.39370080,0.00000000
5.04714097,0.39370080,0.00000000
5.04754897,0.00000000,0.00000000
5.04795697,0.39370080,0.00000000
5.04836497,0.00000000,0.00000000
5.04877297,0.00000000,0.00000000
5.04918097,0.00000000,0.00000000
5.04958897,0.00000000,0.00000000
5.04999697,0.39370080,0.00000000
5.05040497,0.78740160,-0.07874016
5.05081297,0.39370080,0.00000000
5.05122097,0.78740160,-0.07874016
5.05162897,0.39370080,0.00000000
5.05203697,0.39370080,0.00000000
5.05244497,0.39370080,0.00000000
5.05285297,0.00000000,0.00000000
5.05326097,0.39370080,0.00000000
5.05366897,0.39370080,0.00000000
5.05407697,0.39370080,0.00000000
5.05448497,0.39370080,0.00000000
5.05489297,0.00000000,-0.07874016
5.05530097,0.78740160,-0.07874016
5.05570897,0.39370080,0.00000000
5.05611697,0.39370080,0.00000000
5.05652497,0.39370080,0.00000000
5.05693297,0.39370080,-0.07874016
5.05734097,0.78740160,0.00000000
5.05774897,0.39370080,0.00000000
5.05815697,0.78740160,-0.07874016
5.05856497,0.39370080,0.00000000
5.05897297,0.78740160,0.00000000
5.05938097,0.00000000,-0.07874016
5.05978897,0.78740160,0.00000000
5.06019697,0.39370080,-0.07874016
5.06060497,0.39370080,0.00000000
5.06101297,0.39370080,0.00000000
5.06142096,0.39370080,0.00000000
5.06182896,0.78740160,-0.07874016
5.06223696,0.39370080,0.00000000
5.06264496,0.39370080,0.00000000
5.06305296,0.39370080,0.00000000
5.06346096,0.39370080,-0.07874016
5.06386896,0.39370080,0.00000000
5.06427696,0.39370080,0.00000000
5.06468496,0.39370080,0.00000000
5.06509296,0.00000000,-0.07874016
5.06550096,0.39370080,-0.07874016
5.06590896,0.00000000,-0.07874016
5.06631696,0.00000000,0.00000000
5.06672496,0.39370080,-0.07874016
5.06713296,0.39370080,0.00000000
5.06754096,0.39370080,0.00000000
5.06794896,0.39370080,-0.07874016
5.06835696,0.39370080,0.00000000
5.06876496,0.00000000,0.00000000
5.06917296,0.78740160,0.00000000
5.06958096,0.00000000,0.00000000
5.06998896,0.78740160,0.00000000
5.07039696,0.00000000,0.00000000
5.07080496,0.39370080,0.00000000
5.07121296,0.00000000,0.00000000
5.07162096,0.39370080,0.00000000
5.07202896,0.00000000,0.00000000
5.07243696,0.00000000,-0.07874016
5.07284496,0.00000000,0.00000000
5.07325296,0.39370080,-0.07874016
5.07366096,0.39370080,0.00000000
5.07406896,0.39370080,-0.07874016
5.07447696,0.39370080,0.00000000
5.07488496,0.00000000,0.00000000
5.07529296,0.39370080,0.00000000
5.07570096,0.39370080,0.00000000
5.07610896,0.39370080,0.00000000
5.07651696,0.39370080,0.00000000
5.07692496,0.39370080,0.00000000
5.07733296,0.39370080,0.00000000
5.07774096,0.39370080,0.00000000
5.07814896,0.39370080,0.00000000
5.07855696,0.00000000,-0.07874016
5.07896496,0.00000000,0.00000000
5.07937296,0.39370080,-0.07874016
5.07978096,0.39370080,0.00000000
5.08018896,0.39370080,-0.07874016
5.08059696,0.00000000,0.00000000
5.08100496,0.39370080,0.00000000
5.08141296,0.39370080,-0.07874016
5.08182096,0.39370080,-0.07874016
5.08222896,0.78740160,-0.07874016
5.08263696,0.39370080,0.00000000
5.08304496,0.78740160,0.00000000
5.08345296,0.39370080,0.00000000
5.08386096,0.39370080,-0.07874016
5.08426896,0.39370080,0.00000000
5.08467696,0.39370080,-0.07874016
5.08508496,0.39370080,0.00000000
5.08549296,0.39370080,0.00000000
5.08590096,0.39370080,-0.07874016
5.08630896,0.39370080,-0.07874016
5.08671696,0.39370080,0.00000000
5.08712496,0.39370080,0.00000000
5.08753296,0.39370080,0.00000000
5.08794096,0.39370080,0.00000000
5.08834896,0.39370080,0.00000000
5.08875696,0.39370080,-0.07874016
5.08916496,0.39370080,-0.07874016
5.08957296,0.39370080,-0.07874016
5.08998096,0.78740160,0.00000000
5.09038896,0.39370080,0.00000000
5.09079696,0.00000000,0.00000000
5.09120496,0.39370080,-0.07874016
5.09161296,0.00000000,0.00000000
5.09202096,0.00000000,-0.07874016
5.09242896,0.39370080,0.00000000
5.09283696,0.39370080,0.00000000
5.09324496,0.39370080,0.00000000
5.09365296,0.39370080,-0.07874016
5.09406096,0.00000000,-0.07874016
5.09446896,0.78740160,-0.07874016
5.09487696,0.78740160,0.00000000
5.09528496,0.00000000,0.00000000
5.09569296,0.39370080,0.00000000
5.09610096,0.00000000,-0.07874016
5.09650896,0.00000000,0.00000000
5.09691696,0.39370080,0.00000000
5.09732496,0.39370080,-0.07874016
5.09773296,0.78740160,0.00000000
5.09814096,0.39370080,0.00000000
5.09854896,0.00000000,0.00000000
5.09895696,0.39370080,0.00000000
5.09936496,0.39370080,0.00000000
5.09977296,0.39370080,0.00000000
5.10018096,0.00000000,0.00000000
5.10058896,0.39370080,0.00000000
5.10099696,0.39370080,0.00000000
5.10140496,0.39370080,0.00000000
5.10181296,0.39370080,-0.07874016
5.10222096,0.39370080,0.00000000
5.10262896,0.00000000,0.00000000
5.10303696,0.39370080,-0.07874016
5.10344496,0.39370080,-0.07874016
5.10385296,0.00000000,0.00000000
5.10426096,0.39370080,0.00000000
5.10466896,0.39370080,-0.07874016
5.10507696,0.39370080,0.00000000
5.10548496,0.39370080,0.00000000
5.10589296,0.39370080,-0.07874016
5.10630096,0.39370080,0.00000000
5.10670896,0.39370080,0.00000000
5.10711696,0.00000000,0.00000000
5.10752496,0.39370080,0.00000000
5.10793296,0.39370080,0.00000000
5.10834096,0.39370080,0.00000000
5.10874896,0.39370080,0.00000000
5.10915696,0.39370080,0.00000000
5.10956496,0.39370080,0.00000000
5.10997296,0.78740160,-0.07874016
5.11038096,0.00000000,0.00000000
5.11078896,0.78740160,0.00000000
5.11119696,0.39370080,-0.07874016
5.11160496,0.78740160,-0.07874016
5.11201296,0.39370080,0.00000000
5.11242096,0.39370080,-0.07874016
5.11282896,0.39370080,-0.07874016
5.11323696,0.39370080,-0.07874016
5.11364496,0.39370080,-0.07874016
5.11405296,0.39370080,0.00000000
5.11446096,0.39370080,0.00000000
5.11486896,0.78740160,0.00000000
5.11527696,0.39370080,0.00000000
5.11568496,0.00000000,0.00000000
5.11609296,0.39370080,0.00000000
5.11650096,0.39370080,0.00000000
5.11690896,0.00000000,0.00000000
5.11731696,0.39370080,-0.07874016
5.11772496,0.00000000,0.00000000
5.11813296,0.39370080,0.00000000
5.11854096,0.39370080,0.00000000
5.11894896,0.39370080,0.00000000
5.11935696,0.39370080,0.00000000
5.11976496,0.39370080,0.00000000
5.12017296,0.39370080,0.00000000
5.12058096,0.39370080,0.00000000
5.12098896,0.00000000,0.00000000
5.12139696,0.39370080,-0.07874016
5.12180496,0.00000000,0.00000000
5.12221296,0.00000000,-0.07874016
5.12262096,0.39370080,-0.07874016
5.12302896,0.78740160,0.00000000
5.12343696,0.00000000,0.00000000
5.12384496,0.39370080,-0.07874016
5.12425296,0.00000000,-0.07874016
5.12466096,0.39370080,0.00000000
5.12506896,0.39370080,-0.07874016
5.12547696,0.00000000,-0.07874016
5.12588496,0.39370080,0.00000000
5.12629296,0.00000000,0.00000000
5.12670096,0.39370080,0.00000000
5.12710896,0.39370080,0.00000000
5.12751696,0.00000000,0.00000000
5.12792496,0.39370080,0.00000000
5.12833296,0.39370080,0.00000000
5.12874096,0.39370080,-0.07874016
5.12914896,0.39370080,0.00000000
5.12955696,0.39370080,0.00000000
5.12996496,0.00000000,0.00000000
5.13037296,0.39370080,0.00000000
5.13078096,0.39370080,0.00000000
5.13118896,0.39370080,0.00000000
5.13159696,0.39370080,0.00000000
5.13200496,0.39370080,0.00000000
5.13241296,0.00000000,0.00000000
5.13282096,0.00000000,-0.07874016
5.13322896,0.00000000,0.00000000
5.13363696,0.39370080,-0.07874016
5.13404496,0.39370080,0.00000000
5.13445296,0.78740160,0.00000000
5.13486096,0.39370080,0.00000000
5.13526896,0.39370080,-0.07874016
5.13567696,0.39370080,0.00000000
5.13608496,0.39370080,0.00000000
5.13649296,0.39370080,0.00000000
5.13690096,0.39370080,-0.07874016
5.13730896,0.00000000,0.00000000
5.13771696,0.78740160,0.00000000
5.13812496,0.39370080,0.00000000
5.13853296,0.39370080,-0.07874016
5.13894096,0.39370080,0.00000000
5.13934896,0.39370080,0.00000000
5.13975696,0.00000000,0.00000000
5.14016496,0.78740160,-0.07874016
5.14057296,0.39370080,0.00000000
5.14098096,0.39370080,0.00000000
5.14138896,0.39370080,0.00000000
5.14179696,0.39370080,0.00000000
5.14220496,0.39370080,0.00000000
5.14261296,0.39370080,0.00000000
5.14302096,0.39370080,-0.07874016
5.14342896,0.39370080,0.00000000
5.14383696,0.00000000,0.00000000
5.14424496,0.78740160,-0.07874016
5.14465296,0.39370080,0.00000000
5.14506096,0.00000000,-0.07874016
5.14546896,0.39370080,0.00000000
5.14587696,0.39370080,-0.07874016
5.14628496,0.00000000,0.00000000
5.14669296,0.39370080,0.00000000
5.14710096,0.00000000,0.00000000
5.14750896,0.39370080,-0.07874016
5.14791696,0.00000000,0.00000000
5.14832496,0.39370080,0.00000000
5.14873296,0.39370080,0.00000000
5.14914096,0.00000000,0.00000000
5.14954896,0.00000000,0.00000000
5.14995696,0.39370080,-0.07874016
5.15036496,0.00000000,0.00000000
5.15077296,0.39370080,0.00000000
5.15118096,0.39370080,0.00000000
5.15158896,0.39370080,-0.07874016
5.15199696,0.00000000,0.00000000
5.15240496,0.00000000,-0.07874016
5.15281296,0.00000000,-0.07874016
5.15322096,0.39370080,0.00000000
5.15362896,0.39370080,-0.07874016
5.15403696,0.39370080,0.00000000
5.15444496,0.00000000,0.00000000
5.15485296,0.00000000,-0.07874016
5.15526096,0.39370080,0.00000000
5.15566896,0.39370080,0.00000000
5.15607696,0.00000000,0.00000000
5.15648496,0.39370080,0.00000000
5.15689296,0.39370080,0.00000000
5.15730096,0.39370080,0.00000000
5.15770896,0.00000000,0.00000000
5.15811696,0.00000000,-0.07874016
5.15852496,0.78740160,0.00000000
5.15893296,0.39370080,0.00000000
5.15934096,0.39370080,0.00000000
5.15974896,0.39370080,0.00000000
5.16015696,0.39370080,-0.07874016
5.16056496,0.39370080,-0.07874016
5.16097296,0.78740160,-0.07874016
5.16138096,0.39370080,0.00000000
5.16178896,0.39370080,0.00000000
5.16219696,0.78740160,-0.07874016
5.16260496,0.39370080,-0.07874016
5.16301296,0.39370080,0.00000000
5.16342096,0.39370080,-0.07874016
5.16382896,0.39370080,0.00000000
5.16423696,0.39370080,-0.07874016
5.16464496,0.00000000,0.00000000
5.16505296,0.39370080,0.00000000
5.16546096,0.39370080,0.00000000
5.16586896,0.00000000,0.00000000
5.16627696,0.39370080,-0.07874016
5.16668496,0.39370080,0.00000000
5.16709296,0.00000000,-0.07874016
5.16750096,0.39370080,0.00000000
5.16790896,0.39370080,-0.07874016
5.16831696,0.00000000,-0.07874016
5.16872496,0.39370080,0.00000000
5.16913296,0.00000000,0.00000000
5.16954096,0.39370080,0.00000000
5.16994896,0.39370080,-0.07874016
5.17035696,0.39370080,0.00000000
5.17076496,0.39370080,0.00000000
5.17117296,0.39370080,0.00000000
5.17158096,0.00000000,-0.07874016
5.17198896,0.39370080,-0.07874016
5.17239696,0.00000000,0.00000000
5.17280496,0.00000000,0.00000000
5.17321296,0.39370080,0.00000000
5.17362096,0.39370080,0.00000000
5.17402896,0.39370080,-0.07874016
5.17443696,0.39370080,-0.07874016
5.17484496,0.00000000,0.00000000
5.17525296,0.39370080,0.00000000
5.17566096,0.39370080,0.00000000
5.17606896,0.39370080,0.00000000
5.17647696,0.39370080,0.00000000
5.17688496,0.39370080,0.00000000
5.17729296,0.39370080,0.00000000
5.17770096,0.39370080,0.00000000
5.17810896,0.00000000,0.00000000
5.17851696,0.39370080,0.00000000
5.17892496,0.39370080,0.00000000
5.17933296,0.78740160,0.00000000
5.17974096,0.00000000,-0.07874016
5.18014896,0.39370080,0.00000000
5.18055696,0.39370080,-0.07874016
5.18096496,0.78740160,-0.07874016
5.18137296,0.39370080,-0.07874016
5.18178096,0.39370080,-0.07874016
5.18218896,0.39370080,0.00000000
5.18259696,0.78740160,0.00000000
5.18300496,0.39370080,0.00000000
5.18341296,0.39370080,-0.07874016
5.18382096,0.39370080,0.00000000
5.18422896,0.39370080,0.00000000
5.18463696,0.00000000,0.00000000
5.18504496,0.78740160,0.00000000
5.18545296,0.39370080,-0.07874016
5.18586096,0.39370080,0.00000000
5.18626896,0.78740160,0.00000000
5.18667696,0.78740160,0.00000000
5.18708496,0.00000000,0.00000000
5.18749296,0.39370080,0.00000000
5.18790096,0.39370080,0.00000000
5.18830896,0.39370080,0.00000000
5.18871696,0.39370080,-0.07874016
5.18912496,0.39370080,0.00000000
5.18953296,0.39370080,0.00000000
5.18994096,0.39370080,0.00000000
5.19034896,0.39370080,0.00000000
5.19075696,0.39370080,0.00000000
5.19116496,0.00000000,0.00000000
5.19157296,0.39370080,-0.07874016
5.19198096,0.39370080,0.00000000
5.19238896,0.39370080,-0.07874016
5.19279696,0.39370080,0.00000000
5.19320496,0.39370080,0.00000000
5.19361296,0.39370080,0.00000000
5.19402096,0.39370080,-0.07874016
5.19442896,0.00000000,0.00000000
5.19483696,0.00000000,-0.07874016
5.19524496,0.39370080,0.00000000
5.19565296,0.39370080,-0.07874016
5.19606096,0.39370080,0.00000000
5.19646896,0.00000000,0.00000000
5.19687696,0.39370080,0.00000000
5.19728496,0.39370080,0.00000000
5.19769296,0.00000000,0.00000000
5.19810096,0.39370080,-0.07874016
5.19850896,0.00000000,0.00000000
5.19891696,0.39370080,0.00000000
5.19932496,0.39370080,0.00000000
5.19973296,0.00000000,0.00000000
5.20014096,0.39370080,0.00000000
5.20054896,0.00000000,0.00000000
5.20095696,0.39370080,0.00000000
5.20136496,0.39370080,0.00000000
5.20177296,0.00000000,-0.07874016
5.20218096,0.39370080,0.00000000
5.20258896,0.39370080,0.00000000
5.20299696,0.39370080,-0.07874016
5.20340496,0.39370080,0.00000000
5.20381296,0.39370080,0.00000000
5.20422096,0.39370080,0.00000000
5.20462896,0.39370080,0.00000000
5.20503696,0.39370080,0.00000000
5.20544496,0.00000000,-0.07874016
5.20585296,0.00000000,0.00000000
5.20626096,0.39370080,0.00000000
5.20666896,0.39370080,0.00000000
5.20707696,0.78740160,0.00000000
5.20748496,0.39370080,0.00000000
5.20789296,0.39370080,0.00000000
5.20830096,0.39370080,0.00000000
5.20870896,0.39370080,0.00000000
5.20911696,0.00000000,0.00000000
5.20952496,0.39370080,0.00000000
5.20993296,0.39370080,0.00000000
5.21034096,0.39370080,0.00000000
5.21074896,0.00000000,0.00000000
5.21115696,0.78740160,0.00000000
5.21156496,0.78740160,0.00000000
5.21197296,0.39370080,-0.07874016
5.21238096,0.39370080,0.00000000
5.21278896,0.39370080,0.00000000
5.21319696,0.39370080,0.00000000
5.21360496,0.39370080,-0.07874016
5.21401296,0.39370080,0.00000000
5.21442096,0.39370080,-0.07874016
5.21482896,0.39370080,0.00000000
5.21523696,0.78740160,0.00000000
5.21564496,0.00000000,0.00000000
5.21605296,0.39370080,0.00000000
5.21646096,0.00000000,0.00000000
5.21686896,0.39370080,0.00000000
5.21727696,0.00000000,0.00000000
5.21768496,0.39370080,0.00000000
5.21809296,0.00000000,0.00000000
5.21850096,0.39370080,0.00000000
5.21890896,0.39370080,0.00000000
5.21931696,0.00000000,-0.07874016
5.21972496,0.39370080,0.00000000
5.22013296,0.39370080,0.00000000
5.22054096,0.78740160,0.00000000
5.22094896,0.39370080,0.00000000
5.22135696,0.39370080,0.00000000
5.22176496,0.78740160,-0.07874016
5.22217296,0.39370080,0.00000000
5.22258096,0.00000000,0.00000000
5.22298896,0.00000000,0.00000000
5.22339696,0.39370080,0.00000000
5.22380496,0.39370080,0.00000000
5.22421296,0.39370080,0.00000000
5.22462096,0.00000000,0.00000000
5.22502896,0.78740160,0.00000000
5.22543696,0.39370080,0.00000000
5.22584496,0.39370080,0.00000000
5.22625296,0.00000000,0.00000000
5.22666096,0.39370080,0.00000000
5.22706896,0.39370080,0.00000000
5.22747696,0.39370080,0.00000000
5.22788496,0.00000000,-0.07874016
5.22829296,0.00000000,0.00000000
5.22870096,0.39370080,0.00000000
5.22910896,0.00000000,0.00000000
5.22951696,0.39370080,-0.07874016
5.22992496,0.39370080,0.00000000
5.23033296,0.00000000,0.00000000
5.23074096,0.78740160,0.00000000
5.23114896,0.00000000,0.00000000
5.23155696,0.39370080,-0.07874016
5.23196496,0.00000000,-0.07874016
5.23237296,0.39370080,0.00000000
5.23278096,0.39370080,0.00000000
5.23318896,0.39370080,0.00000000
5.23359696,0.00000000,0.00000000
5.23400496,0.00000000,0.00000000
5.23441296,0.00000000,0.00000000
5.23482096,0.39370080,0.00000000
5.23522896,0.78740160,0.00000000
5.23563696,0.00000000,0.00000000
5.23604496,0.39370080,0.00000000
5.23645296,0.39370080,0.00000000
5.23686096,0.39370080,0.00000000
5.23726896,0.39370080,0.00000000
5.23767696,0.39370080,0.00000000
5.23808495,0.00000000,-0.07874016
5.23849295,0.39370080,0.00000000
5.23890095,0.39370080,0.00000000
5.23930895,0.78740160,-0.07874016
5.23971695,0.39370080,0.00000000
5.24012495,0.00000000,0.00000000
5.24053295,0.39370080,0.00000000
5.24094095,0.39370080,0.00000000
5.24134895,0.39370080,-0.07874016
5.24175695,0.00000000,0.00000000
5.24216495,0.39370080,0.00000000
5.24257295,0.39370080,0.00000000
5.24298095,0.39370080,-0.07874016
5.24338895,0.39370080,-0.07874016
5.24379695,0.00000000,0.00000000
5.24420495,0.39370080,0.00000000
5.24461295,0.39370080,0.00000000
5.24502095,0.39370080,0.00000000
5.24542895,0.39370080,-0.07874016
5.24583695,0.00000000,0.00000000
5.24624495,0.39370080,0.00000000
5.24665295,0.39370080,0.00000000
5.24706095,0.39370080,-0.07874016
5.24746895,0.00000000,0.00000000
5.24787695,0.39370080,0.00000000
5.24828495,0.39370080,-0.07874016
5.24869295,0.39370080,0.00000000
5.24910095,0.00000000,0.00000000
5.24950895,0.39370080,-0.07874016
5.24991695,0.00000000,0.00000000
5.25032495,0.39370080,-0.07874016
5.25073295,0.00000000,0.00000000
5.25114095,0.39370080,0.00000000
5.25154895,0.78740160,0.00000000
5.25195695,0.39370080,0.00000000
5.25236495,0.00000000,0.00000000
5.25277295,0.39370080,-0.07874016
5.25318095,0.00000000,0.00000000
5.25358895,0.00000000,0.00000000
5.25399695,0.39370080,0.00000000
5.25440495,0.39370080,0.00000000
5.25481295,0.00000000,0.00000000
5.25522095,0.39370080,-0.07874016
5.25562895,0.00000000,0.00000000
5.25603695,0.00000000,0.00000000
5.25644495,0.39370080,0.00000000
5.25685295,0.39370080,0.00000000
5.25726095,0.39370080,0.00000000
5.25766895,0.39370080,-0.07874016
5.25807695,0.39370080,0.00000000
5.25848495,0.39370080,-0.07874016
5.25889295,0.39370080,0.00000000
5.25930095,0.39370080,0.00000000
5.25970895,0.39370080,0.00000000
5.26011695,0.39370080,-0.07874016
5.26052495,0.39370080,0.00000000
5.26093295,0.39370080,0.00000000
5.26134095,0.00000000,0.00000000
5.26174895,0.39370080,-0.07874016
5.26215695,0.39370080,0.00000000
5.26256495,0.39370080,0.00000000
5.26297295,0.39370080,-0.07874016
5.26338095,0.00000000,-0.07874016
5.26378895,0.39370080,0.00000000
5.26419695,0.00000000,0.00000000
5.26460495,0.39370080,0.00000000
5.26501295,0.78740160,0.00000000
5.26542095,0.00000000,0.00000000
5.26582895,0.39370080,0.00000000
5.26623695,0.39370080,0.00000000
5.26664495,0.39370080,0.00000000
5.26705295,0.39370080,-0.07874016
5.26746095,0.00000000,0.00000000
5.26786895,0.39370080,-0.07874016
5.26827695,0.39370080,0.00000000
5.26868495,0.00000000,-0.07874016
5.26909295,0.00000000,-0.07874016
5.26950095,0.39370080,0.00000000
5.26990895,0.39370080,0.00000000
5.27031695,0.39370080,0.00000000
5.27072495,0.39370080,0.00000000
5.27113295,0.00000000,0.00000000
5.27154095,0.39370080,-0.07874016
5.27194895,0.39370080,0.00000000
5.27235695,0.00000000,-0.07874016
5.27276495,0.39370080,0.00000000
5.27317295,0.39370080,0.00000000
5.27358095,0.39370080,0.00000000
5.27398895,0.39370080,0.00000000
5.27439695,0.39370080,0.00000000
5.27480495,0.00000000,0.00000000
5.27521295,0.39370080,0.00000000
5.27562095,0.39370080,0.00000000
5.27602895,0.39370080,0.00000000
5.27643695,0.00000000,-0.07874016
5.27684495,0.00000000,0.00000000
5.27725295,0.39370080,0.00000000
5.27766095,0.39370080,0.00000000
5.27806895,0.39370080,0.00000000
5.27847695,0.39370080,0.00000000
5.27888495,0.39370080,0.00000000
5.27929295,0.39370080,0.00000000
5.27970095,0.39370080,0.00000000
5.28010895,0.00000000,0.00000000
5.28051695,0.39370080,-0.07874016
5.28092495,0.00000000,0.00000000
5.28133295,0.00000000,-0.07874016
5.28174095,0.39370080,0.00000000
5.28214895,0.78740160,0.00000000
5.28255695,0.00000000,0.00000000
5.28296495,0.39370080,-0.07874016
5.28337295,0.39370080,0.00000000
5.28378095,0.39370080,0.00000000
5.28418895,0.39370080,0.00000000
5.28459695,0.39370080,-0.07874016
5.28500495,0.39370080,0.00000000
5.28541295,0.39370080,0.00000000
5.28582095,0.00000000,0.00000000
5.28622895,0.39370080,0.00000000
5.28663695,0.39370080,0.00000000
5.28704495,0.39370080,0.00000000
5.28745295,0.39370080,0.00000000
5.28786095,0.78740160,0.00000000
5.28826895,0.39370080,0.00000000
5.28867695,0.39370080,0.00000000
5.28908495,0.39370080,-0.07874016
5.28949295,0.39370080,0.00000000
5.28990095,0.39370080,0.00000000
5.29030895,0.39370080,0.00000000
5.29071695,0.00000000,0.00000000
5.29112495,0.39370080,0.00000000
5.29153295,0.39370080,0.00000000
5.29194095,0.39370080,0.00000000
5.29234895,0.39370080,0.00000000
5.29275695,0.39370080,-0.07874016
5.29316495,0.39370080,0.00000000
5.29357295,0.00000000,-0.07874016
5.29398095,0.00000000,0.00000000
5.29438895,0.00000000,-0.07874016
5.29479695,0.00000000,0.00000000
5.29520495,0.39370080,0.00000000
5.29561295,0.39370080,0.00000000
5.29602095,0.39370080,0.00000000
5.29642895,0.39370080,0.00000000
5.29683695,0.00000000,0.00000000
5.29724495,0.39370080,0.00000000
5.29765295,0.00000000,0.00000000
5.29806095,0.39370080,0.00000000
5.29846895,0.39370080,0.00000000
5.29887695,0.00000000,0.00000000
5.29928495,0.00000000,0.00000000
5.29969295,0.00000000,0.00000000
5.30010095,0.00000000,0.00000000
5.30050895,0.00000000,0.00000000
5.30091695,0.39370080,-0.07874016
5.30132495,0.39370080,0.00000000
5.30173295,0.39370080,0.00000000
5.30214095,0.39370080,0.00000000
5.30254895,0.39370080,0.00000000
5.30295695,0.39370080,0.00000000
5.30336495,0.00000000,0.00000000
5.30377295,0.39370080,0.00000000
5.30418095,0.00000000,-0.07874016
5.30458895,0.00000000,0.00000000
5.30499695,0.78740160,0.00000000
5.30540495,0.39370080,0.00000000
5.30581295,0.00000000,0.00000000
5.30622095,0.78740160,0.00000000
5.30662895,0.39370080,0.00000000
5.30703695,0.39370080,0.00000000
5.30744495,0.78740160,-0.07874016
5.30785295,0.00000000,0.00000000
5.30826095,0.00000000,0.00000000
5.30866895,0.78740160,0.00000000
5.30907695,0.39370080,-0.07874016
5.30948495,0.39370080,0.00000000
5.30989295,0.39370080,0.00000000
5.31030095,0.39370080,-0.07874016
5.31070895,0.78740160,0.00000000
5.31111695,0.78740160,0.00000000
5.31152495,0.39370080,0.00000000
5.31193295,0.39370080,0.00000000
5.31234095,0.39370080,0.00000000
5.31274895,0.39370080,0.00000000
5.31315695,0.39370080,-0.07874016
5.31356495,0.39370080,-0.07874016
5.31397295,0.39370080,0.00000000
5.31438095,0.39370080,0.00000000
5.31478895,0.00000000,0.00000000
5.31519695,0.78740160,0.00000000
5.31560495,0.39370080,0.00000000
5.31601295,0.00000000,0.00000000
5.31642095,0.39370080,0.00000000
5.31682895,0.39370080,0.00000000
5.31723695,0.39370080,-0.07874016
5.31764495,0.39370080,-0.07874016
5.31805295,0.39370080,0.00000000
5.31846095,0.39370080,0.00000000
5.31886895,0.39370080,0.00000000
5.31927695,0.00000000,-0.07874016
5.31968495,0.39370080,0.00000000
5.32009295,0.39370080,0.00000000
5.32050095,0.39370080,0.00000000
5.32090895,0.39370080,0.00000000
5.32131695,0.39370080,0.00000000
5.32172495,0.39370080,0.00000000
5.32213295,0.00000000,-0.07874016
5.32254095,0.39370080,-0.07874016
5.32294895,0.39370080,-0.07874016
5.32335695,0.00000000,0.00000000
5.32376495,0.39370080,-0.07874016
5.32417295,0.39370080,0.00000000
5.32458095,0.39370080,0.00000000
5.32498895,0.00000000,0.00000000
5.32539695,0.39370080,0.00000000
5.32580495,0.00000000,0.00000000
5.32621295,0.39370080,0.00000000
5.32662095,0.39370080,0.00000000
5.32702895,0.00000000,0.00000000
5.32743695,0.39370080,0.00000000
5.32784495,0.39370080,0.00000000
5.32825295,0.00000000,0.00000000
5.32866095,0.78740160,0.00000000
5.32906895,0.00000000,-0.07874016
5.32947695,0.39370080,-0.07874016
5.32988495,0.00000000,0.00000000
5.33029295,0.39370080,0.00000000
5.33070095,0.00000000,0.00000000
5.33110895,0.78740160,-0.07874016
5.33151695,0.00000000,0.00000000
5.33192495,0.39370080,-0.07874016
5.33233295,0.39370080,-0.07874016
5.33274095,0.39370080,0.00000000
5.33314895,0.00000000,0.00000000
5.33355695,0.78740160,0.00000000
5.33396495,0.78740160,0.00000000
5.33437295,0.39370080,0.00000000
5.33478095,0.39370080,0.00000000
5.33518895,0.39370080,-0.07874016
5.33559695,0.39370080,0.00000000
5.33600495,0.39370080,0.00000000
5.33641295,0.39370080,0.00000000
5.33682095,0.78740160,-0.07874016
5.33722895,0.78740160,0.00000000
5.33763695,0.39370080,0.00000000
5.33804495,0.39370080,0.00000000
5.33845295,0.39370080,-0.07874016
5.33886095,0.39370080,0.00000000
5.33926895,0.39370080,0.00000000
5.33967695,0.39370080,0.00000000
5.34008495,0.39370080,0.00000000
5.34049295,0.00000000,0.00000000
5.34090095,0.00000000,-0.07874016
5.34130895,0.39370080,0.00000000
5.34171695,0.39370080,0.00000000
5.34212495,0.39370080,0.00000000
5.34253295,0.39370080,0.00000000
5.34294095,0.00000000,0.00000000
5.34334895,0.39370080,0.00000000
5.34375695,0.39370080,-0.07874016
5.34416495,0.39370080,0.00000000
5.34457295,0.00000000,0.00000000
5.34498095,0.39370080,-0.07874016
5.34538895,0.39370080,0.00000000
5.34579695,0.39370080,0.00000000
5.34620495,0.00000000,0.00000000
5.34661295,0.39370080,0.00000000
5.34702095,0.39370080,0.00000000
5.34742895,0.39370080,0.00000000
5.34783695,0.39370080,0.00000000
5.34824495,0.00000000,-0.07874016
5.34865295,0.39370080,0.00000000
5.34906095,0.39370080,0.00000000
5.34946895,0.39370080,0.00000000
5.34987695,0.39370080,-0.07874016
5.35028495,0.39370080,0.00000000
5.35069295,0.39370080,0.00000000
5.35110095,0.00000000,-0.07874016
5.35150895,0.39370080,-0.07874016
5.35191695,0.39370080,0.00000000
5.35232495,0.39370080,0.00000000
5.35273295,0.39370080,-0.07874016
5.35314095,0.39370080,-0.07874016
5.35354895,0.39370080,0.00000000
5.35395695,0.00000000,-0.07874016
5.35436495,0.39370080,0.00000000
5.35477295,0.39370080,-0.07874016
5.35518095,0.39370080,0.00000000
5.35558895,0.78740160,0.00000000
5.35599695,0.39370080,0.00000000
5.35640495,0.39370080,0.00000000
5.35681295,0.39370080,-0.07874016
5.35722095,0.39370080,0.00000000
5.35762895,0.39370080,0.00000000
5.35803695,0.39370080,-0.07874016
5.35844495,0.78740160,0.00000000
5.35885295,0.00000000,0.00000000
5.35926095,0.00000000,0.00000000
5.35966895,0.39370080,0.00000000
5.36007695,0.39370080,0.00000000
5.36048495,0.39370080,0.00000000
5.36089295,0.39370080,0.00000000
5.36130095,0.39370080,0.00000000
5.36170895,0.00000000,-0.07874016
5.36211695,0.39370080,-0.07874016
5.36252495,0.00000000,0.00000000
5.36293295,0.39370080,-0.07874016
5.36334095,0.39370080,0.00000000
5.36374895,0.39370080,-0.07874016
5.36415695,0.39370080,0.00000000
5.36456495,0.39370080,0.00000000
5.36497295,0.39370080,0.00000000
5.36538095,0.00000000,0.00000000
5.36578895,0.39370080,-0.07874016
5.36619695,0.00000000,0.00000000
5.36660495,0.00000000,-0.07874016
5.36701295,0.00000000,0.00000000
5.36742095,0.39370080,0.00000000
5.36782895,0.39370080,-0.07874016
5.36823695,0.00000000,0.00000000
5.36864495,0.00000000,0.00000000
5.36905295,0.39370080,0.00000000
5.36946095,0.39370080,-0.07874016
5.36986895,0.39370080,0.00000000
5.37027695,0.39370080,0.00000000
5.37068495,0.00000000,-0.07874016
5.37109295,0.39370080,-0.07874016
5.37150095,0.39370080,0.00000000
5.37190895,0.39370080,0.00000000
5.37231695,0.39370080,0.00000000
5.37272495,0.39370080,0.00000000
5.37313295,0.39370080,0.00000000
5.37354095,0.00000000,-0.07874016
5.37394895,0.00000000,0.00000000
5.37435695,0.39370080,-0.07874016
5.37476495,0.39370080,0.00000000
5.37517295,0.39370080,0.00000000
5.37558095,0.78740160,0.00000000
5.37598895,0.00000000,0.00000000
5.37639695,0.39370080,0.00000000
5.37680495,0.39370080,-0.07874016
5.37721295,0.39370080,0.00000000
5.37762095,0.39370080,0.00000000
5.37802895,0.00000000,0.00000000
5.37843695,0.00000000,0.00000000
5.37884495,0.00000000,0.00000000
5.37925295,0.00000000,0.00000000
5.37966095,0.39370080,-0.07874016
5.38006895,0.39370080,0.00000000
5.38047695,0.39370080,0.00000000
5.38088495,0.39370080,0.00000000
5.38129295,0.00000000,0.00000000
5.38170095,0.00000000,0.00000000
5.38210895,0.39370080,0.00000000
5.38251695,0.00000000,-0.07874016
5.38292495,0.00000000,0.00000000
5.38333295,0.39370080,0.00000000
5.38374095,0.00000000,0.00000000
5.38414895,0.39370080,0.00000000
5.38455695,0.00000000,0.00000000
5.38496495,0.00000000,-0.07874016
5.38537295,0.00000000,0.00000000
5.38578095,0.39370080,0.00000000
5.38618895,0.39370080,0.00000000
5.38659695,0.39370080,0.00000000
5.38700495,0.39370080,0.00000000
5.38741295,0.00000000,-0.07874016
5.38782095,0.39370080,0.00000000
5.38822895,0.39370080,0.00000000
5.38863695,0.39370080,-0.07874016
5.38904495,0.39370080,0.00000000
5.38945295,0.39370080,0.00000000
5.38986095,0.78740160,0.00000000
5.39026895,0.39370080,0.00000000
5.39067695,0.39370080,-0.07874016
5.39108495,0.39370080,0.00000000
5.39149295,0.39370080,-0.07874016
5.39190095,0.39370080,0.00000000
5.39230895,0.39370080,-0.07874016
5.39271695,0.00000000,0.00000000
5.39312495,0.39370080,0.00000000
5.39353295,0.39370080,0.00000000
5.39394095,0.00000000,0.00000000
5.39434895,0.39370080,0.00000000
5.39475695,0.39370080,0.00000000
5.39516495,0.00000000,0.00000000
5.39557295,0.39370080,0.00000000
5.39598095,0.00000000,0.00000000
5.39638895,0.39370080,0.00000000
5.39679695,0.00000000,0.00000000
5.39720495,0.39370080,0.00000000
5.39761295,0.39370080,0.00000000
5.39802095,0.39370080,0.00000000
5.39842895,0.39370080,-0.07874016
5.39883695,0.39370080,0.00000000
5.39924495,0.39370080,-0.07874016
5.39965295,0.39370080,0.00000000
5.40006095,0.00000000,0.00000000
5.40046895,0.00000000,0.00000000
5.40087695,0.39370080,0.00000000
5.40128495,0.39370080,0.00000000
5.40169295,0.39370080,0.00000000
5.40210095,0.39370080,-0.07874016
5.40250895,0.00000000,0.00000000
5.40291695,0.78740160,0.00000000
5.40332495,0.39370080,0.00000000
5.40373295,0.39370080,0.00000000
5.40414095,0.00000000,0.00000000
5.40454895,0.39370080,0.00000000
5.40495695,0.39370080,0.00000000
5.40536495,0.39370080,0.00000000
5.40577295,0.00000000,0.00000000
5.40618095,0.78740160,0.00000000
5.40658895,0.39370080,0.00000000
5.40699695,0.00000000,-0.07874016
5.40740495,0.00000000,0.00000000
5.40781295,0.39370080,0.00000000
5.40822095,0.00000000,-0.07874016
5.40862895,0.39370080,0.00000000
5.40903695,0.39370080,0.00000000
5.40944495,0.39370080,0.00000000
5.40985295,0.39370080,0.00000000
5.41026095,0.39370080,0.00000000
5.41066895,0.39370080,0.00000000
5.41107695,0.39370080,-0.07874016
5.41148495,0.39370080,0.00000000
5.41189295,0.39370080,0.00000000
5.41230095,0.39370080,0.00000000
5.41270895,0.39370080,0.00000000
5.41311695,0.39370080,0.00000000
5.41352495,0.78740160,0.00000000
5.41393295,0.39370080,-0.07874016
5.41434095,0.39370080,0.00000000
5.41474895,0.39370080,0.00000000
5.41515694,0.39370080,0.00000000
5.41556494,0.39370080,0.00000000
5.41597294,0.39370080,-0.07874016
5.41638094,0.39370080,0.00000000
5.41678894,0.39370080,0.00000000
5.41719694,0.39370080,0.00000000
5.41760494,0.00000000,0.00000000
5.41801294,0.39370080,0.00000000
5.41842094,0.39370080,0.00000000
5.41882894,0.78740160,-0.07874016
5.41923694,0.00000000,0.00000000
5.41964494,0.39370080,0.00000000
5.42005294,0.78740160,-0.07874016
5.42046094,0.39370080,0.00000000
5.42086894,0.39370080,0.00000000
5.42127694,0.39370080,0.00000000
5.42168494,0.00000000,-0.07874016
5.42209294,0.39370080,0.00000000
5.42250094,0.39370080,0.00000000
5.42290894,0.00000000,0.00000000
5.42331694,0.39370080,0.00000000
5.42372494,0.39370080,0.00000000
5.42413294,0.39370080,0.00000000
5.42454094,0.00000000,0.00000000
5.42494894,0.00000000,-0.07874016
5.42535694,0.00000000,-0.07874016
5.42576494,0.39370080,0.00000000
5.42617294,0.39370080,0.00000000
5.42658094,0.39370080,-0.07874016
5.42698894,0.39370080,0.00000000
5.42739694,0.00000000,0.00000000
5.42780494,0.39370080,-0.07874016
5.42821294,0.00000000,0.00000000
5.42862094,0.78740160,0.00000000
5.42902894,0.39370080,-0.07874016
5.42943694,0.39370080,0.00000000
5.42984494,0.39370080,0.00000000
5.43025294,0.39370080,0.00000000
5.43066094,0.39370080,-0.07874016
5.43106894,0.39370080,0.00000000
5.43147694,0.00000000,-0.07874016
5.43188494,0.00000000,0.00000000
5.43229294,0.78740160,0.00000000
5.43270094,0.39370080,0.00000000
5.43310894,0.39370080,0.00000000
5.43351694,0.39370080,0.00000000
5.43392494,0.39370080,0.00000000
5.43433294,0.39370080,0.00000000
5.43474094,0.39370080,0.00000000
5.43514894,0.39370080,-0.07874016
5.43555694,0.78740160,-0.07874016
5.43596494,0.39370080,0.00000000
5.43637294,0.39370080,0.00000000
5.43678094,0.39370080,0.00000000
5.43718894,0.39370080,-0.07874016
5.43759694,0.39370080,0.00000000
5.43800494,0.78740160,0.00000000
5.43841294,0.00000000,0.00000000
5.43882094,0.39370080,0.00000000
5.43922894,0.39370080,0.00000000
5.43963694,0.00000000,-0.07874016
5.44004494,0.39370080,0.00000000
5.44045294,0.39370080,0.00000000
5.44086094,0.39370080,0.00000000
5.44126894,0.39370080,0.00000000
5.44167694,0.39370080,0.00000000
5.44208494,0.39370080,0.00000000
5.44249294,0.78740160,0.00000000
5.44290094,0.78740160,0.00000000
5.44330894,0.39370080,-0.07874016
5.44371694,0.00000000,0.00000000
5.44412494,0.39370080,0.00000000
5.44453294,0.39370080,0.00000000
5.44494094,0.00000000,0.00000000
5.44534894,0.00000000,-0.07874016
5.44575694,0.39370080,-0.07874016
5.44616494,0.39370080,0.00000000
5.44657294,0.00000000,0.00000000
5.44698094,0.00000000,0.00000000
5.44738894,0.00000000,0.00000000
5.44779694,0.00000000,-0.07874016
5.44820494,0.00000000,0.00000000
5.44861294,0.00000000,0.00000000
5.44902094,0.39370080,0.00000000
5.44942894,0.39370080,0.00000000
5.44983694,0.39370080,0.00000000
5.45024494,0.39370080,-0.07874016
5.45065294,0.39370080,-0.07874016
5.45106094,0.39370080,-0.07874016
5.45146894,0.39370080,0.00000000
5.45187694,0.00000000,0.00000000
5.45228494,0.00000000,0.00000000
5.45269294,0.00000000,0.00000000
5.45310094,0.39370080,0.00000000
5.45350894,0.39370080,-0.07874016
5.45391694,0.39370080,0.00000000
5.45432494,0.39370080,-0.07874016
5.45473294,0.39370080,0.00000000
5.45514094,0.39370080,0.00000000
5.45554894,0.00000000,-0.07874016
5.45595694,0.39370080,-0.07874016
5.45636494,0.39370080,0.00000000
5.45677294,0.39370080,-0.07874016
5.45718094,0.39370080,0.00000000
5.45758894,0.78740160,0.00000000
5.45799694,0.39370080,0.00000000
5.45840494,0.39370080,0.00000000
5.45881294,0.39370080,0.00000000
5.45922094,0.39370080,0.00000000
5.45962894,0.00000000,0.00000000
5.46003694,0.39370080,0.00000000
5.46044494,0.39370080,0.00000000
5.46085294,0.39370080,0.00000000
5.46126094,0.78740160,0.00000000
5.46166894,0.00000000,-0.07874016
5.46207694,0.39370080,0.00000000
5.46248494,0.39370080,0.00000000
5.46289294,0.78740160,0.00000000
5.46330094,0.39370080,0.00000000
5.46370894,0.39370080,0.00000000
5.46411694,0.78740160,0.00000000
5.46452494,0.39370080,0.00000000
5.46493294,0.39370080,0.00000000
5.46534094,0.39370080,0.00000000
5.46574894,0.39370080,0.00000000
5.46615694,0.39370080,-0.07874016
5.46656494,0.39370080,0.00000000
5.46697294,0.39370080,0.00000000
5.46738094,0.39370080,0.00000000
5.46778894,0.39370080,-0.07874016
5.46819694,0.39370080,0.00000000
5.46860494,0.39370080,0.00000000
5.46901294,0.39370080,0.00000000
5.46942094,0.39370080,0.00000000
5.46982894,0.39370080,-0.07874016
5.47023694,0.39370080,0.00000000
5.47064494,0.39370080,-0.07874016
5.47105294,0.00000000,0.00000000
5.47146094,0.00000000,-0.07874016
5.47186894,0.39370080,0.00000000
5.47227694,0.39370080,0.00000000
5.47268494,0.00000000,0.00000000
5.47309294,0.39370080,0.00000000
5.47350094,0.00000000,-0.07874016
5.47390894,0.39370080,0.00000000
5.47431694,0.00000000,0.00000000
5.47472494,0.00000000,0.00000000
5.47513294,0.39370080,0.00000000
5.47554094,0.39370080,0.00000000
5.47594894,0.00000000,0.00000000
5.47635694,0.39370080,-0.07874016
5.47676494,0.39370080,0.00000000
5.47717294,0.00000000,-0.07874016
5.47758094,0.00000000,0.00000000
5.47798894,0.00000000,0.00000000
5.47839694,0.39370080,0.00000000
5.47880494,0.39370080,-0.07874016
5.47921294,0.39370080,-0.07874016
5.47962094,0.39370080,-0.07874016
5.48002894,0.00000000,0.00000000
5.48043694,0.00000000,0.00000000
5.48084494,0.39370080,0.00000000
5.48125294,0.00000000,0.00000000
5.48166094,0.00000000,0.00000000
5.48206894,0.78740160,0.00000000
5.48247694,0.39370080,0.00000000
5.48288494,0.39370080,0.00000000
5.48329294,0.39370080,0.00000000
5.48370094,0.39370080,0.00000000
5.48410894,0.78740160,0.00000000
5.48451694,0.39370080,0.00000000
5.48492494,0.00000000,0.00000000
5.48533294,0.39370080,-0.07874016
5.48574094,0.39370080,0.00000000
5.48614894,0.39370080,0.00000000
5.48655694,0.39370080,0.00000000
5.48696494,0.39370080,0.00000000
5.48737294,0.78740160,0.00000000
5.48778094,0.78740160,0.00000000
5.48818894,0.39370080,0.00000000
5.48859694,0.39370080,0.00000000
5.48900494,0.39370080,0.00000000
5.48941294,0.78740160,0.00000000
5.48982094,0.78740160,0.00000000
5.49022894,0.39370080,0.00000000
5.49063694,0.39370080,0.00000000
5.49104494,0.78740160,-0.07874016
5.49145294,0.78740160,-0.07874016
5.49186094,0.39370080,0.00000000
5.49226894,0.78740160,-0.07874016
5.49267694,0.39370080,0.00000000
5.49308494,0.39370080,0.00000000
5.49349294,0.78740160,0.00000000
5.49390094,0.39370080,0.00000000
5.49430894,0.39370080,0.00000000
5.49471694,0.39370080,0.00000000
5.49512494,0.39370080,0.00000000
5.49553294,0.78740160,0.00000000
5.49594094,0.39370080,-0.07874016
5.49634894,0.39370080,0.00000000
5.49675694,0.39370080,0.00000000
5.49716494,0.78740160,0.00000000
5.49757294,0.39370080,0.00000000
5.49798094,0.39370080,0.00000000
5.49838894,0.00000000,0.00000000
5.49879694,0.00000000,0.00000000
5.49920494,0.00000000,0.00000000
5.49961294,0.00000000,0.00000000
5.50002094,0.39370080,-0.07874016
5.50042894,0.00000000,0.00000000
5.50083694,0.39370080,0.00000000
5.50124494,0.78740160,0.00000000
5.50165294,0.00000000,0.00000000
5.50206094,0.39370080,0.00000000
5.50246894,0.39370080,0.00000000
5.50287694,0.39370080,0.00000000
5.50328494,0.39370080,0.00000000
5.50369294,0.39370080,0.00000000
5.50410094,0.39370080,-0.07874016
5.50450894,0.00000000,0.00000000
5.50491694,0.00000000,-0.07874016
5.50532494,0.00000000,0.00000000
5.50573294,0.39370080,0.00000000
5.50614094,0.00000000,0.00000000
5.50654894,0.00000000,0.00000000
5.50695694,0.39370080,0.00000000
5.50736494,0.78740160,0.00000000
5.50777294,0.00000000,0.00000000
5.50818094,0.39370080,0.00000000
5.50858894,0.39370080,-0.07874016
5.50899694,0.78740160,-0.07874016
5.50940494,0.39370080,0.00000000
5.50981294,0.78740160,0.00000000
5.51022094,0.78740160,0.00000000
5.51062894,0.39370080,0.00000000
5.51103694,0.39370080,0.00000000
5.51144494,0.78740160,0.00000000
5.51185294,0.39370080,0.00000000
5.51226094,0.39370080,0.00000000
5.51266894,0.78740160,0.00000000
5.51307694,0.78740160,0.00000000
5.51348494,0.78740160,0.00000000
5.51389294,0.39370080,-0.07874016
5.51430094,0.78740160,0.00000000
5.51470894,0.39370080,-0.07874016
5.51511694,0.78740160,0.00000000
5.51552494,0.78740160,-0.07874016
5.51593294,0.39370080,0.00000000
5.51634094,0.39370080,0.00000000
5.51674894,0.78740160,0.00000000
5.51715694,0.39370080,0.00000000
5.51756494,0.39370080,0.00000000
5.51797294,0.78740160,-0.07874016
5.51838094,0.39370080,0.00000000
5.51878894,0.39370080,0.00000000
5.51919694,0.39370080,0.00000000
5.51960494,0.39370080,-0.07874016
5.52001294,0.39370080,0.00000000
5.52042094,0.78740160,0.00000000
5.52082894,0.00000000,0.00000000
5.52123694,0.39370080,-0.07874016
5.52164494,0.39370080,-0.07874016
5.52205294,0.00000000,0.00000000
5.52246094,0.00000000,0.00000000
5.52286894,0.39370080,0.00000000
5.52327694,0.00000000,0.00000000
5.52368494,0.00000000,-0.07874016
5.52409294,0.39370080,-0.07874016
5.52450094,0.39370080,0.00000000
5.52490894,0.39370080,-0.07874016
5.52531694,0.39370080,0.00000000
5.52572494,0.39370080,0.00000000
5.52613294,0.00000000,0.00000000
5.52654094,0.00000000,-0.07874016
5.52694894,0.39370080,-0.07874016
5.52735694,0.00000000,0.00000000
5.52776494,0.39370080,0.00000000
5.52817294,0.00000000,0.00000000
5.52858094,0.00000000,0.00000000
5.52898894,0.00000000,0.00000000
5.52939694,0.00000000,-0.07874016
5.52980494,0.00000000,0.00000000
5.53021294,0.00000000,0.00000000
5.53062094,0.00000000,0.00000000
5.53102894,0.39370080,0.00000000
5.53143694,0.00000000,-0.07874016
5.53184494,0.00000000,-0.07874016
5.53225294,0.39370080,0.00000000
5.53266094,0.39370080,-0.07874016
5.53306894,0.00000000,0.00000000
5.53347694,0.39370080,0.00000000
5.53388494,0.78740160,0.00000000
5.53429294,0.78740160,0.00000000
5.53470094,0.39370080,0.00000000
5.53510894,0.39370080,-0.07874016
5.53551694,0.39370080,0.00000000
5.53592494,0.39370080,0.00000000
5.53633294,0.39370080,0.00000000
5.53674094,0.78740160,-0.07874016
5.53714894,0.78740160,0.00000000
5.53755694,0.78740160,0.00000000
5.53796494,0.78740160,-0.07874016
5.53837294,0.39370080,0.00000000
5.53878094,0.78740160,0.00000000
5.53918894,0.78740160,-0.07874016
5.53959694,0.39370080,0.00000000
5.54000494,0.39370080,0.00000000
5.54041294,0.39370080,0.00000000
5.54082094,0.78740160,0.00000000
5.54122894,0.39370080,0.00000000
5.54163694,0.39370080,0.00000000
5.54204494,0.39370080,0.00000000
5.54245294,0.39370080,0.00000000
5.54286094,0.39370080,0.00000000
5.54326894,0.39370080,0.00000000
5.54367694,0.78740160,0.00000000
5.54408494,0.78740160,0.00000000
5.54449294,0.78740160,0.00000000
5.54490094,0.39370080,-0.07874016
5.54530894,0.39370080,0.00000000
5.54571694,0.39370080,0.00000000
5.54612494,0.39370080,0.00000000
5.54653294,0.39370080,-0.07874016
5.54694094,0.39370080,-0.07874016
5.54734894,0.00000000,-0.07874016
5.54775694,0.39370080,0.00000000
5.54816494,0.00000000,0.00000000
5.54857294,0.39370080,0.00000000
5.54898094,0.39370080,0.00000000
5.54938894,0.39370080,0.00000000
5.54979694,0.00000000,-0.07874016
5.55020494,0.00000000,-0.07874016
5.55061294,0.39370080,0.00000000
5.55102094,0.39370080,0.00000000
5.55142894,0.00000000,0.00000000
5.55183694,-0.39370080,-0.07874016
5.55224494,0.39370080,0.00000000
5.55265294,0.00000000,0.00000000
5.55306094,0.00000000,-0.07874016
5.55346894,0.00000000,-0.07874016
5.55387694,0.39370080,0.00000000
5.55428494,0.39370080,-0.07874016
5.55469294,0.00000000,0.00000000
5.55510094,0.00000000,0.00000000
5.55550894,0.00000000,0.00000000
5.55591694,0.00000000,0.00000000
5.55632494,0.00000000,0.00000000
5.55673294,0.00000000,0.00000000
5.55714094,0.39370080,0.00000000
5.55754894,0.00000000,0.00000000
5.55795694,0.39370080,-0.07874016
5.55836494,0.00000000,0.00000000
5.55877294,0.39370080,-0.07874016
5.55918094,0.39370080,0.00000000
5.55958894,0.39370080,0.00000000
5.55999694,0.39370080,-0.07874016
5.56040494,0.39370080,0.00000000
5.56081294,0.39370080,0.00000000
5.56122094,0.39370080,0.00000000
5.56162894,0.39370080,0.00000000
5.56203694,0.78740160,0.00000000
5.56244494,0.39370080,0.00000000
5.56285294,0.78740160,0.00000000
5.56326094,0.39370080,0.00000000
5.56366894,0.78740160,0.00000000
5.56407694,0.39370080,0.00000000
5.56448494,0.39370080,0.00000000
5.56489294,0.39370080,0.00000000
5.56530094,0.78740160,-0.07874016
5.56570894,0.78740160,0.00000000
5.56611694,0.78740160,0.00000000
5.56652494,0.39370080,0.00000000
5.56693294,0.78740160,0.00000000
5.56734094,0.39370080,0.00000000
5.56774894,0.78740160,0.00000000
5.56815694,0.39370080,0.00000000
5.56856494,0.39370080,0.00000000
5.56897294,0.39370080,-0.07874016
5.56938094,0.39370080,0.00000000
5.56978894,0.78740160,-0.07874016
5.57019694,0.39370080,0.00000000
5.57060494,0.39370080,0.00000000
5.57101294,0.39370080,0.00000000
5.57142094,0.00000000,0.00000000
5.57182894,0.39370080,-0.07874016
5.57223694,0.39370080,-0.07874016
5.57264494,0.00000000,-0.07874016
5.57305294,0.00000000,0.00000000
5.57346094,0.78740160,-0.07874016
5.57386894,0.00000000,0.00000000
5.57427694,0.39370080,0.00000000
5.57468494,0.00000000,-0.07874016
5.57509294,0.00000000,0.00000000
5.57550094,0.39370080,0.00000000
5.57590894,0.00000000,-0.07874016
5.57631694,0.00000000,0.00000000
5.57672494,0.00000000,0.00000000
5.57713294,0.00000000,-0.07874016
5.57754094,0.00000000,0.00000000
5.57794894,0.00000000,0.00000000
5.57835694,0.00000000,-0.07874016
5.57876494,0.39370080,0.00000000
5.57917294,0.00000000,-0.07874016
5.57958094,0.00000000,0.00000000
5.57998894,0.00000000,0.00000000
5.58039694,0.00000000,0.00000000
5.58080494,0.00000000,0.00000000
5.58121294,0.39370080,0.00000000
5.58162094,0.00000000,0.00000000
5.58202894,0.39370080,0.00000000
5.58243694,0.00000000,0.00000000
5.58284494,0.00000000,0.00000000
5.58325294,0.39370080,-0.07874016
5.58366094,0.39370080,0.00000000
5.58406894,0.39370080,0.00000000
5.58447694,0.39370080,0.00000000
5.58488494,0.78740160,-0.07874016
5.58529294,0.39370080,0.00000000
5.58570094,0.78740160,-0.07874016
5.58610894,0.39370080,0.00000000
5.58651694,0.78740160,-0.07874016
5.58692494,0.78740160,0.00000000
5.58733294,0.78740160,0.00000000
5.58774094,0.39370080,0.00000000
5.58814894,0.39370080,-0.07874016
5.58855694,0.78740160,0.00000000
5.58896494,0.78740160,0.00000000
5.58937294,0.78740160,0.00000000
5.58978094,0.78740160,0.00000000
5.59018894,0.78740160,0.00000000
5.59059694,0.39370080,0.00000000
5.59100494,0.78740160,0.00000000
5.59141294,0.78740160,0.00000000
5.59182093,0.39370080,0.00000000
5.59222893,0.39370080,0.00000000
5.59263693,0.78740160,0.00000000
5.59304493,0.78740160,0.00000000
5.59345293,0.78740160,0.00000000
5.59386093,0.78740160,0.00000000
5.59426893,0.00000000,0.00000000
5.59467693,0.39370080,0.00000000
5.59508493,0.00000000,0.00000000
5.59549293,0.78740160,-0.07874016
5.59590093,0.39370080,0.00000000
5.59630893,0.39370080,-0.07874016
5.59671693,0.00000000,-0.07874016
5.59712493,0.39370080,0.00000000
5.59753293,0.00000000,0.00000000
5.59794093,0.78740160,0.00000000
5.59834893,0.00000000,0.00000000
5.59875693,0.00000000,0.00000000
5.59916493,0.39370080,0.00000000
5.59957293,0.00000000,-0.07874016
5.59998093,0.00000000,0.00000000
5.60038893,0.39370080,0.00000000
5.60079693,0.00000000,-0.07874016
5.60120493,0.39370080,-0.07874016
5.60161293,0.00000000,0.00000000
5.60202093,0.00000000,-0.07874016
5.60242893,0.00000000,0.00000000
5.60283693,-0.39370080,0.00000000
5.60324493,0.00000000,0.00000000
5.60365293,0.00000000,0.00000000
5.60406093,0.00000000,0.00000000
5.60446893,0.00000000,-0.07874016
5.60487693,0.00000000,0.00000000
5.60528493,0.39370080,0.00000000
5.60569293,0.00000000,0.00000000
5.60610093,0.00000000,0.00000000
5.60650893,0.00000000,0.00000000
5.60691693,0.39370080,0.00000000
5.60732493,0.00000000,0.00000000
5.60773293,0.39370080,0.00000000
5.60814093,0.39370080,0.00000000
5.60854893,0.00000000,0.00000000
5.60895693,0.39370080,0.00000000
5.60936493,0.39370080,0.00000000
5.60977293,0.78740160,0.00000000
5.61018093,0.39370080,0.00000000
5.61058893,0.39370080,0.00000000
5.61099693,0.78740160,0.00000000
5.61140493,0.39370080,0.00000000
5.61181293,0.39370080,0.00000000
5.61222093,0.78740160,0.00000000
5.61262893,0.78740160,0.00000000
5.61303693,1.18110200,0.00000000
5.61344493,0.78740160,0.00000000
5.61385293,0.39370080,0.00000000
5.61426093,1.18110200,0.00000000
5.61466893,0.39370080,-0.07874016
5.61507693,0.39370080,0.00000000
5.61548493,0.78740160,0.00000000
5.61589293,0.78740160,0.00000000
5.61630093,0.78740160,-0.07874016
5.61670893,0.78740160,0.00000000
5.61711693,0.78740160,0.00000000
5.61752493,0.78740160,-0.07874016
5.61793293,0.78740160,-0.07874016
5.61834093,0.39370080,0.00000000
5.61874893,0.78740160,0.00000000
5.61915693,0.78740160,0.00000000
5.61956493,0.78740160,0.00000000
5.61997293,0.78740160,0.00000000
5.62038093,0.39370080,-0.07874016
5.62078893,0.39370080,0.00000000
5.62119693,0.39370080,0.00000000
5.62160493,0.00000000,0.00000000
5.62201293,0.39370080,0.00000000
5.62242093,0.39370080,0.00000000
5.62282893,0.39370080,0.00000000
5.62323693,0.00000000,0.00000000
5.62364493,0.39370080,0.00000000
5.62405293,0.39370080,-0.07874016
5.62446093,0.39370080,-0.07874016
5.62486893,0.39370080,0.00000000
5.62527693,0.00000000,-0.07874016
5.62568493,0.39370080,0.00000000
5.62609293,0.00000000,-0.07874016
5.62650093,0.00000000,0.00000000
5.62690893,0.00000000,0.00000000
5.62731693,0.00000000,0.00000000
5.62772493,0.00000000,0.00000000
5.62813293,0.00000000,0.00000000
5.62854093,0.00000000,0.00000000
5.62894893,0.00000000,-0.07874016
5.62935693,0.00000000,0.00000000
5.62976493,0.39370080,-0.07874016
5.63017293,0.00000000,-0.07874016
5.63058093,0.00000000,0.00000000
5.63098893,0.00000000,0.00000000
5.63139693,0.00000000,-0.07874016
5.63180493,0.00000000,0.00000000
5.63221293,0.39370080,-0.07874016
5.63262093,0.00000000,0.00000000
5.63302893,0.39370080,0.00000000
5.63343693,0.39370080,0.00000000
5.63384493,0.39370080,-0.07874016
5.63425293,0.00000000,-0.07874016
5.63466093,0.78740160,-0.07874016
5.63506893,0.39370080,0.00000000
5.63547693,0.39370080,0.00000000
5.63588493,0.78740160,0.00000000
5.63629293,0.78740160,0.00000000
5.63670093,0.78740160,0.00000000
5.63710893,0.39370080,0.00000000
5.63751693,0.78740160,0.00000000
5.63792493,0.78740160,0.00000000
5.63833293,0.78740160,0.00000000
5.63874093,0.78740160,-0.07874016
5.63914893,0.39370080,-0.07874016
5.63955693,0.39370080,-0.07874016
5.63996493,1.18110200,0.00000000
5.64037293,0.78740160,-0.07874016
5.64078093,0.78740160,0.00000000
5.64118893,1.18110200,-0.07874016
5.64159693,0.78740160,0.00000000
5.64200493,0.78740160,0.00000000
5.64241293,0.78740160,-0.07874016
5.64282093,0.78740160,0.00000000
5.64322893,0.78740160,0.00000000
5.64363693,0.78740160,0.00000000
5.64404493,0.78740160,0.00000000
5.64445293,0.78740160,-0.07874016
5.64486093,0.39370080,0.00000000
5.64526893,0.78740160,-0.07874016
5.64567693,0.39370080,0.00000000
5.64608493,0.39370080,0.00000000
5.64649293,0.39370080,0.00000000
5.64690093,0.00000000,0.00000000
5.64730893,0.39370080,0.00000000
5.64771693,0.39370080,0.00000000
5.64812493,0.00000000,-0.07874016
5.64853293,0.39370080,0.00000000
5.64894093,0.00000000,0.00000000
5.64934893,0.39370080,0.00000000
5.64975693,0.00000000,-0.07874016
5.65016493,0.00000000,0.00000000
5.65057293,0.00000000,0.00000000
5.65098093,0.00000000,0.00000000
5.65138893,0.00000000,0.00000000
5.65179693,0.00000000,0.00000000
5.65220493,0.00000000,0.00000000
5.65261293,0.00000000,0.00000000
5.65302093,0.00000000,0.00000000
5.65342893,0.00000000,-0.07874016
5.65383693,0.00000000,0.00000000
5.65424493,0.00000000,-0.07874016
5.65465293,0.00000000,0.00000000
5.65506093,0.00000000,0.00000000
5.65546893,0.00000000,0.00000000
5.65587693,0.00000000,0.00000000
5.65628493,0.39370080,0.00000000
5.65669293,0.00000000,-0.07874016
5.65710093,0.00000000,0.00000000
5.65750893,0.39370080,0.00000000
5.65791693,0.39370080,0.00000000
5.65832493,0.39370080,0.00000000
5.65873293,0.39370080,0.00000000
5.65914093,0.78740160,0.00000000
5.65954893,0.39370080,0.00000000
5.65995693,0.00000000,0.00000000
5.66036493,0.39370080,0.00000000
5.66077293,0.39370080,-0.07874016
5.66118093,0.39370080,0.00000000
5.66158893,0.39370080,0.00000000
5.66199693,0.78740160,0.00000000
5.66240493,0.39370080,0.00000000
5.66281293,0.78740160,0.00000000
5.66322093,0.78740160,-0.07874016
5.66362893,0.78740160,0.00000000
5.66403693,1.18110200,-0.07874016
5.66444493,0.78740160,0.00000000
5.66485293,0.39370080,-0.07874016
5.66526093,0.78740160,0.00000000
5.66566893,0.78740160,0.00000000
5.66607693,1.18110200,0.00000000
5.66648493,1.18110200,-0.07874016
5.66689293,0.39370080,0.00000000
5.66730093,0.78740160,-0.07874016
5.66770893,0.78740160,0.00000000
5.66811693,0.78740160,-0.07874016
5.66852493,0.78740160,0.00000000
5.66893293,0.39370080,-0.07874016
5.66934093,0.78740160,-0.07874016
5.66974893,0.39370080,0.00000000
5.67015693,0.78740160,0.00000000
5.67056493,0.78740160,0.00000000
5.67097293,0.39370080,0.00000000
5.67138093,0.39370080,-0.07874016
5.67178893,0.39370080,-0.07874016
5.67219693,0.00000000,0.00000000
5.67260493,0.39370080,-0.07874016
5.67301293,0.00000000,-0.07874016
5.67342093,0.00000000,0.00000000
5.67382893,0.39370080,-0.07874016
5.67423693,0.00000000,0.00000000
5.67464493,0.00000000,-0.07874016
5.67505293,0.00000000,0.00000000
5.67546093,0.00000000,0.00000000
5.67586893,0.00000000,0.00000000
5.67627693,0.00000000,0.00000000
5.67668493,0.00000000,0.00000000
5.67709293,0.00000000,0.00000000
5.67750093,0.00000000,0.00000000
5.67790893,-0.39370080,0.00000000
5.67831693,0.00000000,0.00000000
5.67872493,-0.39370080,0.00000000
5.67913293,0.00000000,0.00000000
5.67954093,0.00000000,0.00000000
5.67994893,0.00000000,0.00000000
5.68035693,0.00000000,-0.07874016
5.68076493,0.00000000,0.00000000
5.68117293,0.39370080,0.00000000
5.68158093,0.00000000,0.00000000
5.68198893,0.00000000,0.00000000
5.68239693,0.39370080,0.00000000
5.68280493,0.39370080,-0.07874016
5.68321293,0.00000000,0.00000000
5.68362093,0.78740160,0.00000000
5.68402893,0.00000000,0.00000000
5.68443693,0.39370080,0.00000000
5.68484493,0.39370080,0.00000000
5.68525293,0.39370080,-0.07874016
5.68566093,0.78740160,0.00000000
5.68606893,0.39370080,0.00000000
5.68647693,0.39370080,0.00000000
5.68688493,0.78740160,-0.07874016
5.68729293,0.78740160,0.00000000
5.68770093,1.18110200,-0.07874016
5.68810893,0.39370080,0.00000000
5.68851693,0.39370080,-0.07874016
5.68892493,0.78740160,0.00000000
5.68933293,0.78740160,-0.07874016
5.68974093,0.39370080,0.00000000
5.69014893,1.18110200,-0.07874016
5.69055693,0.78740160,0.00000000
5.69096493,0.78740160,0.00000000
5.69137293,0.78740160,0.00000000
5.69178093,0.78740160,-0.07874016
5.69218893,0.78740160,0.00000000
5.69259693,1.18110200,0.00000000
5.69300493,0.78740160,0.00000000
5.69341293,0.78740160,0.00000000
5.69382093,0.78740160,0.00000000
5.69422893,0.78740160,-0.07874016
5.69463693,0.78740160,0.00000000
5.69504493,0.78740160,-0.07874016
5.69545293,0.39370080,-0.07874016
5.69586093,0.78740160,0.00000000
5.69626893,0.39370080,0.00000000
5.69667693,0.39370080,0.00000000
5.69708493,0.00000000,0.00000000
5.69749293,0.00000000,0.00000000
5.69790093,0.00000000,0.00000000
5.69830893,0.39370080,0.00000000
5.69871693,0.00000000,0.00000000
5.69912493,0.00000000,0.00000000
5.69953293,0.00000000,0.00000000
5.69994093,0.00000000,-0.07874016
5.70034893,0.00000000,0.00000000
5.70075693,0.00000000,-0.07874016
5.70116493,0.00000000,-0.07874016
5.70157293,0.00000000,0.00000000
5.70198093,0.00000000,0.00000000
5.70238893,0.00000000,0.00000000
5.70279693,-0.39370080,0.00000000
5.70320493,0.00000000,0.00000000
5.70361293,0.00000000,0.00000000
5.70402093,0.00000000,0.00000000
5.70442893,-0.39370080,0.00000000
5.70483693,0.00000000,-0.07874016
5.70524493,-0.39370080,0.00000000
5.70565293,-0.39370080,0.00000000
5.70606093,0.00000000,0.00000000
5.70646893,0.39370080,0.00000000
5.70687693,0.00000000,0.00000000
5.70728493,0.00000000,-0.07874016
5.70769293,0.00000000,-0.07874016
5.70810093,0.39370080,0.00000000
5.70850893,0.00000000,-0.07874016
5.70891693,0.78740160,-0.07874016
5.70932493,0.39370080,0.00000000
5.70973293,0.39370080,0.00000000
5.71014093,0.78740160,0.00000000
5.71054893,0.39370080,0.00000000
5.71095693,0.78740160,0.00000000
5.71136493,0.39370080,-0.07874016
5.71177293,0.78740160,0.00000000
5.71218093,0.78740160,-0.07874016
5.71258893,0.78740160,-0.07874016
5.71299693,0.78740160,0.00000000
5.71340493,0.78740160,0.00000000
5.71381293,0.78740160,-0.07874016
5.71422093,0.39370080,0.00000000
5.71462893,0.78740160,0.00000000
5.71503693,0.39370080,0.00000000
5.71544493,1.18110200,0.00000000
5.71585293,1.18110200,0.00000000
5.71626093,0.78740160,-0.07874016
5.71666893,1.18110200,-0.07874016
5.71707693,0.78740160,0.00000000
5.71748493,0.78740160,-0.07874016
5.71789293,1.18110200,-0.07874016
5.71830093,0.78740160,0.00000000
5.71870893,0.78740160,0.00000000
5.71911693,0.78740160,0.00000000
5.71952493,0.78740160,-0.07874016
5.71993293,0.39370080,0.00000000
5.72034093,0.78740160,-0.07874016
5.72074893,0.39370080,0.00000000
5.72115693,0.39370080,0.00000000
5.72156493,0.39370080,0.00000000
5.72197293,0.39370080,0.00000000
5.72238093,0.39370080,-0.07874016
5.72278893,0.00000000,0.00000000
5.72319693,0.39370080,0.00000000
5.72360493,0.00000000,-0.07874016
5.72401293,0.00000000,0.00000000
5.72442093,0.39370080,0.00000000
5.72482893,0.00000000,0.00000000
5.72523693,0.00000000,-0.07874016
5.72564493,0.00000000,0.00000000
5.72605293,0.00000000,0.00000000
5.72646093,0.00000000,0.00000000
5.72686893,0.00000000,0.00000000
5.72727693,0.00000000,0.00000000
5.72768493,0.00000000,0.00000000
5.72809293,0.00000000,-0.07874016
5.72850093,0.00000000,0.00000000
5.72890893,0.00000000,0.00000000
5.72931693,0.00000000,-0.07874016
5.72972493,0.00000000,0.00000000
5.73013293,0.00000000,-0.07874016
5.73054093,0.00000000,0.00000000
5.73094893,0.00000000,-0.07874016
5.73135693,0.00000000,0.00000000
5.73176493,0.39370080,0.00000000
5.73217293,0.39370080,0.00000000
5.73258093,0.00000000,0.00000000
5.73298893,0.00000000,0.00000000
5.73339693,0.39370080,-0.07874016
5.73380493,0.39370080,-0.07874016
5.73421293,0.00000000,0.00000000
5.73462093,0.39370080,-0.07874016
5.73502893,0.39370080,0.00000000
5.73543693,0.78740160,-0.07874016
5.73584493,0.78740160,0.00000000
5.73625293,0.78740160,0.00000000
5.73666093,0.39370080,-0.07874016
5.73706893,0.78740160,-0.07874016
5.73747693,0.78740160,-0.07874016
5.73788493,0.78740160,0.00000000
5.73829293,0.78740160,0.00000000
5.73870093,0.78740160,0.00000000
5.73910893,0.78740160,0.00000000
5.73951693,0.78740160,0.00000000
5.73992493,0.78740160,0.00000000
5.74033293,0.78740160,0.00000000
5.74074093,1.18110200,0.00000000
5.74114893,0.78740160,0.00000000
5.74155693,0.78740160,0.00000000
5.74196493,1.18110200,0.00000000
5.74237293,0.78740160,-0.07874016
5.74278093,0.78740160,0.00000000
5.74318893,0.39370080,-0.07874016
5.74359693,0.78740160,0.00000000
5.74400493,0.78740160,-0.07874016
5.74441293,0.78740160,0.00000000
5.74482093,0.39370080,0.00000000
5.74522893,0.39370080,-0.07874016
5.74563693,0.00000000,-0.07874016
5.74604493,0.39370080,0.00000000
5.74645293,0.39370080,-0.07874016
5.74686093,0.39370080,0.00000000
5.74726893,0.39370080,-0.07874016
5.74767693,0.39370080,0.00000000
5.74808493,0.39370080,-0.07874016
5.74849293,0.00000000,0.00000000
5.74890093,0.00000000,-0.07874016
5.74930893,0.00000000,0.00000000
5.74971693,-0.39370080,-0.07874016
5.75012493,0.39370080,0.00000000
5.75053293,0.00000000,0.00000000
5.75094093,0.00000000,0.00000000
5.75134893,-0.39370080,0.00000000
5.75175693,0.00000000,0.00000000
5.75216493,0.00000000,-0.07874016
5.75257293,-0.39370080,0.00000000
5.75298093,0.00000000,-0.07874016
5.75338893,0.00000000,0.00000000
5.75379693,0.00000000,-0.07874016
5.75420493,0.00000000,0.00000000
5.75461293,0.00000000,0.00000000
5.75502093,0.00000000,0.00000000
5.75542893,0.00000000,-0.07874016
5.75583693,0.00000000,-0.07874016
5.75624493,0.39370080,0.00000000
5.75665293,0.00000000,0.00000000
5.75706093,0.00000000,0.00000000
5.75746893,0.00000000,0.00000000
5.75787693,0.00000000,-0.07874016
5.75828493,0.39370080,-0.07874016
5.75869293,0.39370080,0.00000000
5.75910093,0.00000000,0.00000000
5.75950893,0.39370080,-0.07874016
5.75991693,0.39370080,0.00000000
5.76032493,0.39370080,-0.07874016
5.76073293,0.39370080,0.00000000
5.76114093,0.78740160,0.00000000
5.76154893,0.39370080,0.00000000
5.76195693,0.78740160,0.00000000
5.76236493,0.78740160,0.00000000
5.76277293,0.78740160,0.00000000
5.76318093,0.78740160,-0.07874016
5.76358893,0.78740160,0.00000000
5.76399693,0.78740160,-0.07874016
5.76440493,0.78740160,0.00000000
5.76481293,1.18110200,0.00000000
5.76522093,0.78740160,0.00000000
5.76562893,0.78740160,0.00000000
5.76603693,1.18110200,0.00000000
5.76644493,0.78740160,0.00000000
5.76685293,0.78740160,0.00000000
5.76726093,0.78740160,0.00000000
5.76766893,0.78740160,0.00000000
5.76807693,0.78740160,0.00000000
5.76848492,0.78740160,-0.07874016
5.76889292,0.39370080,0.00000000
5.76930092,0.78740160,0.00000000
5.76970892,0.39370080,0.00000000
5.77011692,0.78740160,-0.07874016
5.77052492,0.39370080,0.00000000
5.77093292,0.39370080,0.00000000
5.77134092,0.39370080,0.00000000
5.77174892,0.39370080,0.00000000
5.77215692,0.39370080,0.00000000
5.77256492,0.39370080,0.00000000
5.77297292,0.00000000,0.00000000
5.77338092,0.39370080,0.00000000
5.77378892,0.39370080,-0.07874016
5.77419692,0.39370080,0.00000000
5.77460492,0.00000000,0.00000000
5.77501292,0.00000000,0.00000000
5.77542092,-0.39370080,0.00000000
5.77582892,0.00000000,0.00000000
5.77623692,-0.39370080,0.00000000
5.77664492,0.00000000,-0.07874016
5.77705292,0.00000000,-0.07874016
5.77746092,-0.39370080,-0.07874016
5.77786892,-0.39370080,0.00000000
5.77827692,-0.39370080,0.00000000
5.77868492,-0.39370080,-0.07874016
5.77909292,0.00000000,0.00000000
5.77950092,0.00000000,0.00000000
5.77990892,0.00000000,0.00000000
5.78031692,0.00000000,0.00000000
5.78072492,0.00000000,-0.07874016
5.78113292,0.00000000,0.00000000
5.78154092,0.00000000,0.00000000
5.78194892,-0.39370080,0.00000000
5.78235692,0.00000000,0.00000000
5.78276492,0.00000000,0.00000000
5.78317292,0.00000000,0.00000000
5.78358092,0.00000000,0.00000000
5.78398892,0.00000000,0.00000000
5.78439692,0.39370080,0.00000000
5.78480492,0.39370080,0.00000000
5.78521292,0.39370080,-0.07874016
5.78562092,0.78740160,0.00000000
5.78602892,0.39370080,0.00000000
5.78643692,0.39370080,0.00000000
5.78684492,0.78740160,0.00000000
5.78725292,0.78740160,-0.07874016
5.78766092,0.39370080,0.00000000
5.78806892,0.39370080,0.00000000
5.78847692,0.78740160,0.00000000
5.78888492,0.78740160,0.00000000
5.78929292,0.78740160,0.00000000
5.78970092,0.78740160,0.00000000
5.79010892,0.78740160,0.00000000
5.79051692,0.78740160,0.00000000
5.79092492,0.78740160,0.00000000
5.79133292,0.78740160,-0.07874016
5.79174092,1.18110200,0.00000000
5.79214892,1.18110200,0.00000000
5.79255692,1.18110200,0.00000000
5.79296492,0.78740160,0.00000000
5.79337292,0.39370080,-0.07874016
5.79378092,0.78740160,-0.07874016
5.79418892,0.78740160,0.00000000
5.79459692,0.78740160,0.00000000
5.79500492,0.78740160,0.00000000
5.79541292,0.39370080,-0.07874016
5.79582092,0.39370080,0.00000000
5.79622892,0.39370080,0.00000000
5.79663692,0.39370080,-0.07874016
5.79704492,0.39370080,0.00000000
5.79745292,0.39370080,0.00000000
5.79786092,0.00000000,0.00000000
5.79826892,0.00000000,0.00000000
5.79867692,0.00000000,0.00000000
5.79908492,0.00000000,0.00000000
5.79949292,0.00000000,0.00000000
5.79990092,0.00000000,0.00000000
5.80030892,0.00000000,0.00000000
5.80071692,-0.39370080,0.00000000
5.80112492,0.00000000,-0.07874016
5.80153292,0.00000000,-0.07874016
5.80194092,0.00000000,0.00000000
5.80234892,-0.39370080,0.00000000
5.80275692,-0.39370080,-0.07874016
5.80316492,0.00000000,0.00000000
5.80357292,0.00000000,0.00000000
5.80398092,-0.78740160,0.00000000
5.80438892,0.00000000,-0.07874016
5.80479692,-0.39370080,0.00000000
5.80520492,0.00000000,0.00000000
5.80561292,0.00000000,-0.07874016
5.80602092,0.00000000,0.00000000
5.80642892,0.00000000,-0.07874016
5.80683692,0.00000000,0.00000000
5.80724492,0.00000000,0.00000000
5.80765292,0.00000000,0.00000000
5.80806092,0.39370080,0.00000000
5.80846892,0.00000000,0.00000000
5.80887692,0.39370080,0.00000000
5.80928492,0.39370080,-0.07874016
5.80969292,0.39370080,0.00000000
5.81010092,0.39370080,-0.07874016
5.81050892,0.39370080,0.00000000
5.81091692,0.78740160,0.00000000
5.81132492,0.39370080,0.00000000
5.81173292,0.78740160,0.00000000
5.81214092,0.78740160,0.00000000
5.81254892,0.39370080,0.00000000
5.81295692,0.78740160,0.00000000
5.81336492,0.78740160,0.00000000
5.81377292,0.78740160,0.00000000
5.81418092,0.78740160,-0.07874016
5.81458892,0.78740160,0.00000000
5.81499692,0.78740160,0.00000000
5.81540492,1.18110200,0.00000000
5.81581292,0.78740160,-0.07874016
5.81622092,1.18110200,0.00000000
5.81662892,0.78740160,0.00000000
5.81703692,0.78740160,0.00000000
5.81744492,0.78740160,-0.07874016
5.81785292,0.78740160,0.00000000
5.81826092,0.78740160,0.00000000
5.81866892,0.78740160,0.00000000
5.81907692,0.78740160,0.00000000
5.81948492,0.78740160,0.00000000
5.81989292,0.39370080,0.00000000
5.82030092,0.39370080,0.00000000
5.82070892,0.39370080,-0.07874016
5.82111692,0.39370080,0.00000000
5.82152492,0.39370080,0.00000000
5.82193292,0.00000000,0.00000000
5.82234092,0.39370080,0.00000000
5.82274892,0.39370080,-0.07874016
5.82315692,0.39370080,-0.07874016
5.82356492,0.00000000,0.00000000
5.82397292,0.39370080,0.00000000
5.82438092,0.00000000,0.00000000
5.82478892,0.00000000,0.00000000
5.82519692,0.39370080,0.00000000
5.82560492,0.00000000,0.00000000
5.82601292,0.00000000,-0.07874016
5.82642092,0.39370080,0.00000000
5.82682892,0.00000000,0.00000000
5.82723692,0.00000000,-0.07874016
5.82764492,-0.39370080,0.00000000
5.82805292,-0.39370080,-0.07874016
5.82846092,0.00000000,0.00000000
5.82886892,0.00000000,0.00000000
5.82927692,0.00000000,0.00000000
5.82968492,0.00000000,0.00000000
5.83009292,-0.39370080,0.00000000
5.83050092,0.00000000,-0.07874016
5.83090892,0.00000000,0.00000000
5.83131692,0.00000000,0.00000000
5.83172492,0.00000000,0.00000000
5.83213292,0.39370080,0.00000000
5.83254092,0.39370080,-0.07874016
5.83294892,0.39370080,-0.07874016
5.83335692,0.00000000,0.00000000
5.83376492,0.39370080,0.00000000
5.83417292,0.39370080,-0.07874016
5.83458092,0.39370080,0.00000000
5.83498892,0.00000000,0.00000000
5.83539692,0.00000000,-0.07874016
5.83580492,0.39370080,0.00000000
5.83621292,0.78740160,0.00000000
5.83662092,0.39370080,0.00000000
5.83702892,0.39370080,0.00000000
5.83743692,0.78740160,0.00000000
5.83784492,0.78740160,-0.07874016
5.83825292,1.18110200,0.00000000
5.83866092,0.78740160,-0.07874016
5.83906892,0.78740160,-0.07874016
5.83947692,1.18110200,0.00000000
5.83988492,0.78740160,-0.07874016
5.84029292,0.78740160,-0.07874016
5.84070092,1.18110200,0.00000000
5.84110892,1.18110200,0.00000000
5.84151692,1.18110200,0.00000000
5.84192492,0.78740160,0.00000000
5.84233292,0.78740160,0.00000000
5.84274092,0.78740160,0.00000000
5.84314892,0.78740160,0.00000000
5.84355692,1.18110200,-0.07874016
5.84396492,0.78740160,0.00000000
5.84437292,0.39370080,0.00000000
5.84478092,0.78740160,0.00000000
5.84518892,0.78740160,-0.07874016
5.84559692,0.39370080,-0.07874016
5.84600492,0.78740160,0.00000000
5.84641292,0.39370080,0.00000000
5.84682092,0.00000000,0.00000000
5.84722892,0.39370080,-0.07874016
5.84763692,0.00000000,-0.07874016
5.84804492,0.00000000,0.00000000
5.84845292,0.00000000,0.00000000
5.84886092,0.00000000,0.00000000
5.84926892,0.00000000,-0.07874016
5.84967692,0.00000000,-0.07874016
5.85008492,0.00000000,0.00000000
5.85049292,0.00000000,0.00000000
5.85090092,0.00000000,-0.07874016
5.85130892,0.00000000,0.00000000
5.85171692,0.00000000,0.00000000
5.85212492,-0.39370080,0.00000000
5.85253292,0.00000000,-0.07874016
5.85294092,0.00000000,-0.07874016
5.85334892,0.00000000,0.00000000
5.85375692,-0.39370080,0.00000000
5.85416492,0.00000000,0.00000000
5.85457292,0.00000000,0.00000000
5.85498092,0.00000000,-0.07874016
5.85538892,0.00000000,-0.07874016
5.85579692,0.00000000,-0.07874016
5.85620492,0.00000000,0.00000000
5.85661292,0.00000000,-0.07874016
5.85702092,0.00000000,0.00000000
5.85742892,0.00000000,0.00000000
5.85783692,0.00000000,0.00000000
5.85824492,0.39370080,0.00000000
5.85865292,0.00000000,0.00000000
5.85906092,0.78740160,0.00000000
5.85946892,0.39370080,0.00000000
5.85987692,0.39370080,-0.07874016
5.86028492,0.78740160,-0.07874016
5.86069292,0.39370080,0.00000000
5.86110092,0.78740160,-0.07874016
5.86150892,0.78740160,0.00000000
5.86191692,0.39370080,-0.07874016
5.86232492,0.78740160,-0.07874016
5.86273292,0.78740160,-0.07874016
5.86314092,0.39370080,-0.07874016
5.86354892,0.78740160,-0.07874016
5.86395692,0.78740160,0.00000000
5.86436492,0.78740160,0.00000000
5.86477292,0.78740160,0.00000000
5.86518092,0.78740160,0.00000000
5.86558892,0.78740160,0.00000000
5.86599692,1.18110200,-0.07874016
5.86640492,0.78740160,0.00000000
5.86681292,0.78740160,-0.07874016
5.86722092,1.18110200,0.00000000
5.86762892,0.78740160,0.00000000
5.86803692,0.39370080,-0.07874016
5.86844492,0.39370080,0.00000000
5.86885292,0.39370080,0.00000000
5.86926092,0.39370080,0.00000000
5.86966892,0.39370080,0.00000000
5.87007692,0.78740160,0.00000000
5.87048492,0.39370080,0.00000000
5.87089292,0.39370080,-0.07874016
5.87130092,0.39370080,-0.07874016
5.87170892,0.39370080,0.00000000
5.87211692,0.39370080,0.00000000
5.87252492,0.39370080,0.00000000
5.87293292,0.00000000,0.00000000
5.87334092,0.39370080,0.00000000
5.87374892,0.39370080,-0.07874016
5.87415692,0.39370080,0.00000000
5.87456492,0.39370080,0.00000000
5.87497292,0.00000000,0.00000000
5.87538092,0.00000000,0.00000000
5.87578892,0.00000000,0.00000000
5.87619692,0.00000000,0.00000000
5.87660492,0.00000000,-0.07874016
5.87701292,0.00000000,-0.07874016
5.87742092,0.00000000,0.00000000
5.87782892,0.00000000,-0.07874016
5.87823692,-0.39370080,0.00000000
5.87864492,0.00000000,-0.07874016
5.87905292,0.00000000,0.00000000
5.87946092,0.00000000,-0.07874016
5.87986892,0.00000000,0.00000000
5.88027692,-0.39370080,-0.07874016
5.88068492,0.00000000,-0.07874016
5.88109292,0.00000000,-0.07874016
5.88150092,0.00000000,0.00000000
5.88190892,0.39370080,0.00000000
5.88231692,0.00000000,0.00000000
5.88272492,0.00000000,-0.07874016
5.88313292,0.39370080,0.00000000
5.88354092,0.00000000,0.00000000
5.88394892,0.39370080,0.00000000
5.88435692,0.39370080,0.00000000
5.88476492,0.39370080,0.00000000
5.88517292,0.39370080,0.00000000
5.88558092,0.78740160,0.00000000
5.88598892,0.39370080,0.00000000
5.88639692,0.39370080,0.00000000
5.88680492,0.78740160,-0.07874016
5.88721292,0.39370080,0.00000000
5.88762092,0.78740160,0.00000000
5.88802892,0.78740160,0.00000000
5.88843692,0.39370080,0.00000000
5.88884492,1.18110200,0.00000000
5.88925292,0.78740160,0.00000000
5.88966092,0.78740160,0.00000000
5.89006892,1.18110200,-0.07874016
5.89047692,0.78740160,0.00000000
5.89088492,0.78740160,0.00000000
5.89129292,0.78740160,0.00000000
5.89170092,0.78740160,0.00000000
5.89210892,0.78740160,-0.07874016
5.89251692,0.78740160,0.00000000
5.89292492,0.78740160,0.00000000
5.89333292,0.78740160,0.00000000
5.89374092,0.39370080,0.00000000
5.89414892,0.78740160,0.00000000
5.89455692,0.39370080,0.00000000
5.89496492,0.39370080,0.00000000
5.89537292,0.78740160,0.00000000
5.89578092,0.78740160,-0.07874016
5.89618892,0.39370080,-0.07874016
5.89659692,0.78740160,0.00000000
5.89700492,0.00000000,0.00000000
5.89741292,0.78740160,0.00000000
5.89782092,0.39370080,0.00000000
5.89822892,0.00000000,0.00000000
5.89863692,0.00000000,0.00000000
5.89904492,0.00000000,0.00000000
5.89945292,0.39370080,-0.07874016
5.89986092,0.00000000,0.00000000
5.90026892,0.00000000,0.00000000
5.90067692,-0.39370080,0.00000000
5.90108492,0.00000000,0.00000000
5.90149292,0.00000000,-0.07874016
5.90190092,0.00000000,-0.07874016
5.90230892,0.00000000,-0.07874016
5.90271692,0.00000000,0.00000000
5.90312492,0.00000000,-0.07874016
5.90353292,-0.39370080,0.00000000
5.90394092,0.00000000,0.00000000
5.90434892,0.00000000,-0.07874016
5.90475692,0.00000000,0.00000000
5.90516492,0.00000000,0.00000000
5.90557292,0.00000000,-0.07874016
5.90598092,0.00000000,0.00000000
5.90638892,0.00000000,-0.07874016
5.90679692,0.00000000,0.00000000
5.90720492,0.00000000,-0.07874016
5.90761292,0.39370080,0.00000000
5.90802092,0.00000000,-0.07874016
5.90842892,0.39370080,0.00000000
5.90883692,0.39370080,0.00000000
5.90924492,0.39370080,0.00000000
5.90965292,0.39370080,0.00000000
5.91006092,0.39370080,0.00000000
5.91046892,0.00000000,0.00000000
5.91087692,0.78740160,0.00000000
5.91128492,0.39370080,-0.07874016
5.91169292,0.39370080,-0.07874016
5.91210092,0.78740160,-0.07874016
5.91250892,0.39370080,0.00000000
5.91291692,0.78740160,-0.07874016
5.91332492,0.78740160,0.00000000
5.91373292,0.78740160,0.00000000
5.91414092,1.18110200,0.00000000
5.91454892,1.18110200,-0.07874016
5.91495692,0.78740160,0.00000000
5.91536492,1.18110200,0.00000000
5.91577292,0.78740160,-0.07874016
5.91618092,0.78740160,0.00000000
5.91658892,1.18110200,0.00000000
5.91699692,0.78740160,0.00000000
5.91740492,0.78740160,0.00000000
5.91781292,0.78740160,0.00000000
5.91822092,1.18110200,-0.07874016
5.91862892,0.78740160,0.00000000
5.91903692,0.78740160,0.00000000
5.91944492,0.39370080,-0.07874016
5.91985292,0.78740160,0.00000000
5.92026092,0.39370080,0.00000000
5.92066892,0.39370080,0.00000000
5.92107692,0.00000000,-0.07874016
5.92148492,0.39370080,0.00000000
5.92189292,0.39370080,-0.07874016
5.92230092,0.39370080,0.00000000
5.92270892,0.39370080,0.00000000
5.92311692,0.39370080,-0.07874016
5.92352492,0.00000000,0.00000000
5.92393292,0.00000000,0.00000000
5.92434092,0.00000000,0.00000000
5.92474892,0.00000000,0.00000000
5.92515692,0.39370080,0.00000000
5.92556492,0.00000000,0.00000000
5.92597292,0.00000000,-0.07874016
5.92638092,0.00000000,0.00000000
5.92678892,0.00000000,0.00000000
5.92719692,0.00000000,0.00000000
5.92760492,-0.39370080,0.00000000
5.92801292,0.00000000,0.00000000
5.92842092,0.00000000,0.00000000
5.92882892,0.00000000,0.00000000
5.92923692,0.00000000,0.00000000
5.92964492,0.00000000,-0.07874016
5.93005292,-0.39370080,-0.07874016
5.93046092,-0.39370080,0.00000000
5.93086892,0.00000000,0.00000000
5.93127692,0.00000000,-0.07874016
5.93168492,0.00000000,0.00000000
5.93209292,0.00000000,0.00000000
5.93250092,0.00000000,0.00000000
5.93290892,0.00000000,0.00000000
5.93331692,0.00000000,0.00000000
5.93372492,0.39370080,-0.07874016
5.93413292,0.39370080,0.00000000
5.93454092,0.39370080,0.00000000
5.93494892,0.39370080,0.00000000
5.93535692,0.39370080,0.00000000
5.93576492,0.39370080,0.00000000
5.93617292,0.78740160,-0.07874016
5.93658092,0.39370080,0.00000000
5.93698892,0.39370080,0.00000000
5.93739692,0.78740160,0.00000000
5.93780492,0.78740160,0.00000000
5.93821292,0.78740160,-0.07874016
5.93862092,0.78740160,0.00000000
5.93902892,0.78740160,0.00000000
5.93943692,1.18110200,0.00000000
5.93984492,1.18110200,-0.07874016
5.94025292,0.78740160,0.00000000
5.94066092,1.18110200,0.00000000
5.94106892,0.78740160,0.00000000
5.94147692,0.39370080,-0.07874016
5.94188492,0.78740160,-0.07874016
5.94229292,0.78740160,0.00000000
5.94270092,1.18110200,0.00000000
5.94310892,0.39370080,0.00000000
5.94351692,0.78740160,0.00000000
5.94392492,0.78740160,0.00000000
5.94433292,0.39370080,0.00000000
5.94474092,0.78740160,0.00000000
5.94514891,0.39370080,0.00000000
5.94555691,0.39370080,0.00000000
5.94596491,0.39370080,0.00000000
5.94637291,0.78740160,0.00000000
5.94678091,0.39370080,-0.07874016
5.94718891,0.39370080,-0.07874016
5.94759691,0.39370080,0.00000000
5.94800491,0.39370080,0.00000000
5.94841291,0.00000000,0.00000000
5.94882091,0.00000000,-0.07874016
5.94922891,0.39370080,0.00000000
5.94963691,0.00000000,0.00000000
5.95004491,-0.39370080,-0.07874016
5.95045291,0.00000000,0.00000000
5.95086091,-0.39370080,0.00000000
5.95126891,0.00000000,0.00000000
5.95167691,-0.39370080,0.00000000
5.95208491,-0.39370080,0.00000000
5.95249291,0.00000000,0.00000000
5.95290091,-0.39370080,-0.07874016
5.95330891,0.00000000,0.00000000
5.95371691,0.00000000,-0.07874016
5.95412491,0.00000000,-0.07874016
5.95453291,0.00000000,0.00000000
5.95494091,0.00000000,0.00000000
5.95534891,0.00000000,0.00000000
5.95575691,0.00000000,-0.07874016
5.95616491,0.39370080,0.00000000
5.95657291,-0.39370080,0.00000000
5.95698091,0.00000000,0.00000000
5.95738891,0.00000000,0.00000000
5.95779691,0.39370080,-0.07874016
5.95820491,0.39370080,0.00000000
5.95861291,0.00000000,0.00000000
5.95902091,0.39370080,0.00000000
5.95942891,0.39370080,0.00000000
5.95983691,0.00000000,0.00000000
5.96024491,0.39370080,0.00000000
5.96065291,0.78740160,0.00000000
5.96106091,0.39370080,0.00000000
5.96146891,0.78740160,0.00000000
5.96187691,0.78740160,-0.07874016
5.96228491,0.78740160,0.00000000
5.96269291,0.78740160,0.00000000
5.96310091,0.78740160,-0.07874016
5.96350891,0.78740160,0.00000000
5.96391691,0.78740160,0.00000000
5.96432491,0.78740160,0.00000000
5.96473291,0.78740160,0.00000000
5.96514091,0.78740160,0.00000000
5.96554891,0.78740160,0.00000000
5.96595691,1.18110200,-0.07874016
5.96636491,0.78740160,0.00000000
5.96677291,1.18110200,0.00000000
5.96718091,1.18110200,0.00000000
5.96758891,0.78740160,-0.07874016
5.96799691,0.78740160,0.00000000
5.96840491,0.39370080,0.00000000
5.96881291,0.78740160,-0.07874016
5.96922091,0.78740160,0.00000000
5.96962891,0.78740160,-0.07874016
5.97003691,0.78740160,0.00000000
5.97044491,0.78740160,0.00000000
5.97085291,0.39370080,0.00000000
5.97126091,0.39370080,-0.07874016
5.97166891,0.39370080,-0.07874016
5.97207691,0.39370080,0.00000000
5.97248491,0.39370080,0.00000000
5.97289291,0.39370080,0.00000000
5.97330091,0.00000000,0.00000000
5.97370891,0.39370080,0.00000000
5.97411691,0.00000000,-0.07874016
5.97452491,0.00000000,0.00000000
5.97493291,0.00000000,-0.07874016
5.97534091,0.00000000,0.00000000
5.97574891,0.00000000,0.00000000
5.97615691,0.00000000,0.00000000
5.97656491,0.00000000,-0.07874016
5.97697291,0.00000000,0.00000000
5.97738091,0.00000000,0.00000000
5.97778891,0.00000000,0.00000000
5.97819691,0.00000000,0.00000000
5.97860491,-0.78740160,0.00000000
5.97901291,0.00000000,0.00000000
5.97942091,0.00000000,0.00000000
5.97982891,0.00000000,-0.07874016
5.98023691,0.00000000,0.00000000
5.98064491,0.00000000,0.00000000
5.98105291,0.00000000,0.00000000
5.98146091,0.00000000,-0.07874016
5.98186891,0.00000000,0.00000000
5.98227691,0.00000000,0.00000000
5.98268491,0.00000000,0.00000000
5.98309291,0.00000000,0.00000000
5.98350091,0.00000000,0.00000000
5.98390891,0.39370080,-0.07874016
5.98431691,0.39370080,0.00000000
5.98472491,0.39370080,0.00000000
5.98513291,0.39370080,-0.07874016
5.98554091,0.39370080,0.00000000
5.98594891,0.00000000,0.00000000
5.98635691,0.39370080,0.00000000
5.98676491,0.39370080,0.00000000
5.98717291,0.78740160,-0.07874016
5.98758091,0.39370080,0.00000000
5.98798891,0.78740160,-0.07874016
5.98839691,0.78740160,0.00000000
5.98880491,0.78740160,0.00000000
5.98921291,1.18110200,0.00000000
5.98962091,0.78740160,-0.07874016
5.99002891,1.18110200,0.00000000
5.99043691,1.18110200,0.00000000
5.99084491,0.78740160,0.00000000
5.99125291,0.78740160,0.00000000
5.99166091,1.18110200,0.00000000
5.99206891,0.39370080,0.00000000
5.99247691,0.78740160,0.00000000
5.99288491,0.78740160,0.00000000
5.99329291,0.78740160,0.00000000
5.99370091,0.78740160,0.00000000
5.99410891,0.78740160,0.00000000
5.99451691,0.78740160,0.00000000
5.99492491,0.78740160,0.00000000
5.99533291,0.39370080,0.00000000
5.99574091,0.78740160,-0.07874016
5.99614891,0.39370080,-0.07874016
5.99655691,0.39370080,0.00000000
5.99696491,0.39370080,-0.07874016
5.99737291,0.39370080,0.00000000
5.99778091,0.39370080,0.00000000
5.99818891,0.00000000,0.00000000
5.99859691,0.39370080,0.00000000
5.99900491,0.00000000,-0.07874016
5.99941291,0.00000000,0.00000000
5.99982091,0.00000000,0.00000000
6.00022891,0.00000000,-0.07874016
6.00063691,0.00000000,-0.07874016
6.00104491,0.00000000,-0.07874016
6.00145291,0.00000000,0.00000000
6.00186091,0.00000000,-0.07874016
6.00226891,0.00000000,0.00000000
6.00267691,0.00000000,-0.07874016
6.00308491,0.00000000,0.00000000
6.00349291,0.00000000,-0.07874016
6.00390091,-0.39370080,-0.07874016
6.00430891,-0.39370080,0.00000000
6.00471691,0.00000000,0.00000000
6.00512491,0.00000000,0.00000000
6.00553291,0.00000000,-0.07874016
6.00594091,0.00000000,-0.07874016
6.00634891,0.00000000,0.00000000
6.00675691,0.00000000,0.00000000
6.00716491,0.00000000,-0.07874016
6.00757291,0.00000000,0.00000000
6.00798091,0.39370080,-0.07874016
6.00838891,0.00000000,0.00000000
6.00879691,0.39370080,0.00000000
6.00920491,0.00000000,0.00000000
6.00961291,0.39370080,0.00000000
6.01002091,0.39370080,0.00000000
6.01042891,0.78740160,0.00000000
6.01083691,0.39370080,0.00000000
6.01124491,0.78740160,-0.07874016
6.01165291,0.78740160,-0.07874016
6.01206091,0.78740160,0.00000000
6.01246891,0.78740160,-0.07874016
6.01287691,0.78740160,-0.07874016
6.01328491,0.39370080,0.00000000
6.01369291,0.78740160,0.00000000
6.01410091,0.78740160,0.00000000
6.01450891,0.39370080,0.00000000
6.01491691,1.18110200,-0.07874016
6.01532491,0.78740160,-0.07874016
6.01573291,1.18110200,-0.07874016
6.01614091,0.78740160,0.00000000
6.01654891,0.78740160,0.00000000
6.01695691,0.78740160,-0.07874016
6.01736491,0.78740160,0.00000000
6.01777291,1.18110200,0.00000000
6.01818091,1.18110200,0.00000000
6.01858891,0.78740160,0.00000000
6.01899691,0.78740160,0.00000000
6.01940491,0.78740160,0.00000000
6.01981291,0.39370080,0.00000000
6.02022091,0.78740160,0.00000000
6.02062891,0.39370080,0.00000000
6.02103691,0.39370080,0.00000000
6.02144491,0.39370080,-0.07874016
6.02185291,0.78740160,0.00000000
6.02226091,0.00000000,0.00000000
6.02266891,0.78740160,0.00000000
6.02307691,0.39370080,-0.07874016
6.02348491,0.39370080,0.00000000
6.02389291,0.39370080,0.00000000
6.02430091,0.00000000,-0.07874016
6.02470891,0.00000000,0.00000000
6.02511691,0.39370080,0.00000000
6.02552491,-0.39370080,0.00000000
6.02593291,0.00000000,0.00000000
6.02634091,0.00000000,0.00000000
6.02674891,0.00000000,0.00000000
6.02715691,-0.39370080,0.00000000
6.02756491,0.00000000,0.00000000
6.02797291,0.00000000,0.00000000
6.02838091,0.00000000,0.00000000
6.02878891,0.00000000,-0.07874016
6.02919691,-0.39370080,0.00000000
6.02960491,0.00000000,0.00000000
6.03001291,0.00000000,0.00000000
6.03042091,0.00000000,-0.07874016
6.03082891,-0.39370080,-0.07874016
6.03123691,-0.39370080,0.00000000
6.03164491,0.00000000,0.00000000
6.03205291,0.00000000,-0.07874016
6.03246091,0.00000000,0.00000000
6.03286891,0.00000000,0.00000000
6.03327691,0.00000000,0.00000000
6.03368491,0.00000000,0.00000000
6.03409291,0.00000000,0.00000000
6.03450091,0.00000000,-0.07874016
6.03490891,0.39370080,0.00000000
6.03531691,0.39370080,0.00000000
6.03572491,0.00000000,0.00000000
6.03613291,0.39370080,-0.07874016
6.03654091,0.39370080,-0.07874016
6.03694891,0.78740160,-0.07874016
6.03735691,0.78740160,-0.07874016
6.03776491,0.39370080,0.00000000
6.03817291,0.78740160,0.00000000
6.03858091,0.78740160,0.00000000
6.03898891,0.78740160,-0.07874016
6.03939691,0.78740160,-0.07874016
6.03980491,0.78740160,0.00000000
6.04021291,0.78740160,0.00000000
6.04062091,0.78740160,0.00000000
6.04102891,1.18110200,-0.07874016
6.04143691,0.78740160,0.00000000
6.04184491,0.78740160,-0.07874016
6.04225291,0.78740160,0.00000000
6.04266091,0.78740160,0.00000000
6.04306891,0.78740160,0.00000000
6.04347691,0.78740160,-0.07874016
6.04388491,0.78740160,-0.07874016
6.04429291,0.78740160,-0.07874016
6.04470091,0.78740160,0.00000000
6.04510891,0.78740160,-0.07874016
6.04551691,0.78740160,-0.07874016
6.04592491,0.78740160,-0.07874016
6.04633291,0.39370080,0.00000000
6.04674091,0.39370080,0.00000000
6.04714891,0.39370080,-0.07874016
6.04755691,0.39370080,0.00000000
6.04796491,0.39370080,0.00000000
6.04837291,0.39370080,0.00000000
6.04878091,0.00000000,0.00000000
6.04918891,0.00000000,-0.07874016
6.04959691,0.00000000,0.00000000
6.05000491,0.00000000,0.00000000
6.05041291,-0.39370080,-0.07874016
6.05082091,0.00000000,0.00000000
6.05122891,0.00000000,0.00000000
6.05163691,0.00000000,0.00000000
6.05204491,0.00000000,0.00000000
6.05245291,0.00000000,-0.07874016
6.05286091,0.00000000,0.00000000
6.05326891,-0.39370080,-0.07874016
6.05367691,-0.39370080,0.00000000
6.05408491,0.00000000,-0.07874016
6.05449291,0.00000000,0.00000000
6.05490091,-0.39370080,0.00000000
6.05530891,0.00000000,0.00000000
6.05571691,0.00000000,0.00000000
6.05612491,0.00000000,0.00000000
6.05653291,0.00000000,0.00000000
6.05694091,0.00000000,0.00000000
6.05734891,0.00000000,-0.07874016
6.05775691,-0.39370080,0.00000000
6.05816491,0.39370080,0.00000000
6.05857291,0.00000000,-0.07874016
6.05898091,0.00000000,0.00000000
6.05938891,0.00000000,0.00000000
6.05979691,0.39370080,0.00000000
6.06020491,0.39370080,0.00000000
6.06061291,0.39370080,-0.07874016
6.06102091,0.39370080,0.00000000
6.06142891,0.39370080,-0.07874016
6.06183691,0.39370080,0.00000000
6.06224491,0.39370080,0.00000000
6.06265291,0.78740160,0.00000000
6.06306091,0.78740160,-0.07874016
6.06346891,0.78740160,0.00000000
6.06387691,0.39370080,-0.07874016
6.06428491,0.78740160,0.00000000
6.06469291,0.39370080,0.00000000
6.06510091,0.78740160,-0.07874016
6.06550891,0.78740160,0.00000000
6.06591691,0.78740160,0.00000000
6.06632491,1.18110200,0.00000000
6.06673291,0.78740160,0.00000000
6.06714091,0.78740160,0.00000000
6.06754891,0.78740160,0.00000000
6.06795691,0.78740160,0.00000000
6.06836491,0.39370080,0.00000000
6.06877291,1.18110200,0.00000000
6.06918091,0.78740160,0.00000000
6.06958891,0.78740160,-0.07874016
6.06999691,0.78740160,0.00000000
6.07040491,0.39370080,0.00000000
6.07081291,0.78740160,0.00000000
6.07122091,0.39370080,0.00000000
6.07162891,0.39370080,0.00000000
6.07203691,0.39370080,0.00000000
6.07244491,0.39370080,-0.07874016
6.07285291,0.00000000,0.00000000
6.07326091,0.39370080,0.00000000
6.07366891,0.39370080,0.00000000
6.07407691,0.00000000,0.00000000
6.07448491,0.00000000,-0.07874016
6.07489291,0.00000000,-0.07874016
6.07530091,0.00000000,0.00000000
6.07570891,0.00000000,0.00000000
6.07611691,0.00000000,-0.07874016
6.07652491,0.00000000,0.00000000
6.07693291,-0.39370080,0.00000000
6.07734091,0.00000000,0.00000000
6.07774891,0.00000000,0.00000000
6.07815691,0.00000000,-0.07874016
6.07856491,-0.39370080,0.00000000
6.07897291,-0.39370080,0.00000000
6.07938091,0.00000000,-0.07874016
6.07978891,0.00000000,0.00000000
6.08019691,-0.39370080,0.00000000
6.08060491,0.00000000,0.00000000
6.08101291,0.00000000,-0.07874016
6.08142091,0.00000000,0.00000000
6.08182891,0.00000000,-0.07874016
6.08223691,0.00000000,0.00000000
6.08264491,0.00000000,0.00000000
6.08305291,0.00000000,0.00000000
6.08346091,0.00000000,-0.07874016
6.08386891,0.39370080,0.00000000
6.08427691,0.39370080,0.00000000
6.08468491,0.00000000,0.00000000
6.08509291,0.39370080,-0.07874016
6.08550091,0.00000000,-0.07874016
6.08590891,0.78740160,-0.07874016
6.08631691,0.39370080,-0.07874016
6.08672491,0.39370080,-0.07874016
6.08713291,0.39370080,-0.07874016
6.08754091,0.39370080,0.00000000
6.08794891,0.78740160,0.00000000
6.08835691,0.78740160,0.00000000
6.08876491,0.78740160,0.00000000
6.08917291,0.78740160,0.00000000
6.08958091,0.78740160,0.00000000
6.08998891,1.18110200,0.00000000
6.09039691,0.78740160,0.00000000
6.09080491,1.18110200,-0.07874016
6.09121291,1.18110200,0.00000000
6.09162091,0.78740160,0.00000000
6.09202891,0.39370080,0.00000000
6.09243691,1.18110200,0.00000000
6.09284491,0.39370080,-0.07874016
6.09325291,0.78740160,-0.07874016
6.09366091,1.18110200,0.00000000
6.09406891,0.78740160,0.00000000
6.09447691,0.39370080,0.00000000
6.09488491,0.78740160,0.00000000
6.09529291,0.39370080,0.00000000
6.09570091,0.78740160,-0.07874016
6.09610891,0.78740160,-0.07874016
6.09651691,0.39370080,0.00000000
6.09692491,0.39370080,-0.07874016
6.09733291,0.39370080,-0.07874016
6.09774091,0.00000000,0.00000000
6.09814891,0.39370080,-0.07874016
6.09855691,0.39370080,-0.07874016
6.09896491,0.39370080,0.00000000
6.09937291,0.00000000,0.00000000
6.09978091,0.39370080,0.00000000
6.10018891,0.00000000,0.00000000
6.10059691,0.00000000,0.00000000
6.10100491,0.00000000,0.00000000
6.10141291,0.00000000,0.00000000
6.10182091,0.00000000,-0.07874016
6.10222891,0.00000000,0.00000000
6.10263691,0.00000000,0.00000000
6.10304491,-0.39370080,0.00000000
6.10345291,-0.39370080,-0.07874016
6.10386091,0.00000000,0.00000000
6.10426891,0.00000000,0.00000000
6.10467691,0.00000000,0.00000000
6.10508491,0.00000000,0.00000000
6.10549291,0.00000000,0.00000000
6.10590091,0.00000000,0.00000000
6.10630891,0.00000000,0.00000000
6.10671691,-0.39370080,0.00000000
6.10712491,0.39370080,0.00000000
6.10753291,0.00000000,0.00000000
6.10794091,0.00000000,0.00000000
6.10834891,0.00000000,0.00000000
6.10875691,0.00000000,0.00000000
6.10916491,0.00000000,0.00000000
6.10957291,0.00000000,0.00000000
6.10998091,0.39370080,0.00000000
6.11038891,0.39370080,0.00000000
6.11079691,0.39370080,0.00000000
6.11120491,0.39370080,0.00000000
6.11161291,0.78740160,0.00000000
6.11202091,0.39370080,-0.07874016
6.11242891,0.78740160,0.00000000
6.11283691,0.78740160,0.00000000
6.11324491,0.78740160,0.00000000
6.11365291,0.78740160,-0.07874016
6.11406091,0.78740160,0.00000000
6.11446891,0.78740160,0.00000000
6.11487691,0.78740160,0.00000000
6.11528491,0.78740160,0.00000000
6.11569291,0.78740160,0.00000000
6.11610091,0.78740160,0.00000000
6.11650891,1.18110200,0.00000000
6.11691691,0.78740160,0.00000000
6.11732491,1.18110200,-0.07874016
6.11773291,0.78740160,-0.07874016
6.11814091,1.18110200,-0.07874016
6.11854891,1.18110200,0.00000000
6.11895691,1.18110200,0.00000000
6.11936491,0.78740160,0.00000000
6.11977291,0.78740160,0.00000000
6.12018091,0.78740160,0.00000000
6.12058891,0.78740160,0.00000000
6.12099691,0.78740160,0.00000000
6.12140491,0.39370080,0.00000000
6.12181290,0.78740160,0.00000000
6.12222090,0.39370080,0.00000000
6.12262890,0.39370080,0.00000000
6.12303690,0.39370080,0.00000000
6.12344490,0.39370080,-0.07874016
6.12385290,0.00000000,0.00000000
6.12426090,0.39370080,0.00000000
6.12466890,0.00000000,0.00000000
6.12507690,0.00000000,0.00000000
6.12548490,0.00000000,0.00000000
6.12589290,0.00000000,0.00000000
6.12630090,0.00000000,0.00000000
6.12670890,-0.39370080,-0.07874016
6.12711690,0.00000000,0.00000000
6.12752490,0.39370080,-0.07874016
6.12793290,-0.39370080,-0.07874016
6.12834090,0.00000000,-0.07874016
6.12874890,0.00000000,0.00000000
6.12915690,0.00000000,-0.07874016
6.12956490,0.00000000,0.00000000
6.12997290,-0.39370080,-0.07874016
6.13038090,0.00000000,0.00000000
6.13078890,0.00000000,-0.07874016
6.13119690,0.00000000,0.00000000
6.13160490,0.00000000,0.00000000
6.13201290,0.00000000,0.00000000
6.13242090,0.00000000,0.00000000
6.13282890,0.00000000,0.00000000
6.13323690,0.00000000,-0.07874016
6.13364490,0.00000000,0.00000000
6.13405290,0.00000000,0.00000000
6.13446090,0.00000000,0.00000000
6.13486890,0.39370080,0.00000000
6.13527690,0.39370080,0.00000000
6.13568490,0.39370080,0.00000000
6.13609290,0.39370080,0.00000000
6.13650090,0.78740160,0.00000000
6.13690890,0.39370080,0.00000000
6.13731690,0.39370080,-0.07874016
6.13772490,0.39370080,0.00000000
6.13813290,0.39370080,0.00000000
6.13854090,0.78740160,0.00000000
6.13894890,0.78740160,0.00000000
6.13935690,1.18110200,0.00000000
6.13976490,0.78740160,0.00000000
6.14017290,0.78740160,0.00000000
6.14058090,0.78740160,0.00000000
6.14098890,0.78740160,0.00000000
6.14139690,0.39370080,-0.07874016
6.14180490,0.78740160,-0.07874016
6.14221290,1.18110200,0.00000000
6.14262090,0.78740160,0.00000000
6.14302890,0.78740160,-0.07874016
6.14343690,0.78740160,0.00000000
6.14384490,1.18110200,0.00000000
6.14425290,0.78740160,0.00000000
6.14466090,0.78740160,-0.07874016
6.14506890,0.78740160,-0.07874016
6.14547690,0.78740160,-0.07874016
6.14588490,0.39370080,-0.07874016
6.14629290,0.78740160,-0.07874016
6.14670090,0.39370080,0.00000000
6.14710890,0.00000000,0.00000000
6.14751690,0.00000000,0.00000000
6.14792490,0.39370080,0.00000000
6.14833290,0.00000000,-0.07874016
6.14874090,0.00000000,0.00000000
6.14914890,0.00000000,-0.07874016
6.14955690,0.39370080,0.00000000
6.14996490,0.00000000,0.00000000
6.15037290,0.00000000,0.00000000
6.15078090,0.00000000,0.00000000
6.15118890,0.00000000,0.00000000
6.15159690,0.39370080,-0.07874016
6.15200490,0.00000000,-0.07874016
6.15241290,-0.39370080,-0.07874016
6.15282090,0.00000000,0.00000000
6.15322890,0.00000000,-0.07874016
6.15363690,0.00000000,0.00000000
6.15404490,0.00000000,-0.07874016
6.15445290,0.00000000,-0.07874016
6.15486090,0.00000000,0.00000000
6.15526890,0.00000000,-0.07874016
6.15567690,0.00000000,0.00000000
6.15608490,0.00000000,-0.07874016
6.15649290,-0.39370080,-0.07874016
6.15690090,0.00000000,0.00000000
6.15730890,0.00000000,0.00000000
6.15771690,0.00000000,0.00000000
6.15812490,0.00000000,0.00000000
6.15853290,0.00000000,0.00000000
6.15894090,0.00000000,0.00000000
6.15934890,0.00000000,0.00000000
6.15975690,0.00000000,-0.07874016
6.16016490,0.39370080,0.00000000
6.16057290,0.00000000,-0.07874016
6.16098090,0.39370080,-0.07874016
6.16138890,0.39370080,0.00000000
6.16179690,0.39370080,-0.07874016
6.16220490,0.39370080,0.00000000
6.16261290,0.78740160,-0.07874016
6.16302090,0.78740160,-0.07874016
6.16342890,0.39370080,0.00000000
6.16383690,0.39370080,0.00000000
6.16424490,0.78740160,0.00000000
6.16465290,0.78740160,0.00000000
6.16506090,0.78740160,0.00000000
6.16546890,0.78740160,0.00000000
6.16587690,0.78740160,0.00000000
6.16628490,0.78740160,0.00000000
6.16669290,1.18110200,-0.07874016
6.16710090,0.78740160,0.00000000
6.16750890,0.78740160,0.00000000
6.16791690,0.78740160,0.00000000
6.16832490,1.18110200,-0.07874016
6.16873290,0.78740160,0.00000000
6.16914090,0.78740160,-0.07874016
6.16954890,0.39370080,0.00000000
6.16995690,0.78740160,-0.07874016
6.17036490,0.39370080,0.00000000
6.17077290,0.39370080,0.00000000
6.17118090,0.39370080,0.00000000
6.17158890,0.39370080,0.00000000
6.17199690,0.39370080,0.00000000
6.17240490,0.78740160,-0.07874016
6.17281290,0.39370080,0.00000000
6.17322090,0.39370080,-0.07874016
6.17362890,0.00000000,0.00000000
6.17403690,0.00000000,0.00000000
6.17444490,0.39370080,0.00000000
6.17485290,0.39370080,0.00000000
6.17526090,0.00000000,0.00000000
6.17566890,0.00000000,0.00000000
6.17607690,0.00000000,0.00000000
6.17648490,0.00000000,0.00000000
6.17689290,0.00000000,0.00000000
6.17730090,0.39370080,0.00000000
6.17770890,0.00000000,0.00000000
6.17811690,0.00000000,0.00000000
6.17852490,0.00000000,0.00000000
6.17893290,0.00000000,0.00000000
6.17934090,0.00000000,-0.07874016
6.17974890,0.00000000,-0.07874016
6.18015690,0.00000000,-0.07874016
6.18056490,0.00000000,0.00000000
6.18097290,0.00000000,-0.07874016
6.18138090,0.00000000,0.00000000
6.18178890,0.00000000,0.00000000
6.18219690,0.00000000,0.00000000
6.18260490,0.00000000,-0.07874016
6.18301290,0.00000000,0.00000000
6.18342090,0.00000000,0.00000000
6.18382890,0.00000000,0.00000000
6.18423690,0.00000000,0.00000000
6.18464490,0.39370080,0.00000000
6.18505290,0.00000000,0.00000000
6.18546090,0.00000000,0.00000000
6.18586890,0.39370080,0.00000000
6.18627690,0.39370080,-0.07874016
6.18668490,0.39370080,0.00000000
6.18709290,0.39370080,-0.07874016
6.18750090,0.39370080,0.00000000
6.18790890,0.39370080,0.00000000
6.18831690,0.78740160,0.00000000
6.18872490,0.78740160,0.00000000
6.18913290,0.39370080,0.00000000
6.18954090,0.78740160,-0.07874016
6.18994890,0.78740160,-0.07874016
6.19035690,0.78740160,-0.07874016
6.19076490,0.78740160,0.00000000
6.19117290,0.78740160,-0.07874016
6.19158090,0.78740160,0.00000000
6.19198890,0.39370080,0.00000000
6.19239690,1.18110200,0.00000000
6.19280490,0.78740160,0.00000000
6.19321290,0.78740160,0.00000000
6.19362090,0.78740160,-0.07874016
6.19402890,0.78740160,0.00000000
6.19443690,0.78740160,0.00000000
6.19484490,0.78740160,0.00000000
6.19525290,0.78740160,0.00000000
6.19566090,0.78740160,0.00000000
6.19606890,0.39370080,0.00000000
6.19647690,0.39370080,-0.07874016
6.19688490,0.78740160,0.00000000
6.19729290,0.39370080,0.00000000
6.19770090,0.39370080,-0.07874016
6.19810890,0.78740160,0.00000000
6.19851690,0.00000000,0.00000000
6.19892490,0.00000000,-0.07874016
6.19933290,0.39370080,0.00000000
6.19974090,-0.39370080,0.00000000
6.20014890,0.00000000,0.00000000
6.20055690,0.39370080,0.00000000
6.20096490,0.00000000,0.00000000
6.20137290,0.00000000,0.00000000
6.20178090,0.00000000,0.00000000
6.20218890,0.00000000,0.00000000
6.20259690,0.39370080,-0.07874016
6.20300490,0.00000000,-0.07874016
6.20341290,0.00000000,-0.07874016
6.20382090,0.00000000,0.00000000
6.20422890,0.00000000,0.00000000
6.20463690,0.00000000,0.00000000
6.20504490,0.00000000,-0.07874016
6.20545290,-0.39370080,0.00000000
6.20586090,0.00000000,0.00000000
6.20626890,0.00000000,0.00000000
6.20667690,0.00000000,0.00000000
6.20708490,0.00000000,0.00000000
6.20749290,0.00000000,0.00000000
6.20790090,0.00000000,0.00000000
6.20830890,0.39370080,-0.07874016
6.20871690,0.00000000,0.00000000
6.20912490,0.39370080,0.00000000
6.20953290,0.39370080,0.00000000
6.20994090,0.00000000,0.00000000
6.21034890,0.39370080,0.00000000
6.21075690,0.39370080,0.00000000
6.21116490,0.00000000,0.00000000
6.21157290,0.39370080,0.00000000
6.21198090,0.39370080,-0.07874016
6.21238890,0.39370080,-0.07874016
6.21279690,0.39370080,-0.07874016
6.21320490,0.39370080,0.00000000
6.21361290,0.39370080,0.00000000
6.21402090,0.39370080,0.00000000
6.21442890,0.78740160,-0.07874016
6.21483690,0.78740160,0.00000000
6.21524490,0.78740160,0.00000000
6.21565290,0.39370080,0.00000000
6.21606090,0.39370080,0.00000000
6.21646890,0.78740160,0.00000000
6.21687690,0.78740160,-0.07874016
6.21728490,0.78740160,-0.07874016
6.21769290,1.18110200,0.00000000
6.21810090,0.78740160,-0.07874016
6.21850890,0.78740160,0.00000000
6.21891690,0.39370080,0.00000000
6.21932490,0.78740160,0.00000000
6.21973290,0.78740160,0.00000000
6.22014090,0.39370080,0.00000000
6.22054890,0.78740160,-0.07874016
6.22095690,0.39370080,-0.07874016
6.22136490,0.78740160,0.00000000
6.22177290,0.39370080,0.00000000
6.22218090,0.39370080,0.00000000
6.22258890,0.78740160,0.00000000
6.22299690,0.39370080,0.00000000
6.22340490,0.39370080,0.00000000
6.22381290,0.00000000,-0.07874016
6.22422090,0.00000000,0.00000000
6.22462890,0.39370080,-0.07874016
6.22503690,0.39370080,0.00000000
6.22544490,0.00000000,0.00000000
6.22585290,0.00000000,-0.07874016
6.22626090,0.39370080,-0.07874016
6.22666890,0.00000000,0.00000000
6.22707690,0.39370080,0.00000000
6.22748490,0.00000000,0.00000000
6.22789290,0.00000000,0.00000000
6.22830090,0.00000000,0.00000000
6.22870890,0.39370080,0.00000000
6.22911690,0.00000000,0.00000000
6.22952490,0.00000000,-0.07874016
6.22993290,0.00000000,0.00000000
6.23034090,-0.39370080,-0.07874016
6.23074890,0.00000000,-0.07874016
6.23115690,0.00000000,0.00000000
6.23156490,0.00000000,-0.07874016
6.23197290,0.00000000,0.00000000
6.23238090,0.00000000,0.00000000
6.23278890,0.00000000,0.00000000
6.23319690,0.00000000,-0.07874016
6.23360490,0.00000000,0.00000000
6.23401290,0.00000000,0.00000000
6.23442090,0.00000000,0.00000000
6.23482890,0.00000000,0.00000000
6.23523690,0.39370080,0.00000000
6.23564490,0.00000000,-0.07874016
6.23605290,0.00000000,0.00000000
6.23646090,0.39370080,0.00000000
6.23686890,0.78740160,-0.07874016
6.23727690,0.39370080,0.00000000
6.23768490,0.39370080,0.00000000
6.23809290,0.39370080,0.00000000
6.23850090,0.39370080,-0.07874016
6.23890890,0.78740160,0.00000000
6.23931690,0.39370080,0.00000000
6.23972490,0.39370080,0.00000000
6.24013290,0.39370080,0.00000000
6.24054090,0.39370080,0.00000000
6.24094890,0.78740160,0.00000000
6.24135690,0.39370080,0.00000000
6.24176490,0.78740160,-0.07874016
6.24217290,0.78740160,0.00000000
6.24258090,0.39370080,-0.07874016
6.24298890,0.78740160,0.00000000
6.24339690,0.78740160,0.00000000
6.24380490,0.39370080,0.00000000
6.24421290,0.78740160,0.00000000
6.24462090,0.78740160,-0.07874016
6.24502890,0.78740160,0.00000000
6.24543690,0.39370080,0.00000000
6.24584490,0.39370080,-0.07874016
6.24625290,0.78740160,0.00000000
6.24666090,0.39370080,0.00000000
6.24706890,0.39370080,0.00000000
6.24747690,0.78740160,-0.07874016
6.24788490,0.39370080,0.00000000
6.24829290,0.39370080,0.00000000
6.24870090,0.39370080,-0.07874016
6.24910890,0.00000000,-0.07874016
6.24951690,0.39370080,-0.07874016
6.24992490,0.39370080,0.00000000
6.25033290,0.39370080,-0.07874016
6.25074090,0.39370080,0.00000000
6.25114890,0.00000000,0.00000000
6.25155690,0.00000000,0.00000000
6.25196490,0.39370080,0.00000000
6.25237290,0.39370080,0.00000000
6.25278090,0.00000000,0.00000000
6.25318890,0.00000000,0.00000000
6.25359690,0.00000000,0.00000000
6.25400490,0.00000000,0.00000000
6.25441290,0.00000000,0.00000000
6.25482090,0.00000000,0.00000000
6.25522890,0.00000000,0.00000000
6.25563690,0.00000000,-0.07874016
6.25604490,0.00000000,0.00000000
6.25645290,0.00000000,0.00000000
6.25686090,0.00000000,0.00000000
6.25726890,0.00000000,0.00000000
6.25767690,0.00000000,0.00000000
6.25808490,0.00000000,0.00000000
6.25849290,0.39370080,0.00000000
6.25890090,0.00000000,0.00000000
6.25930890,0.00000000,0.00000000
6.25971690,0.39370080,-0.07874016
6.26012490,0.00000000,0.00000000
6.26053290,0.00000000,-0.07874016
6.26094090,0.00000000,0.00000000
6.26134890,0.00000000,-0.07874016
6.26175690,0.39370080,0.00000000
6.26216490,0.39370080,0.00000000
6.26257290,0.00000000,0.00000000
6.26298090,0.39370080,-0.07874016
6.26338890,0.00000000,0.00000000
6.26379690,0.39370080,0.00000000
6.26420490,0.39370080,0.00000000
6.26461290,0.78740160,0.00000000
6.26502090,0.78740160,0.00000000
6.26542890,0.78740160,0.00000000
6.26583690,0.78740160,0.00000000
6.26624490,0.39370080,0.00000000
6.26665290,0.39370080,-0.07874016
6.26706090,0.39370080,0.00000000
6.26746890,0.78740160,0.00000000
6.26787690,0.78740160,0.00000000
6.26828490,0.78740160,0.00000000
6.26869290,0.78740160,0.00000000
6.26910090,0.78740160,0.00000000
6.26950890,0.78740160,0.00000000
6.26991690,0.39370080,0.00000000
6.27032490,0.39370080,-0.07874016
6.27073290,0.78740160,-0.07874016
6.27114090,0.39370080,0.00000000
6.27154890,0.78740160,0.00000000
6.27195690,0.39370080,0.00000000
6.27236490,0.39370080,0.00000000
6.27277290,0.39370080,0.00000000
6.27318090,0.39370080,0.00000000
6.27358890,0.39370080,-0.07874016
6.27399690,0.39370080,-0.07874016
6.27440490,0.78740160,0.00000000
6.27481290,0.39370080,0.00000000
6.27522090,0.39370080,-0.07874016
6.27562890,0.39370080,0.00000000
6.27603690,0.00000000,-0.07874016
6.27644490,0.39370080,0.00000000
6.27685290,0.78740160,-0.07874016
6.27726090,0.00000000,0.00000000
6.27766890,0.39370080,0.00000000
6.27807690,0.39370080,0.00000000
6.27848490,0.39370080,0.00000000
6.27889290,0.00000000,0.00000000
6.27930090,0.00000000,-0.07874016
6.27970890,0.00000000,0.00000000
6.28011690,0.00000000,0.00000000
6.28052490,0.00000000,0.00000000
6.28093290,0.00000000,0.00000000
6.28134090,0.39370080,0.00000000
6.28174890,0.00000000,0.00000000
6.28215690,0.00000000,0.00000000
6.28256490,0.00000000,-0.07874016
6.28297290,-0.39370080,0.00000000
6.28338090,0.00000000,0.00000000
6.28378890,0.00000000,0.00000000
6.28419690,0.00000000,0.00000000
6.28460490,0.00000000,-0.07874016
6.28501290,0.00000000,-0.07874016
6.28542090,0.00000000,0.00000000
6.28582890,0.00000000,0.00000000
6.28623690,0.00000000,-0.07874016
6.28664490,0.39370080,0.00000000
6.28705290,0.39370080,0.00000000
6.28746090,0.00000000,-0.07874016
6.28786890,0.00000000,0.00000000
6.28827690,0.00000000,-0.07874016
6.28868490,0.39370080,-0.07874016
6.28909290,0.39370080,0.00000000
6.28950090,0.39370080,0.00000000
6.28990890,0.39370080,-0.07874016
6.29031690,0.39370080,0.00000000
6.29072490,0.78740160,-0.07874016
6.29113290,0.39370080,0.00000000
6.29154090,0.39370080,-0.07874016
6.29194890,0.39370080,0.00000000
6.29235690,0.78740160,0.00000000
6.29276490,0.39370080,0.00000000
6.29317290,0.78740160,0.00000000
6.29358090,0.39370080,0.00000000
6.29398890,0.39370080,-0.07874016
6.29439690,0.39370080,-0.07874016
6.29480490,0.39370080,0.00000000
6.29521290,0.78740160,0.00000000
6.29562090,0.78740160,-0.07874016
6.29602890,0.39370080,0.00000000
6.29643690,0.78740160,-0.07874016
6.29684490,0.78740160,0.00000000
6.29725290,0.39370080,0.00000000
6.29766090,0.39370080,0.00000000
6.29806890,0.78740160,0.00000000
6.29847689,0.39370080,0.00000000
6.29888489,0.39370080,-0.07874016
6.29929289,0.78740160,0.00000000
6.29970089,0.39370080,0.00000000
6.30010889,0.39370080,0.00000000
6.30051689,0.78740160,-0.07874016
6.30092489,0.39370080,-0.07874016
6.30133289,0.00000000,0.00000000
6.30174089,0.39370080,-0.07874016
6.30214889,0.00000000,-0.07874016
6.30255689,0.00000000,0.00000000
6.30296489,0.00000000,0.00000000
6.30337289,0.39370080,0.00000000
6.30378089,0.00000000,-0.07874016
6.30418889,0.00000000,-0.07874016
6.30459689,0.39370080,0.00000000
6.30500489,0.00000000,0.00000000
6.30541289,0.00000000,0.00000000
6.30582089,0.39370080,0.00000000
6.30622889,0.00000000,0.00000000
6.30663689,0.00000000,-0.07874016
6.30704489,0.00000000,-0.07874016
6.30745289,0.00000000,-0.07874016
6.30786089,0.00000000,0.00000000
6.30826889,0.00000000,0.00000000
6.30867689,0.00000000,0.00000000
6.30908489,0.00000000,0.00000000
6.30949289,0.00000000,0.00000000
6.30990089,0.00000000,-0.07874016
6.31030889,0.39370080,0.00000000
6.31071689,0.00000000,0.00000000
6.31112489,0.00000000,0.00000000
6.31153289,0.00000000,0.00000000
6.31194089,0.00000000,0.00000000
6.31234889,0.39370080,0.00000000
6.31275689,0.39370080,0.00000000
6.31316489,0.00000000,0.00000000
6.31357289,0.39370080,0.00000000
6.31398089,0.39370080,0.00000000
6.31438889,0.00000000,0.00000000
6.31479689,0.39370080,0.00000000
6.31520489,0.39370080,0.00000000
6.31561289,0.39370080,0.00000000
6.31602089,0.39370080,0.00000000
6.31642889,0.39370080,0.00000000
6.31683689,0.39370080,-0.07874016
6.31724489,0.78740160,0.00000000
6.31765289,0.39370080,-0.07874016
6.31806089,0.39370080,0.00000000
6.31846889,0.78740160,0.00000000
6.31887689,0.00000000,-0.07874016
6.31928489,0.78740160,0.00000000
6.31969289,0.39370080,0.00000000
6.32010089,0.78740160,0.00000000
6.32050889,0.78740160,0.00000000
6.32091689,0.78740160,-0.07874016
6.32132489,0.39370080,0.00000000
6.32173289,0.78740160,-0.07874016
6.32214089,0.39370080,0.00000000
6.32254889,0.78740160,0.00000000
6.32295689,0.39370080,0.00000000
6.32336489,0.39370080,0.00000000
6.32377289,0.39370080,0.00000000
6.32418089,0.78740160,0.00000000
6.32458889,0.39370080,0.00000000
6.32499689,0.78740160,0.00000000
6.32540489,0.39370080,0.00000000
6.32581289,0.00000000,0.00000000
6.32622089,0.39370080,0.00000000
6.32662889,0.39370080,0.00000000
6.32703689,0.39370080,0.00000000
6.32744489,0.39370080,0.00000000
6.32785289,0.00000000,-0.07874016
6.32826089,0.39370080,0.00000000
6.32866889,0.00000000,0.00000000
6.32907689,0.00000000,-0.07874016
6.32948489,0.39370080,0.00000000
6.32989289,0.00000000,-0.07874016
6.33030089,0.00000000,-0.07874016
6.33070889,0.00000000,0.00000000
6.33111689,-0.39370080,0.00000000
6.33152489,0.00000000,-0.07874016
6.33193289,0.39370080,0.00000000
6.33234089,0.00000000,0.00000000
6.33274889,0.00000000,-0.07874016
6.33315689,0.00000000,0.00000000
6.33356489,0.39370080,0.00000000
6.33397289,0.00000000,0.00000000
6.33438089,0.00000000,0.00000000
6.33478889,0.00000000,0.00000000
6.33519689,0.00000000,0.00000000
6.33560489,0.00000000,-0.07874016
6.33601289,0.39370080,0.00000000
6.33642089,0.39370080,0.00000000
6.33682889,0.00000000,0.00000000
6.33723689,0.39370080,0.00000000
6.33764489,0.00000000,0.00000000
6.33805289,0.39370080,0.00000000
6.33846089,0.00000000,0.00000000
6.33886889,0.00000000,-0.07874016
6.33927689,0.00000000,0.00000000
6.33968489,0.39370080,0.00000000
6.34009289,0.00000000,0.00000000
6.34050089,0.39370080,0.00000000
6.34090889,0.39370080,-0.07874016
6.34131689,0.00000000,0.00000000
6.34172489,0.39370080,-0.07874016
6.34213289,0.39370080,0.00000000
6.34254089,0.39370080,0.00000000
6.34294889,0.39370080,0.00000000
6.34335689,0.78740160,0.00000000
6.34376489,0.00000000,0.00000000
6.34417289,0.39370080,0.00000000
6.34458089,0.00000000,-0.07874016
6.34498889,0.39370080,0.00000000
6.34539689,0.39370080,0.00000000
6.34580489,0.78740160,0.00000000
6.34621289,0.78740160,0.00000000
6.34662089,0.39370080,0.00000000
6.34702889,0.78740160,0.00000000
6.34743689,0.78740160,0.00000000
6.34784489,0.78740160,-0.07874016
6.34825289,0.78740160,0.00000000
6.34866089,0.78740160,-0.07874016
6.34906889,0.78740160,0.00000000
6.34947689,0.39370080,-0.07874016
6.34988489,0.78740160,-0.07874016
6.35029289,0.78740160,0.00000000
6.35070089,0.78740160,0.00000000
6.35110889,0.39370080,0.00000000
6.35151689,0.78740160,0.00000000
6.35192489,0.39370080,0.00000000
6.35233289,0.39370080,0.00000000
6.35274089,0.39370080,-0.07874016
6.35314889,0.39370080,0.00000000
6.35355689,0.39370080,0.00000000
6.35396489,0.00000000,0.00000000
6.35437289,0.39370080,0.00000000
6.35478089,0.39370080,0.00000000
6.35518889,0.00000000,0.00000000
6.35559689,0.00000000,0.00000000
6.35600489,0.39370080,-0.07874016
6.35641289,0.39370080,0.00000000
6.35682089,0.78740160,0.00000000
6.35722889,0.00000000,0.00000000
6.35763689,0.00000000,0.00000000
6.35804489,0.00000000,0.00000000
6.35845289,0.00000000,-0.07874016
6.35886089,0.00000000,0.00000000
6.35926889,0.00000000,0.00000000
6.35967689,0.00000000,0.00000000
6.36008489,0.00000000,0.00000000
6.36049289,0.00000000,0.00000000
6.36090089,0.00000000,0.00000000
6.36130889,0.00000000,-0.07874016
6.36171689,0.00000000,0.00000000
6.36212489,0.00000000,0.00000000
6.36253289,0.00000000,0.00000000
6.36294089,0.00000000,-0.07874016
6.36334889,0.00000000,0.00000000
6.36375689,0.39370080,0.00000000
6.36416489,0.00000000,-0.07874016
6.36457289,0.00000000,0.00000000
6.36498089,0.39370080,0.00000000
6.36538889,0.00000000,0.00000000
6.36579689,0.00000000,0.00000000
6.36620489,0.39370080,0.00000000
6.36661289,0.39370080,-0.07874016
6.36702089,0.00000000,0.00000000
6.36742889,0.39370080,-0.07874016
6.36783689,0.00000000,0.00000000
6.36824489,0.39370080,0.00000000
6.36865289,0.00000000,-0.07874016
6.36906089,0.39370080,0.00000000
6.36946889,0.78740160,0.00000000
6.36987689,0.78740160,0.00000000
6.37028489,0.39370080,0.00000000
6.37069289,0.39370080,-0.07874016
6.37110089,0.39370080,0.00000000
6.37150889,0.78740160,0.00000000
6.37191689,0.39370080,0.00000000
6.37232489,0.78740160,-0.07874016
6.37273289,0.78740160,-0.07874016
6.37314089,0.78740160,0.00000000
6.37354889,0.39370080,0.00000000
6.37395689,0.78740160,0.00000000
6.37436489,0.78740160,0.00000000
6.37477289,0.78740160,0.00000000
6.37518089,0.39370080,-0.07874016
6.37558889,0.78740160,0.00000000
6.37599689,0.39370080,0.00000000
6.37640489,0.39370080,-0.07874016
6.37681289,0.78740160,0.00000000
6.37722089,0.39370080,0.00000000
6.37762889,0.39370080,0.00000000
6.37803689,0.39370080,-0.07874016
6.37844489,0.39370080,0.00000000
6.37885289,0.39370080,0.00000000
6.37926089,0.39370080,0.00000000
6.37966889,0.39370080,-0.07874016
6.38007689,0.39370080,0.00000000
6.38048489,0.39370080,0.00000000
6.38089289,0.39370080,0.00000000
6.38130089,0.39370080,0.00000000
6.38170889,0.39370080,0.00000000
6.38211689,0.00000000,0.00000000
6.38252489,0.39370080,0.00000000
6.38293289,0.39370080,-0.07874016
6.38334089,0.00000000,0.00000000
6.38374889,0.00000000,-0.07874016
6.38415689,0.00000000,0.00000000
6.38456489,0.00000000,0.00000000
6.38497289,0.00000000,-0.07874016
6.38538089,0.39370080,0.00000000
6.38578889,0.00000000,0.00000000
6.38619689,0.00000000,0.00000000
6.38660489,0.00000000,0.00000000
6.38701289,0.00000000,0.00000000
6.38742089,0.00000000,0.00000000
6.38782889,0.00000000,0.00000000
6.38823689,-0.39370080,-0.07874016
6.38864489,0.00000000,0.00000000
6.38905289,0.00000000,0.00000000
6.38946089,0.00000000,0.00000000
6.38986889,0.00000000,0.00000000
6.39027689,0.39370080,0.00000000
6.39068489,0.00000000,0.00000000
6.39109289,0.39370080,-0.07874016
6.39150089,0.00000000,0.00000000
6.39190889,0.00000000,0.00000000
6.39231689,0.39370080,0.00000000
6.39272489,0.39370080,0.00000000
6.39313289,0.00000000,0.00000000
6.39354089,0.39370080,0.00000000
6.39394889,0.39370080,0.00000000
6.39435689,0.39370080,-0.07874016
6.39476489,0.78740160,0.00000000
6.39517289,0.39370080,-0.07874016
6.39558089,0.39370080,0.00000000
6.39598889,0.39370080,-0.07874016
6.39639689,0.39370080,0.00000000
6.39680489,0.78740160,-0.07874016
6.39721289,0.78740160,-0.07874016
6.39762089,0.78740160,-0.07874016
6.39802889,0.78740160,0.00000000
6.39843689,0.78740160,-0.07874016
6.39884489,0.78740160,0.00000000
6.39925289,0.39370080,-0.07874016
6.39966089,0.39370080,0.00000000
6.40006889,0.78740160,-0.07874016
6.40047689,0.78740160,0.00000000
6.40088489,0.78740160,0.00000000
6.40129289,0.78740160,-0.07874016
6.40170089,0.78740160,-0.07874016
6.40210889,0.78740160,-0.07874016
6.40251689,0.78740160,-0.07874016
6.40292489,0.78740160,0.00000000
6.40333289,0.39370080,0.00000000
6.40374089,0.39370080,0.00000000
6.40414889,0.39370080,-0.07874016
6.40455689,0.39370080,0.00000000
6.40496489,0.39370080,0.00000000
6.40537289,0.39370080,0.00000000
6.40578089,0.39370080,-0.07874016
6.40618889,0.00000000,0.00000000
6.40659689,0.39370080,0.00000000
6.40700489,0.39370080,-0.07874016
6.40741289,0.39370080,0.00000000
6.40782089,0.00000000,0.00000000
6.40822889,0.00000000,-0.07874016
6.40863689,0.39370080,0.00000000
6.40904489,0.00000000,0.00000000
6.40945289,0.00000000,0.00000000
6.40986089,0.00000000,0.00000000
6.41026889,0.00000000,0.00000000
6.41067689,-0.39370080,-0.07874016
6.41108489,0.00000000,0.00000000
6.41149289,0.00000000,0.00000000
6.41190089,0.00000000,0.00000000
6.41230889,0.00000000,-0.07874016
6.41271689,0.00000000,0.00000000
6.41312489,0.00000000,0.00000000
6.41353289,0.00000000,-0.07874016
6.41394089,0.39370080,0.00000000
6.41434889,0.39370080,0.00000000
6.41475689,-0.39370080,0.00000000
6.41516489,0.00000000,0.00000000
6.41557289,0.00000000,0.00000000
6.41598089,0.39370080,0.00000000
6.41638889,0.00000000,0.00000000
6.41679689,0.00000000,-0.07874016
6.41720489,0.39370080,0.00000000
6.41761289,0.00000000,0.00000000
6.41802089,0.00000000,-0.07874016
6.41842889,0.39370080,-0.07874016
6.41883689,0.00000000,-0.07874016
6.41924489,0.39370080,0.00000000
6.41965289,0.39370080,0.00000000
6.42006089,0.39370080,-0.07874016
6.42046889,0.39370080,-0.07874016
6.42087689,0.78740160,0.00000000
6.42128489,0.39370080,-0.07874016
6.42169289,0.78740160,-0.07874016
6.42210089,0.78740160,0.00000000
6.42250889,0.78740160,0.00000000
6.42291689,0.39370080,0.00000000
6.42332489,0.39370080,0.00000000
6.42373289,0.78740160,0.00000000
6.42414089,0.78740160,-0.07874016
6.42454889,0.78740160,-0.07874016
6.42495689,0.78740160,0.00000000
6.42536489,0.78740160,0.00000000
6.42577289,0.78740160,0.00000000
6.42618089,0.78740160,0.00000000
6.42658889,0.39370080,0.00000000
6.42699689,0.39370080,-0.07874016
6.42740489,0.78740160,0.00000000
6.42781289,0.78740160,-0.07874016
6.42822089,0.78740160,-0.07874016
6.42862889,0.39370080,-0.07874016
6.42903689,0.39370080,0.00000000
6.42944489,0.39370080,0.00000000
6.42985289,0.39370080,0.00000000
6.43026089,0.78740160,-0.07874016
6.43066889,0.39370080,-0.07874016
6.43107689,0.39370080,0.00000000
6.43148489,0.39370080,-0.07874016
6.43189289,0.78740160,0.00000000
6.43230089,0.39370080,-0.07874016
6.43270889,0.39370080,-0.07874016
6.43311689,0.00000000,0.00000000
6.43352489,0.39370080,-0.07874016
6.43393289,0.00000000,0.00000000
6.43434089,0.00000000,0.00000000
6.43474889,0.00000000,0.00000000
6.43515689,0.39370080,-0.07874016
6.43556489,-0.39370080,0.00000000
6.43597289,0.00000000,0.00000000
6.43638089,0.00000000,0.00000000
6.43678889,0.00000000,-0.07874016
6.43719689,0.00000000,0.00000000
6.43760489,0.00000000,0.00000000
6.43801289,0.00000000,0.00000000
6.43842089,0.00000000,-0.07874016
6.43882889,0.00000000,0.00000000
6.43923689,0.00000000,-0.07874016
6.43964489,0.39370080,0.00000000
6.44005289,0.00000000,-0.07874016
6.44046089,0.00000000,0.00000000
6.44086889,0.00000000,-0.07874016
6.44127689,0.00000000,0.00000000
6.44168489,0.00000000,-0.07874016
6.44209289,0.00000000,-0.07874016
6.44250089,0.39370080,-0.07874016
6.44290889,0.00000000,0.00000000
6.44331689,0.39370080,0.00000000
6.44372489,0.39370080,0.00000000
6.44413289,0.39370080,-0.07874016
6.44454089,0.39370080,0.00000000
6.44494889,0.39370080,-0.07874016
6.44535689,0.39370080,0.00000000
6.44576489,0.78740160,-0.07874016
6.44617289,0.78740160,0.00000000
6.44658089,0.39370080,-0.07874016
6.44698889,0.78740160,-0.07874016
6.44739689,0.78740160,0.00000000
6.44780489,0.78740160,-0.07874016
6.44821289,0.78740160,0.00000000
6.44862089,0.78740160,0.00000000
6.44902889,0.78740160,0.00000000
6.44943689,0.78740160,-0.07874016
6.44984489,0.78740160,0.00000000
6.45025289,0.78740160,0.00000000
6.45066089,0.78740160,-0.07874016
6.45106889,0.78740160,0.00000000
6.45147689,1.18110200,-0.07874016
6.45188489,0.78740160,0.00000000
6.45229289,0.78740160,-0.07874016
6.45270089,0.78740160,0.00000000
6.45310889,0.78740160,-0.07874016
6.45351689,0.78740160,-0.07874016
6.45392489,0.78740160,-0.07874016
6.45433289,0.39370080,-0.07874016
6.45474089,0.39370080,0.00000000
6.45514889,0.78740160,0.00000000
6.45555689,0.78740160,-0.07874016
6.45596489,0.39370080,0.00000000
6.45637289,0.39370080,0.00000000
6.45678089,0.00000000,0.00000000
6.45718889,0.00000000,0.00000000
6.45759689,0.39370080,0.00000000
6.45800489,0.00000000,0.00000000
6.45841289,0.00000000,0.00000000
6.45882089,0.00000000,0.00000000
6.45922889,0.00000000,0.00000000
6.45963689,0.00000000,0.00000000
6.46004489,-0.39370080,-0.07874016
6.46045289,0.00000000,0.00000000
6.46086089,0.00000000,0.00000000
6.46126889,0.00000000,0.00000000
6.46167689,0.00000000,0.00000000
6.46208489,0.00000000,0.00000000
6.46249289,0.00000000,0.00000000
6.46290089,0.00000000,0.00000000
6.46330889,0.00000000,0.00000000
6.46371689,0.00000000,0.00000000
6.46412489,0.00000000,0.00000000
6.46453289,0.00000000,0.00000000
6.46494089,0.00000000,0.00000000
6.46534889,0.00000000,0.00000000
6.46575689,0.39370080,0.00000000
6.46616489,-0.39370080,0.00000000
6.46657289,0.00000000,0.00000000
6.46698089,0.00000000,0.00000000
6.46738889,0.39370080,0.00000000
6.46779689,0.39370080,-0.07874016
6.46820489,0.00000000,0.00000000
6.46861289,0.00000000,0.00000000
6.46902089,0.39370080,0.00000000
6.46942889,0.00000000,0.00000000
6.46983689,0.39370080,0.00000000
6.47024489,0.39370080,0.00000000
6.47065289,0.39370080,0.00000000
6.47106089,0.39370080,-0.07874016
6.47146889,0.39370080,0.00000000
6.47187689,0.78740160,0.00000000
6.47228489,0.78740160,0.00000000
6.47269289,0.78740160,0.00000000
6.47310089,0.78740160,0.00000000
6.47350889,0.39370080,-0.07874016
6.47391689,0.78740160,0.00000000
6.47432489,0.78740160,0.00000000
6.47473289,0.39370080,0.00000000
6.47514089,1.18110200,0.00000000
6.47554888,0.78740160,0.00000000
6.47595688,0.78740160,-0.07874016
6.47636488,0.78740160,0.00000000
6.47677288,0.78740160,-0.07874016
6.47718088,0.78740160,0.00000000
6.47758888,1.18110200,0.00000000
6.47799688,0.78740160,0.00000000
6.47840488,0.78740160,-0.07874016
6.47881288,0.78740160,0.00000000
6.47922088,0.78740160,0.00000000
6.47962888,0.78740160,0.00000000
6.48003688,0.78740160,0.00000000
6.48044488,0.39370080,0.00000000
6.48085288,0.39370080,0.00000000
6.48126088,0.39370080,0.00000000
6.48166888,0.39370080,0.00000000
6.48207688,0.39370080,0.00000000
6.48248488,0.39370080,-0.07874016
6.48289288,0.39370080,0.00000000
6.48330088,0.00000000,-0.07874016
6.48370888,0.00000000,0.00000000
6.48411688,0.00000000,0.00000000
6.48452488,0.00000000,0.00000000
6.48493288,0.00000000,0.00000000
6.48534088,0.00000000,0.00000000
6.48574888,0.00000000,0.00000000
6.48615688,0.00000000,0.00000000
6.48656488,0.00000000,0.00000000
6.48697288,-0.39370080,-0.07874016
6.48738088,0.00000000,0.00000000
6.48778888,0.00000000,0.00000000
6.48819688,0.00000000,-0.07874016
6.48860488,0.00000000,-0.07874016
6.48901288,0.00000000,0.00000000
6.48942088,0.00000000,0.00000000
6.48982888,0.00000000,0.00000000
6.49023688,0.00000000,0.00000000
6.49064488,0.00000000,0.00000000
6.49105288,0.00000000,0.00000000
6.49146088,-0.39370080,0.00000000
6.49186888,0.00000000,0.00000000
6.49227688,0.00000000,0.00000000
6.49268488,0.00000000,-0.07874016
6.49309288,0.00000000,-0.07874016
6.49350088,0.39370080,0.00000000
6.49390888,0.39370080,0.00000000
6.49431688,0.39370080,0.00000000
6.49472488,0.39370080,0.00000000
6.49513288,0.39370080,0.00000000
6.49554088,0.78740160,0.00000000
6.49594888,0.39370080,0.00000000
6.49635688,0.78740160,-0.07874016
6.49676488,0.78740160,0.00000000
6.49717288,0.78740160,0.00000000
6.49758088,0.78740160,0.00000000
6.49798888,0.39370080,0.00000000
6.49839688,0.78740160,0.00000000
6.49880488,0.78740160,0.00000000
6.49921288,0.78740160,0.00000000
6.49962088,0.78740160,0.00000000
6.50002888,1.18110200,0.00000000
6.50043688,0.78740160,-0.07874016
6.50084488,0.78740160,-0.07874016
6.50125288,0.78740160,0.00000000
6.50166088,0.78740160,0.00000000
6.50206888,0.78740160,0.00000000
6.50247688,0.78740160,0.00000000
6.50288488,1.18110200,-0.07874016
6.50329288,0.78740160,0.00000000
6.50370088,0.78740160,0.00000000
6.50410888,0.78740160,0.00000000
6.50451688,0.39370080,0.00000000
6.50492488,0.78740160,-0.07874016
6.50533288,0.39370080,-0.07874016
6.50574088,0.39370080,0.00000000
6.50614888,0.39370080,-0.07874016
6.50655688,0.39370080,0.00000000
6.50696488,0.39370080,-0.07874016
6.50737288,0.39370080,0.00000000
6.50778088,0.39370080,0.00000000
6.50818888,0.39370080,0.00000000
6.50859688,0.39370080,-0.07874016
6.50900488,0.00000000,0.00000000
6.50941288,0.00000000,-0.07874016
6.50982088,0.00000000,0.00000000
6.51022888,-0.39370080,0.00000000
6.51063688,0.00000000,0.00000000
6.51104488,0.00000000,0.00000000
6.51145288,-0.39370080,0.00000000
6.51186088,0.00000000,-0.07874016
6.51226888,0.00000000,0.00000000
6.51267688,0.00000000,0.00000000
6.51308488,0.00000000,0.00000000
6.51349288,0.00000000,0.00000000
6.51390088,-0.39370080,0.00000000
6.51430888,-0.39370080,-0.07874016
6.51471688,0.00000000,-0.07874016
6.51512488,0.00000000,-0.07874016
6.51553288,0.00000000,0.00000000
6.51594088,0.00000000,0.00000000
6.51634888,0.00000000,0.00000000
6.51675688,0.00000000,0.00000000
6.51716488,0.00000000,-0.07874016
6.51757288,0.00000000,-0.07874016
6.51798088,0.00000000,0.00000000
6.51838888,0.00000000,-0.07874016
6.51879688,0.00000000,0.00000000
6.51920488,0.00000000,0.00000000
6.51961288,0.39370080,0.00000000
6.52002088,0.39370080,-0.07874016
6.52042888,0.39370080,-0.07874016
6.52083688,0.39370080,0.00000000
6.52124488,0.78740160,0.00000000
6.52165288,0.78740160,-0.07874016
6.52206088,0.39370080,0.00000000
6.52246888,1.18110200,0.00000000
6.52287688,0.78740160,0.00000000
6.52328488,0.78740160,0.00000000
6.52369288,0.78740160,0.00000000
6.52410088,0.78740160,0.00000000
6.52450888,0.78740160,0.00000000
6.52491688,0.78740160,0.00000000
6.52532488,1.18110200,0.00000000
6.52573288,1.18110200,0.00000000
6.52614088,0.78740160,-0.07874016
6.52654888,1.18110200,-0.07874016
6.52695688,0.78740160,0.00000000
6.52736488,0.78740160,-0.07874016
6.52777288,0.78740160,-0.07874016
6.52818088,0.78740160,0.00000000
6.52858888,0.39370080,0.00000000
6.52899688,0.78740160,0.00000000
6.52940488,0.78740160,0.00000000
6.52981288,0.39370080,0.00000000
6.53022088,0.39370080,0.00000000
6.53062888,0.39370080,-0.07874016
6.53103688,0.39370080,0.00000000
6.53144488,0.39370080,-0.07874016
6.53185288,0.00000000,0.00000000
6.53226088,0.39370080,-0.07874016
6.53266888,0.39370080,0.00000000
6.53307688,0.39370080,0.00000000
6.53348488,0.00000000,0.00000000
6.53389288,0.00000000,0.00000000
6.53430088,0.39370080,0.00000000
6.53470888,0.00000000,0.00000000
6.53511688,-0.39370080,0.00000000
6.53552488,0.00000000,-0.07874016
6.53593288,0.00000000,-0.07874016
6.53634088,0.00000000,-0.07874016
6.53674888,0.00000000,0.00000000
6.53715688,0.00000000,0.00000000
6.53756488,0.00000000,0.00000000
6.53797288,-0.39370080,-0.07874016
6.53838088,-0.78740160,0.00000000
6.53878888,-0.39370080,-0.07874016
6.53919688,-0.39370080,-0.07874016
6.53960488,-0.39370080,-0.07874016
6.54001288,0.00000000,0.00000000
6.54042088,0.00000000,0.00000000
6.54082888,0.00000000,0.00000000
6.54123688,0.00000000,0.00000000
6.54164488,0.00000000,-0.07874016
6.54205288,0.00000000,0.00000000
6.54246088,0.00000000,0.00000000
6.54286888,0.00000000,0.00000000
6.54327688,0.00000000,-0.07874016
6.54368488,0.39370080,0.00000000
6.54409288,0.39370080,0.00000000
6.54450088,0.39370080,0.00000000
6.54490888,0.39370080,0.00000000
6.54531688,0.39370080,0.00000000
6.54572488,0.39370080,0.00000000
6.54613288,0.78740160,0.00000000
6.54654088,0.39370080,-0.07874016
6.54694888,0.78740160,0.00000000
6.54735688,0.78740160,0.00000000
6.54776488,0.78740160,-0.07874016
6.54817288,0.39370080,0.00000000
6.54858088,0.78740160,0.00000000
6.54898888,0.78740160,0.00000000
6.54939688,0.78740160,-0.07874016
6.54980488,0.78740160,0.00000000
6.55021288,1.18110200,0.00000000
6.55062088,0.78740160,0.00000000
6.55102888,0.78740160,-0.07874016
6.55143688,0.78740160,0.00000000
6.55184488,0.78740160,0.00000000
6.55225288,1.18110200,0.00000000
6.55266088,0.78740160,0.00000000
6.55306888,0.78740160,0.00000000
6.55347688,0.78740160,0.00000000
6.55388488,0.78740160,0.00000000
6.55429288,0.78740160,0.00000000
6.55470088,0.39370080,0.00000000
6.55510888,0.39370080,0.00000000
6.55551688,0.78740160,0.00000000
6.55592488,0.39370080,0.00000000
6.55633288,0.39370080,0.00000000
6.55674088,0.78740160,0.00000000
6.55714888,0.39370080,-0.07874016
6.55755688,0.39370080,0.00000000
6.55796488,0.00000000,0.00000000
6.55837288,0.00000000,-0.07874016
6.55878088,0.39370080,0.00000000
6.55918888,0.39370080,-0.07874016
6.55959688,0.00000000,0.00000000
6.56000488,0.00000000,0.00000000
6.56041288,0.00000000,0.00000000
6.56082088,0.00000000,0.00000000
6.56122888,0.00000000,0.00000000
6.56163688,-0.39370080,0.00000000
6.56204488,-0.39370080,0.00000000
6.56245288,0.00000000,-0.07874016
6.56286088,-0.39370080,0.00000000
6.56326888,-0.39370080,-0.07874016
6.56367688,0.00000000,0.00000000
6.56408488,-0.39370080,0.00000000
6.56449288,0.00000000,0.00000000
6.56490088,0.00000000,-0.07874016
6.56530888,-0.39370080,0.00000000
6.56571688,-0.39370080,-0.07874016
6.56612488,0.00000000,0.00000000
6.56653288,0.00000000,0.00000000
6.56694088,-0.39370080,0.00000000
6.56734888,0.00000000,0.00000000
6.56775688,0.00000000,0.00000000
6.56816488,0.00000000,-0.07874016
6.56857288,0.00000000,0.00000000
6.56898088,0.39370080,0.00000000
6.56938888,0.39370080,0.00000000
6.56979688,0.00000000,-0.07874016
6.57020488,0.39370080,0.00000000
6.57061288,0.39370080,-0.07874016
6.57102088,0.78740160,0.00000000
6.57142888,0.39370080,0.00000000
6.57183688,0.78740160,0.00000000
6.57224488,0.39370080,0.00000000
6.57265288,0.39370080,-0.07874016
6.57306088,0.39370080,0.00000000
6.57346888,0.78740160,0.00000000
6.57387688,1.18110200,0.00000000
6.57428488,0.78740160,0.00000000
6.57469288,0.78740160,0.00000000
6.57510088,0.78740160,0.00000000
6.57550888,1.18110200,0.00000000
6.57591688,0.78740160,-0.07874016
6.57632488,1.18110200,-0.07874016
6.57673288,1.18110200,-0.07874016
6.57714088,0.78740160,0.00000000
6.57754888,0.78740160,-0.07874016
6.57795688,0.78740160,-0.07874016
6.57836488,1.18110200,0.00000000
6.57877288,0.39370080,0.00000000
6.57918088,0.78740160,0.00000000
6.57958888,0.78740160,0.00000000
6.57999688,0.78740160,-0.07874016
6.58040488,0.78740160,-0.07874016
6.58081288,0.39370080,0.00000000
6.58122088,0.39370080,0.00000000
6.58162888,0.39370080,0.00000000
6.58203688,0.39370080,0.00000000
6.58244488,0.00000000,0.00000000
6.58285288,0.00000000,0.00000000
6.58326088,0.39370080,0.00000000
6.58366888,0.00000000,0.00000000
6.58407688,0.00000000,0.00000000
6.58448488,0.00000000,-0.07874016
6.58489288,0.00000000,-0.07874016
6.58530088,0.00000000,-0.07874016
6.58570888,0.00000000,0.00000000
6.58611688,0.00000000,-0.07874016
6.58652488,0.00000000,-0.07874016
6.58693288,0.00000000,0.00000000
6.58734088,-0.39370080,0.00000000
6.58774888,-0.39370080,0.00000000
6.58815688,-0.39370080,0.00000000
6.58856488,0.00000000,-0.07874016
6.58897288,-0.39370080,0.00000000
6.58938088,-0.39370080,0.00000000
6.58978888,0.00000000,0.00000000
6.59019688,-0.39370080,0.00000000
6.59060488,0.00000000,0.00000000
6.59101288,0.00000000,-0.07874016
6.59142088,0.00000000,0.00000000
6.59182888,-0.39370080,0.00000000
6.59223688,0.00000000,0.00000000
6.59264488,0.00000000,0.00000000
6.59305288,0.00000000,0.00000000
6.59346088,0.00000000,0.00000000
6.59386888,0.00000000,0.00000000
6.59427688,0.00000000,0.00000000
6.59468488,0.00000000,0.00000000
6.59509288,0.39370080,0.00000000
6.59550088,0.78740160,0.00000000
6.59590888,0.78740160,0.00000000
6.59631688,0.78740160,0.00000000
6.59672488,0.39370080,-0.07874016
6.59713288,0.39370080,0.00000000
6.59754088,0.78740160,-0.07874016
6.59794888,0.78740160,0.00000000
6.59835688,0.39370080,0.00000000
6.59876488,1.18110200,-0.07874016
6.59917288,0.78740160,0.00000000
6.59958088,1.18110200,0.00000000
6.59998888,0.78740160,0.00000000
6.60039688,0.78740160,0.00000000
6.60080488,1.18110200,0.00000000
6.60121288,0.78740160,0.00000000
6.60162088,1.18110200,0.00000000
6.60202888,0.78740160,0.00000000
6.60243688,1.18110200,0.00000000
6.60284488,0.78740160,0.00000000
6.60325288,0.78740160,0.00000000
6.60366088,0.78740160,-0.07874016
6.60406888,0.78740160,0.00000000
6.60447688,0.78740160,0.00000000
6.60488488,1.18110200,0.00000000
6.60529288,0.78740160,0.00000000
6.60570088,0.39370080,0.00000000
6.60610888,0.39370080,0.00000000
6.60651688,0.39370080,-0.07874016
6.60692488,0.39370080,0.00000000
6.60733288,0.39370080,0.00000000
6.60774088,0.00000000,-0.07874016
6.60814888,0.00000000,-0.07874016
6.60855688,0.39370080,0.00000000
6.60896488,0.00000000,-0.07874016
6.60937288,0.00000000,0.00000000
6.60978088,0.39370080,-0.07874016
6.61018888,0.00000000,0.00000000
6.61059688,0.39370080,-0.07874016
6.61100488,0.00000000,0.00000000
6.61141288,0.00000000,0.00000000
6.61182088,0.00000000,-0.07874016
6.61222888,-0.39370080,0.00000000
6.61263688,-0.39370080,0.00000000
6.61304488,-0.39370080,0.00000000
6.61345288,0.00000000,0.00000000
6.61386088,-0.39370080,-0.07874016
6.61426888,-0.39370080,-0.07874016
6.61467688,0.00000000,0.00000000
6.61508488,0.00000000,0.00000000
6.61549288,-0.39370080,-0.07874016
6.61590088,0.00000000,0.00000000
6.61630888,0.00000000,0.00000000
6.61671688,0.00000000,0.00000000
6.61712488,-0.39370080,0.00000000
6.61753288,-0.39370080,0.00000000
6.61794088,0.00000000,0.00000000
6.61834888,0.00000000,0.00000000
6.61875688,0.00000000,0.00000000
6.61916488,0.00000000,0.00000000
6.61957288,0.39370080,0.00000000
6.61998088,0.39370080,0.00000000
6.62038888,0.39370080,0.00000000
6.62079688,0.00000000,0.00000000
6.62120488,0.39370080,0.00000000
6.62161288,0.39370080,0.00000000
6.62202088,0.39370080,0.00000000
6.62242888,0.39370080,0.00000000
6.62283688,0.39370080,0.00000000
6.62324488,0.78740160,0.00000000
6.62365288,0.78740160,0.00000000
6.62406088,0.78740160,-0.07874016
6.62446888,0.78740160,0.00000000
6.62487688,0.78740160,0.00000000
6.62528488,0.78740160,0.00000000
6.62569288,1.18110200,-0.07874016
6.62610088,1.18110200,-0.07874016
6.62650888,0.78740160,0.00000000
6.62691688,1.57480300,0.00000000
6.62732488,0.78740160,0.00000000
6.62773288,1.18110200,0.00000000
6.62814088,1.18110200,0.00000000
6.62854888,1.18110200,0.00000000
6.62895688,0.78740160,0.00000000
6.62936488,0.78740160,-0.07874016
6.62977288,0.78740160,0.00000000
6.63018088,0.78740160,0.00000000
6.63058888,0.39370080,-0.07874016
6.63099688,0.39370080,0.00000000
6.63140488,0.78740160,0.00000000
6.63181288,0.39370080,0.00000000
6.63222088,0.39370080,0.00000000
6.63262888,0.39370080,0.00000000
6.63303688,0.39370080,0.00000000
6.63344488,0.39370080,-0.07874016
6.63385288,0.00000000,0.00000000
6.63426088,0.00000000,-0.07874016
6.63466888,0.39370080,0.00000000
6.63507688,0.00000000,0.00000000
6.63548488,0.00000000,0.00000000
6.63589288,0.00000000,0.00000000
6.63630088,-0.39370080,0.00000000
6.63670888,-0.39370080,0.00000000
6.63711688,0.00000000,0.00000000
6.63752488,-0.39370080,0.00000000
6.63793288,-0.39370080,-0.07874016
6.63834088,-0.78740160,0.00000000
6.63874888,0.00000000,-0.07874016
6.63915688,-0.39370080,0.00000000
6.63956488,-0.39370080,0.00000000
6.63997288,-0.39370080,0.00000000
6.64038088,0.00000000,0.00000000
6.64078888,-0.39370080,0.00000000
6.64119688,-0.39370080,0.00000000
6.64160488,-0.39370080,-0.07874016
6.64201288,0.00000000,-0.07874016
6.64242088,0.00000000,0.00000000
6.64282888,0.00000000,0.00000000
6.64323688,0.00000000,-0.07874016
6.64364488,0.00000000,0.00000000
6.64405288,0.00000000,0.00000000
6.64446088,0.78740160,0.00000000
6.64486888,0.00000000,0.00000000
6.64527688,0.39370080,-0.07874016
6.64568488,0.39370080,0.00000000
6.64609288,0.78740160,-0.07874016
6.64650088,0.39370080,0.00000000
6.64690888,0.78740160,0.00000000
6.64731688,0.78740160,0.00000000
6.64772488,0.78740160,0.00000000
6.64813288,0.78740160,-0.07874016
6.64854088,0.39370080,0.00000000
6.64894888,0.78740160,-0.07874016
6.64935688,1.18110200,0.00000000
6.64976488,0.78740160,0.00000000
6.65017288,0.78740160,0.00000000
6.65058088,0.78740160,0.00000000
6.65098888,1.18110200,0.00000000
6.65139688,0.78740160,0.00000000
6.65180488,0.78740160,0.00000000
6.65221287,1.18110200,0.00000000
6.65262087,0.78740160,0.00000000
6.65302887,0.78740160,-0.07874016
6.65343687,0.78740160,0.00000000
6.65384487,0.78740160,-0.07874016
6.65425287,0.78740160,0.00000000
6.65466087,0.78740160,0.00000000
6.65506887,0.78740160,0.00000000
6.65547687,0.78740160,0.00000000
6.65588487,0.39370080,0.00000000
6.65629287,1.18110200,-0.07874016
6.65670087,0.00000000,0.00000000
6.65710887,0.39370080,-0.07874016
6.65751687,0.39370080,0.00000000
6.65792487,0.39370080,-0.07874016
6.65833287,0.00000000,0.00000000
6.65874087,0.00000000,-0.07874016
6.65914887,0.00000000,0.00000000
6.65955687,0.39370080,0.00000000
6.65996487,0.00000000,0.00000000
6.66037287,-0.39370080,-0.07874016
6.66078087,0.00000000,0.00000000
6.66118887,0.00000000,0.00000000
6.66159687,0.00000000,0.00000000
6.66200487,-0.39370080,0.00000000
6.66241287,0.00000000,-0.07874016
6.66282087,-0.39370080,0.00000000
6.66322887,-0.78740160,0.00000000
6.66363687,-0.39370080,0.00000000
6.66404487,-0.39370080,0.00000000
6.66445287,-0.39370080,0.00000000
6.66486087,0.00000000,0.00000000
6.66526887,-0.39370080,-0.07874016
6.66567687,-0.78740160,0.00000000
6.66608487,0.00000000,-0.07874016
6.66649287,0.00000000,0.00000000
6.66690087,0.00000000,0.00000000
6.66730887,0.00000000,0.00000000
6.66771687,0.00000000,-0.07874016
6.66812487,0.00000000,0.00000000
6.66853287,0.00000000,-0.07874016
6.66894087,0.00000000,0.00000000
6.66934887,0.00000000,0.00000000
6.66975687,0.00000000,0.00000000
6.67016487,0.39370080,0.00000000
6.67057287,0.39370080,0.00000000
6.67098087,0.39370080,0.00000000
6.67138887,0.39370080,-0.07874016
6.67179687,0.39370080,0.00000000
6.67220487,0.39370080,0.00000000
6.67261287,0.78740160,0.00000000
6.67302087,1.18110200,0.00000000
6.67342887,0.78740160,-0.07874016
6.67383687,0.78740160,-0.07874016
6.67424487,0.78740160,0.00000000
6.67465287,1.18110200,0.00000000
6.67506087,1.18110200,0.00000000
6.67546887,1.18110200,0.00000000
6.67587687,1.18110200,0.00000000
6.67628487,0.78740160,0.00000000
6.67669287,1.18110200,0.00000000
6.67710087,1.18110200,0.00000000
6.67750887,0.78740160,-0.07874016
6.67791687,1.18110200,0.00000000
6.67832487,0.78740160,0.00000000
6.67873287,0.78740160,0.00000000
6.67914087,1.18110200,0.00000000
6.67954887,0.78740160,0.00000000
6.67995687,0.78740160,-0.07874016
6.68036487,0.39370080,0.00000000
6.68077287,0.78740160,0.00000000
6.68118087,0.78740160,0.00000000
6.68158887,0.78740160,0.00000000
6.68199687,0.78740160,-0.07874016
6.68240487,0.39370080,-0.07874016
6.68281287,0.00000000,0.00000000
6.68322087,0.78740160,0.00000000
6.68362887,0.00000000,0.00000000
6.68403687,0.00000000,0.00000000
6.68444487,0.39370080,0.00000000
6.68485287,0.00000000,-0.07874016
6.68526087,0.00000000,0.00000000
6.68566887,0.00000000,-0.07874016
6.68607687,-0.39370080,0.00000000
6.68648487,0.00000000,0.00000000
6.68689287,-0.39370080,0.00000000
6.68730087,-0.39370080,0.00000000
6.68770887,0.00000000,0.00000000
6.68811687,-0.39370080,0.00000000
6.68852487,-0.39370080,0.00000000
6.68893287,0.00000000,0.00000000
6.68934087,0.00000000,-0.07874016
6.68974887,0.00000000,0.00000000
6.69015687,-0.39370080,0.00000000
6.69056487,0.00000000,-0.07874016
6.69097287,0.00000000,0.00000000
6.69138087,-0.39370080,-0.07874016
6.69178887,0.00000000,0.00000000
6.69219687,0.00000000,0.00000000
6.69260487,0.00000000,0.00000000
6.69301287,0.39370080,0.00000000
6.69342087,0.00000000,0.00000000
6.69382887,0.00000000,0.00000000
6.69423687,0.39370080,0.00000000
6.69464487,0.00000000,-0.07874016
6.69505287,0.39370080,0.00000000
6.69546087,0.39370080,0.00000000
6.69586887,0.39370080,0.00000000
6.69627687,0.78740160,-0.07874016
6.69668487,0.39370080,0.00000000
6.69709287,1.18110200,-0.07874016
6.69750087,0.78740160,0.00000000
6.69790887,0.39370080,0.00000000
6.69831687,0.78740160,0.00000000
6.69872487,1.18110200,-0.07874016
6.69913287,0.78740160,0.00000000
6.69954087,1.18110200,0.00000000
6.69994887,1.18110200,0.00000000
6.70035687,1.18110200,0.00000000
6.70076487,1.18110200,-0.07874016
6.70117287,0.78740160,0.00000000
6.70158087,1.18110200,0.00000000
6.70198887,1.57480300,-0.07874016
6.70239687,0.78740160,-0.07874016
6.70280487,0.78740160,-0.07874016
6.70321287,0.78740160,0.00000000
6.70362087,0.78740160,0.00000000
6.70402887,0.78740160,0.00000000
6.70443687,0.78740160,-0.07874016
6.70484487,0.78740160,-0.07874016
6.70525287,0.78740160,0.00000000
6.70566087,0.39370080,0.00000000
6.70606887,0.78740160,0.00000000
6.70647687,0.39370080,0.00000000
6.70688487,0.78740160,-0.07874016
6.70729287,0.39370080,-0.07874016
6.70770087,0.39370080,-0.07874016
6.70810887,0.00000000,-0.07874016
6.70851687,0.00000000,0.00000000
6.70892487,0.00000000,0.00000000
6.70933287,0.00000000,0.00000000
6.70974087,0.00000000,0.00000000
6.71014887,0.39370080,0.00000000
6.71055687,0.00000000,0.00000000
6.71096487,0.00000000,0.00000000
6.71137287,0.00000000,0.00000000
6.71178087,0.00000000,0.00000000
6.71218887,-0.39370080,0.00000000
6.71259687,0.00000000,0.00000000
6.71300487,-0.39370080,0.00000000
6.71341287,0.00000000,0.00000000
6.71382087,-0.39370080,0.00000000
6.71422887,-0.39370080,-0.07874016
6.71463687,0.00000000,0.00000000
6.71504487,0.00000000,-0.07874016
6.71545287,-0.39370080,0.00000000
6.71586087,-0.39370080,-0.07874016
6.71626887,0.00000000,0.00000000
6.71667687,0.00000000,0.00000000
6.71708487,0.00000000,-0.07874016
6.71749287,0.00000000,0.00000000
6.71790087,0.00000000,0.00000000
6.71830887,0.00000000,0.00000000
6.71871687,0.00000000,0.00000000
6.71912487,0.00000000,0.00000000
6.71953287,0.00000000,0.00000000
6.71994087,0.39370080,0.00000000
6.72034887,0.39370080,0.00000000
6.72075687,0.00000000,-0.07874016
6.72116487,0.39370080,-0.07874016
6.72157287,0.39370080,-0.07874016
6.72198087,0.78740160,0.00000000
6.72238887,0.39370080,0.00000000
6.72279687,0.78740160,0.00000000
6.72320487,0.78740160,0.00000000
6.72361287,0.78740160,0.00000000
6.72402087,0.78740160,0.00000000
6.72442887,0.78740160,0.00000000
6.72483687,0.78740160,0.00000000
6.72524487,1.18110200,0.00000000
6.72565287,1.18110200,-0.07874016
6.72606087,1.18110200,0.00000000
6.72646887,0.78740160,0.00000000
6.72687687,1.18110200,0.00000000
6.72728487,0.78740160,0.00000000
6.72769287,1.18110200,0.00000000
6.72810087,1.18110200,-0.07874016
6.72850887,0.78740160,0.00000000
6.72891687,1.18110200,0.00000000
6.72932487,0.78740160,0.00000000
6.72973287,0.78740160,0.00000000
6.73014087,0.39370080,0.00000000
6.73054887,0.78740160,0.00000000
6.73095687,0.39370080,0.00000000
6.73136487,0.78740160,-0.07874016
6.73177287,0.39370080,0.00000000
6.73218087,0.39370080,-0.07874016
6.73258887,0.39370080,0.00000000
6.73299687,0.00000000,0.00000000
6.73340487,0.39370080,0.00000000
6.73381287,0.00000000,0.00000000
6.73422087,0.00000000,0.00000000
6.73462887,0.00000000,0.00000000
6.73503687,0.00000000,0.00000000
6.73544487,0.00000000,0.00000000
6.73585287,0.00000000,0.00000000
6.73626087,0.00000000,0.00000000
6.73666887,0.00000000,0.00000000
6.73707687,-0.39370080,-0.07874016
6.73748487,-0.39370080,0.00000000
6.73789287,0.00000000,0.00000000
6.73830087,0.00000000,-0.07874016
6.73870887,-0.78740160,0.00000000
6.73911687,0.00000000,0.00000000
6.73952487,-0.39370080,-0.07874016
6.73993287,-0.39370080,0.00000000
6.74034087,-0.39370080,-0.07874016
6.74074887,-0.39370080,0.00000000
6.74115687,0.00000000,0.00000000
6.74156487,0.00000000,0.00000000
6.74197287,0.00000000,0.00000000
6.74238087,0.00000000,0.00000000
6.74278887,-0.39370080,0.00000000
6.74319687,0.00000000,0.00000000
6.74360487,0.00000000,0.00000000
6.74401287,0.00000000,0.00000000
6.74442087,0.39370080,0.00000000
6.74482887,0.00000000,0.00000000
6.74523687,0.39370080,0.00000000
6.74564487,0.39370080,0.00000000
6.74605287,0.39370080,0.00000000
6.74646087,0.39370080,0.00000000
6.74686887,0.78740160,-0.07874016
6.74727687,0.39370080,0.00000000
6.74768487,0.78740160,0.00000000
6.74809287,0.78740160,0.00000000
6.74850087,1.18110200,0.00000000
6.74890887,1.18110200,-0.07874016
6.74931687,0.78740160,-0.07874016
6.74972487,0.78740160,0.00000000
6.75013287,0.78740160,-0.07874016
6.75054087,0.78740160,0.00000000
6.75094887,1.18110200,-0.07874016
6.75135687,1.18110200,0.00000000
6.75176487,1.18110200,0.00000000
6.75217287,1.18110200,0.00000000
6.75258087,1.18110200,-0.07874016
6.75298887,0.78740160,0.00000000
6.75339687,0.78740160,-0.07874016
6.75380487,0.39370080,0.00000000
6.75421287,0.78740160,0.00000000
6.75462087,0.78740160,0.00000000
6.75502887,1.18110200,0.00000000
6.75543687,1.18110200,0.00000000
6.75584487,0.78740160,0.00000000
6.75625287,0.78740160,0.00000000
6.75666087,0.39370080,0.00000000
6.75706887,0.39370080,0.00000000
6.75747687,0.39370080,0.00000000
6.75788487,0.39370080,0.00000000
6.75829287,0.39370080,-0.07874016
6.75870087,0.00000000,0.00000000
6.75910887,0.39370080,0.00000000
6.75951687,0.00000000,0.00000000
6.75992487,-0.39370080,-0.07874016
6.76033287,0.00000000,0.00000000
6.76074087,0.00000000,-0.07874016
6.76114887,0.00000000,-0.07874016
6.76155687,0.00000000,0.00000000
6.76196487,0.00000000,0.00000000
6.76237287,-0.39370080,-0.07874016
6.76278087,-0.39370080,-0.07874016
6.76318887,-0.39370080,0.00000000
6.76359687,0.00000000,0.00000000
6.76400487,-0.39370080,-0.07874016
6.76441287,-0.39370080,0.00000000
6.76482087,-0.39370080,-0.07874016
6.76522887,-0.39370080,-0.07874016
6.76563687,0.00000000,0.00000000
6.76604487,0.00000000,0.00000000
6.76645287,-0.39370080,0.00000000
6.76686087,0.00000000,0.00000000
6.76726887,0.00000000,0.00000000
6.76767687,0.00000000,0.00000000
6.76808487,0.00000000,0.00000000
6.76849287,-0.39370080,0.00000000
6.76890087,0.00000000,-0.07874016
6.76930887,0.00000000,0.00000000
6.76971687,0.39370080,-0.07874016
6.77012487,0.00000000,0.00000000
6.77053287,0.00000000,0.00000000
6.77094087,0.39370080,0.00000000
6.77134887,0.39370080,0.00000000
6.77175687,0.78740160,0.00000000
6.77216487,0.78740160,0.00000000
6.77257287,0.39370080,0.00000000
6.77298087,0.78740160,0.00000000
6.77338887,0.78740160,-0.07874016
6.77379687,0.78740160,0.00000000
6.77420487,1.18110200,0.00000000
6.77461287,0.78740160,-0.07874016
6.77502087,0.78740160,0.00000000
6.77542887,1.18110200,0.00000000
6.77583687,0.78740160,0.00000000
6.77624487,1.18110200,-0.07874016
6.77665287,1.18110200,-0.07874016
6.77706087,1.18110200,-0.07874016
6.77746887,1.18110200,0.00000000
6.77787687,1.18110200,0.00000000
6.77828487,1.18110200,0.00000000
6.77869287,1.18110200,0.00000000
6.77910087,0.78740160,0.00000000
6.77950887,0.78740160,-0.07874016
6.77991687,0.78740160,0.00000000
6.78032487,0.78740160,0.00000000
6.78073287,0.39370080,0.00000000
6.78114087,0.78740160,-0.07874016
6.78154887,0.39370080,0.00000000
6.78195687,0.39370080,-0.07874016
6.78236487,0.39370080,0.00000000
6.78277287,0.39370080,-0.07874016
6.78318087,0.00000000,0.00000000
6.78358887,0.39370080,-0.07874016
6.78399687,0.39370080,0.00000000
6.78440487,0.00000000,0.00000000
6.78481287,0.00000000,-0.07874016
6.78522087,0.00000000,-0.07874016
6.78562887,0.00000000,0.00000000
6.78603687,0.00000000,-0.07874016
6.78644487,-0.39370080,0.00000000
6.78685287,0.00000000,0.00000000
6.78726087,-0.39370080,0.00000000
6.78766887,-0.39370080,0.00000000
6.78807687,-0.39370080,0.00000000
6.78848487,-0.39370080,0.00000000
6.78889287,-0.78740160,-0.07874016
6.78930087,-0.39370080,0.00000000
6.78970887,-0.78740160,0.00000000
6.79011687,-0.78740160,0.00000000
6.79052487,-0.39370080,0.00000000
6.79093287,0.00000000,0.00000000
6.79134087,0.00000000,0.00000000
6.79174887,0.00000000,0.00000000
6.79215687,-0.39370080,0.00000000
6.79256487,0.00000000,0.00000000
6.79297287,0.00000000,0.00000000
6.79338087,0.00000000,-0.07874016
6.79378887,0.00000000,-0.07874016
6.79419687,0.00000000,0.00000000
6.79460487,0.39370080,0.00000000
6.79501287,0.00000000,0.00000000
6.79542087,0.39370080,0.00000000
6.79582887,0.39370080,-0.07874016
6.79623687,0.39370080,0.00000000
6.79664487,0.39370080,-0.07874016
6.79705287,0.39370080,0.00000000
6.79746087,0.78740160,0.00000000
6.79786887,0.78740160,0.00000000
6.79827687,0.78740160,0.00000000
6.79868487,0.78740160,0.00000000
6.79909287,0.78740160,0.00000000
6.79950087,0.78740160,0.00000000
6.79990887,1.18110200,0.00000000
6.80031687,1.18110200,0.00000000
6.80072487,1.18110200,-0.07874016
6.80113287,1.18110200,-0.07874016
6.80154087,1.18110200,-0.07874016
6.80194887,1.18110200,0.00000000
6.80235687,0.78740160,0.00000000
6.80276487,1.18110200,0.00000000
6.80317287,1.18110200,-0.07874016
6.80358087,1.18110200,0.00000000
6.80398887,0.78740160,0.00000000
6.80439687,0.78740160,0.00000000
6.80480487,0.78740160,0.00000000
6.80521287,0.78740160,0.00000000
6.80562087,0.78740160,-0.07874016
6.80602887,0.39370080,0.00000000
6.80643687,0.78740160,0.00000000
6.80684487,0.39370080,0.00000000
6.80725287,0.78740160,0.00000000
6.80766087,0.39370080,0.00000000
6.80806887,0.39370080,-0.07874016
6.80847687,0.00000000,0.00000000
6.80888487,0.00000000,0.00000000
6.80929287,0.39370080,-0.07874016
6.80970087,0.00000000,0.00000000
6.81010887,0.00000000,0.00000000
6.81051687,0.00000000,0.00000000
6.81092487,-0.39370080,0.00000000
6.81133287,0.00000000,-0.07874016
6.81174087,0.00000000,0.00000000
6.81214887,-0.78740160,-0.07874016
6.81255687,-0.39370080,0.00000000
6.81296487,0.00000000,0.00000000
6.81337287,-0.78740160,0.00000000
6.81378087,0.00000000,0.00000000
6.81418887,-0.78740160,0.00000000
6.81459687,-0.39370080,0.00000000
6.81500487,-0.39370080,0.00000000
6.81541287,-0.39370080,0.00000000
6.81582087,-0.39370080,0.00000000
6.81622887,-0.39370080,-0.07874016
6.81663687,0.00000000,0.00000000
6.81704487,0.00000000,0.00000000
6.81745287,-0.39370080,0.00000000
6.81786087,0.00000000,-0.07874016
6.81826887,0.00000000,0.00000000
6.81867687,-0.39370080,0.00000000
6.81908487,0.39370080,0.00000000
6.81949287,0.00000000,0.00000000
6.81990087,0.39370080,0.00000000
6.82030887,0.39370080,0.00000000
6.82071687,0.39370080,0.00000000
6.82112487,0.39370080,-0.07874016
6.82153287,0.78740160,0.00000000
6.82194087,0.78740160,0.00000000
6.82234887,0.39370080,0.00000000
6.82275687,0.39370080,0.00000000
6.82316487,1.18110200,0.00000000
6.82357287,0.78740160,0.00000000
6.82398087,1.18110200,-0.07874016
6.82438887,1.18110200,0.00000000
6.82479687,1.18110200,0.00000000
6.82520487,0.78740160,0.00000000
6.82561287,1.18110200,0.00000000
6.82602087,1.18110200,-0.07874016
6.82642887,1.18110200,0.00000000
6.82683687,1.18110200,0.00000000
6.82724487,1.18110200,0.00000000
6.82765287,0.78740160,-0.07874016
6.82806087,1.18110200,0.00000000
6.82846887,1.18110200,0.00000000
6.82887686,1.18110200,0.00000000
6.82928486,0.78740160,-0.07874016
6.82969286,0.78740160,0.00000000
6.83010086,0.39370080,-0.07874016
6.83050886,0.78740160,0.00000000
6.83091686,0.78740160,-0.07874016
6.83132486,0.39370080,0.00000000
6.83173286,0.39370080,-0.07874016
6.83214086,0.39370080,0.00000000
6.83254886,0.00000000,0.00000000
6.83295686,0.39370080,-0.07874016
6.83336486,0.39370080,0.00000000
6.83377286,0.00000000,0.00000000
6.83418086,0.39370080,0.00000000
6.83458886,0.00000000,0.00000000
6.83499686,0.00000000,0.00000000
6.83540486,0.00000000,0.00000000
6.83581286,0.00000000,-0.07874016
6.83622086,-0.39370080,0.00000000
6.83662886,-0.39370080,-0.07874016
6.83703686,-0.39370080,0.00000000
6.83744486,-0.39370080,-0.07874016
6.83785286,-0.78740160,0.00000000
6.83826086,-0.39370080,0.00000000
6.83866886,-0.39370080,0.00000000
6.83907686,-0.39370080,0.00000000
6.83948486,-0.39370080,0.00000000
6.83989286,-0.39370080,0.00000000
6.84030086,-0.39370080,0.00000000
6.84070886,-0.39370080,-0.07874016
6.84111686,-0.78740160,0.00000000
6.84152486,-0.39370080,0.00000000
6.84193286,0.00000000,0.00000000
6.84234086,0.00000000,0.00000000
6.84274886,0.00000000,0.00000000
6.84315686,0.00000000,0.00000000
6.84356486,0.00000000,0.00000000
6.84397286,0.00000000,0.00000000
6.84438086,0.00000000,0.00000000
6.84478886,0.39370080,0.00000000
6.84519686,0.39370080,0.00000000
6.84560486,0.39370080,0.00000000
6.84601286,0.39370080,0.00000000
6.84642086,0.78740160,0.00000000
6.84682886,0.78740160,0.00000000
6.84723686,0.39370080,0.00000000
6.84764486,0.78740160,0.00000000
6.84805286,1.18110200,0.00000000
6.84846086,0.78740160,0.00000000
6.84886886,1.18110200,0.00000000
6.84927686,0.78740160,-0.07874016
6.84968486,1.18110200,0.00000000
6.85009286,1.18110200,0.00000000
6.85050086,1.18110200,0.00000000
6.85090886,0.78740160,0.00000000
6.85131686,1.18110200,-0.07874016
6.85172486,1.18110200,0.00000000
6.85213286,1.18110200,0.00000000
6.85254086,1.18110200,0.00000000
6.85294886,0.78740160,-0.07874016
6.85335686,1.18110200,-0.07874016
6.85376486,0.78740160,0.00000000
6.85417286,1.18110200,0.00000000
6.85458086,1.18110200,0.00000000
6.85498886,0.78740160,0.00000000
6.85539686,1.18110200,0.00000000
6.85580486,0.78740160,0.00000000
6.85621286,0.39370080,-0.07874016
6.85662086,0.78740160,-0.07874016
6.85702886,0.78740160,0.00000000
6.85743686,0.78740160,0.00000000
6.85784486,0.39370080,0.00000000
6.85825286,0.00000000,0.00000000
6.85866086,0.00000000,0.00000000
6.85906886,0.00000000,0.00000000
6.85947686,0.00000000,0.00000000
6.85988486,0.00000000,0.00000000
6.86029286,0.00000000,0.00000000
6.86070086,-0.39370080,0.00000000
6.86110886,0.00000000,0.00000000
6.86151686,-0.39370080,0.00000000
6.86192486,-0.39370080,0.00000000
6.86233286,-0.39370080,-0.07874016
6.86274086,-0.39370080,0.00000000
6.86314886,-0.39370080,0.00000000
6.86355686,-0.39370080,0.00000000
6.86396486,-0.39370080,0.00000000
6.86437286,-0.39370080,0.00000000
6.86478086,-0.78740160,0.00000000
6.86518886,-0.39370080,-0.07874016
6.86559686,-0.39370080,-0.07874016
6.86600486,-0.39370080,0.00000000
6.86641286,0.00000000,-0.07874016
6.86682086,-0.78740160,0.00000000
6.86722886,0.00000000,0.00000000
6.86763686,0.00000000,0.00000000
6.86804486,0.00000000,0.00000000
6.86845286,0.00000000,0.00000000
6.86886086,0.00000000,0.00000000
6.86926886,0.00000000,0.00000000
6.86967686,0.39370080,0.00000000
6.87008486,0.39370080,-0.07874016
6.87049286,0.39370080,0.00000000
6.87090086,0.39370080,-0.07874016
6.87130886,0.39370080,0.00000000
6.87171686,0.39370080,0.00000000
6.87212486,0.78740160,0.00000000
6.87253286,0.78740160,0.00000000
6.87294086,1.18110200,-0.07874016
6.87334886,0.78740160,0.00000000
6.87375686,0.78740160,0.00000000
6.87416486,0.78740160,0.00000000
6.87457286,1.18110200,0.00000000
6.87498086,1.18110200,-0.07874016
6.87538886,0.78740160,0.00000000
6.87579686,1.18110200,0.00000000
6.87620486,1.57480300,-0.07874016
6.87661286,1.18110200,0.00000000
6.87702086,1.18110200,0.00000000
6.87742886,1.18110200,-0.07874016
6.87783686,1.18110200,0.00000000
6.87824486,1.18110200,-0.07874016
6.87865286,1.18110200,0.00000000
6.87906086,1.18110200,-0.07874016
6.87946886,1.18110200,0.00000000
6.87987686,0.78740160,0.00000000
6.88028486,0.78740160,0.00000000
6.88069286,0.78740160,-0.07874016
6.88110086,0.78740160,0.00000000
6.88150886,0.78740160,0.00000000
6.88191686,0.39370080,-0.07874016
6.88232486,0.39370080,0.00000000
6.88273286,0.39370080,0.00000000
6.88314086,0.00000000,0.00000000
6.88354886,0.39370080,0.00000000
6.88395686,0.00000000,0.00000000
6.88436486,0.00000000,0.00000000
6.88477286,0.00000000,0.00000000
6.88518086,0.00000000,0.00000000
6.88558886,0.00000000,-0.07874016
6.88599686,-0.39370080,0.00000000
6.88640486,0.00000000,-0.07874016
6.88681286,0.00000000,0.00000000
6.88722086,0.00000000,0.00000000
6.88762886,-0.39370080,0.00000000
6.88803686,-0.39370080,0.00000000
6.88844486,-0.78740160,0.00000000
6.88885286,-0.39370080,-0.07874016
6.88926086,-0.39370080,0.00000000
6.88966886,-0.78740160,-0.07874016
6.89007686,-0.78740160,0.00000000
6.89048486,-0.39370080,0.00000000
6.89089286,-0.78740160,0.00000000
6.89130086,-0.39370080,0.00000000
6.89170886,-0.39370080,0.00000000
6.89211686,-0.39370080,0.00000000
6.89252486,0.00000000,0.00000000
6.89293286,-0.39370080,-0.07874016
6.89334086,0.00000000,0.00000000
6.89374886,0.00000000,0.00000000
6.89415686,0.00000000,0.00000000
6.89456486,0.00000000,0.00000000
6.89497286,0.00000000,0.00000000
6.89538086,0.39370080,0.00000000
6.89578886,0.39370080,0.00000000
6.89619686,0.39370080,0.00000000
6.89660486,0.78740160,0.00000000
6.89701286,0.78740160,0.00000000
6.89742086,0.39370080,0.00000000
6.89782886,0.78740160,0.00000000
6.89823686,1.18110200,0.00000000
6.89864486,0.78740160,0.00000000
6.89905286,1.18110200,0.00000000
6.89946086,0.78740160,0.00000000
6.89986886,1.18110200,0.00000000
6.90027686,1.18110200,-0.07874016
6.90068486,1.18110200,-0.07874016
6.90109286,1.57480300,0.00000000
6.90150086,1.18110200,0.00000000
6.90190886,1.57480300,0.00000000
6.90231686,1.18110200,0.00000000
6.90272486,1.18110200,-0.07874016
6.90313286,1.18110200,0.00000000
6.90354086,1.57480300,0.00000000
6.90394886,1.18110200,0.00000000
6.90435686,0.78740160,0.00000000
6.90476486,1.18110200,0.00000000
6.90517286,1.18110200,0.00000000
6.90558086,1.18110200,0.00000000
6.90598886,0.78740160,0.00000000
6.90639686,0.78740160,-0.07874016
6.90680486,0.78740160,0.00000000
6.90721286,0.78740160,-0.07874016
6.90762086,0.39370080,0.00000000
6.90802886,0.39370080,0.00000000
6.90843686,0.00000000,0.00000000
6.90884486,0.39370080,0.00000000
6.90925286,0.39370080,-0.07874016
6.90966086,0.00000000,0.00000000
6.91006886,0.00000000,0.00000000
6.91047686,0.00000000,-0.07874016
6.91088486,-0.39370080,-0.07874016
6.91129286,-0.39370080,0.00000000
6.91170086,-0.39370080,-0.07874016
6.91210886,0.00000000,0.00000000
6.91251686,-0.39370080,-0.07874016
6.91292486,-0.39370080,0.00000000
6.91333286,-0.78740160,-0.07874016
6.91374086,-0.78740160,0.00000000
6.91414886,-0.39370080,0.00000000
6.91455686,-0.78740160,-0.07874016
6.91496486,-0.39370080,0.00000000
6.91537286,-0.78740160,0.00000000
6.91578086,-0.78740160,-0.07874016
6.91618886,-0.39370080,0.00000000
6.91659686,-0.39370080,0.00000000
6.91700486,-0.78740160,0.00000000
6.91741286,-0.39370080,-0.07874016
6.91782086,-0.39370080,0.00000000
6.91822886,-0.39370080,0.00000000
6.91863686,0.00000000,0.00000000
6.91904486,0.00000000,-0.07874016
6.91945286,0.00000000,0.00000000
6.91986086,0.00000000,0.00000000
6.92026886,0.00000000,0.00000000
6.92067686,0.39370080,0.00000000
6.92108486,0.00000000,0.00000000
6.92149286,0.39370080,0.00000000
6.92190086,0.78740160,0.00000000
6.92230886,0.78740160,0.00000000
6.92271686,0.78740160,-0.07874016
6.92312486,1.18110200,0.00000000
6.92353286,1.18110200,0.00000000
6.92394086,1.18110200,0.00000000
6.92434886,0.78740160,-0.07874016
6.92475686,1.18110200,-0.07874016
6.92516486,1.18110200,0.00000000
6.92557286,1.57480300,0.00000000
6.92598086,1.18110200,0.00000000
6.92638886,1.57480300,0.00000000
6.92679686,1.57480300,0.00000000
6.92720486,1.57480300,-0.07874016
6.92761286,1.18110200,0.00000000
6.92802086,1.57480300,-0.07874016
6.92842886,1.57480300,0.00000000
6.92883686,1.18110200,-0.07874016
6.92924486,1.18110200,0.00000000
6.92965286,1.18110200,-0.07874016
6.93006086,1.18110200,0.00000000
6.93046886,1.57480300,0.00000000
6.93087686,1.18110200,-0.07874016
6.93128486,0.78740160,0.00000000
6.93169286,0.78740160,0.00000000
6.93210086,0.78740160,0.00000000
6.93250886,0.78740160,0.00000000
6.93291686,0.39370080,-0.07874016
6.93332486,0.39370080,0.00000000
6.93373286,0.39370080,0.00000000
6.93414086,0.39370080,0.00000000
6.93454886,0.39370080,-0.07874016
6.93495686,0.00000000,0.00000000
6.93536486,0.00000000,0.00000000
6.93577286,0.00000000,0.00000000
6.93618086,0.00000000,-0.07874016
6.93658886,0.00000000,0.00000000
6.93699686,-0.39370080,-0.07874016
6.93740486,-0.78740160,0.00000000
6.93781286,-0.39370080,0.00000000
6.93822086,-0.39370080,-0.07874016
6.93862886,-1.18110200,-0.07874016
6.93903686,-1.18110200,0.00000000
6.93944486,-0.78740160,0.00000000
6.93985286,-1.18110200,0.00000000
6.94026086,-0.78740160,0.00000000
6.94066886,-0.39370080,0.00000000
6.94107686,-0.78740160,0.00000000
6.94148486,-0.78740160,0.00000000
6.94189286,-0.78740160,0.00000000
6.94230086,-0.78740160,0.00000000
6.94270886,0.00000000,-0.07874016
6.94311686,-0.39370080,0.00000000
6.94352486,-0.78740160,0.00000000
6.94393286,-0.39370080,0.00000000
6.94434086,0.00000000,0.00000000
6.94474886,0.00000000,0.00000000
6.94515686,0.00000000,0.00000000
6.94556486,0.39370080,0.00000000
6.94597286,0.00000000,-0.07874016
6.94638086,0.00000000,0.00000000
6.94678886,0.39370080,0.00000000
6.94719686,0.78740160,-0.07874016
6.94760486,0.78740160,-0.07874016
6.94801286,0.78740160,0.00000000
6.94842086,1.18110200,0.00000000
6.94882886,0.78740160,0.00000000
6.94923686,0.78740160,0.00000000
6.94964486,0.78740160,0.00000000
6.95005286,1.18110200,-0.07874016
6.95046086,0.78740160,0.00000000
6.95086886,1.57480300,0.00000000
6.95127686,1.57480300,0.00000000
6.95168486,1.57480300,0.00000000
6.95209286,1.57480300,0.00000000
6.95250086,1.57480300,0.00000000
6.95290886,1.57480300,0.00000000
6.95331686,1.57480300,-0.07874016
6.95372486,1.57480300,0.00000000
6.95413286,1.57480300,0.00000000
6.95454086,1.57480300,0.00000000
6.95494886,1.57480300,0.00000000
6.95535686,1.57480300,0.00000000
6.95576486,1.57480300,-0.07874016
6.95617286,1.18110200,-0.07874016
6.95658086,0.78740160,0.00000000
6.95698886,0.78740160,0.00000000
6.95739686,0.78740160,0.00000000
6.95780486,0.78740160,0.00000000
6.95821286,0.78740160,0.00000000
6.95862086,0.39370080,0.00000000
6.95902886,0.39370080,0.00000000
6.95943686,0.00000000,-0.07874016
6.95984486,0.00000000,0.00000000
6.96025286,0.00000000,0.00000000
6.96066086,0.00000000,0.00000000
6.96106886,-0.39370080,0.00000000
6.96147686,-0.39370080,0.00000000
6.96188486,-0.39370080,0.00000000
6.96229286,-0.39370080,0.00000000
6.96270086,-0.78740160,0.00000000
6.96310886,-0.78740160,0.00000000
6.96351686,-0.78740160,0.00000000
6.96392486,-1.18110200,-0.07874016
6.96433286,-0.78740160,-0.07874016
6.96474086,-0.78740160,0.00000000
6.96514886,-1.18110200,0.00000000
6.96555686,-1.18110200,-0.07874016
6.96596486,-0.78740160,0.00000000
6.96637286,-0.78740160,0.00000000
6.96678086,-0.39370080,0.00000000
6.96718886,-0.78740160,-0.07874016
6.96759686,-1.18110200,0.00000000
6.96800486,-0.39370080,0.00000000
6.96841286,-0.78740160,-0.07874016
6.96882086,-0.39370080,-0.07874016
6.96922886,-0.39370080,-0.07874016
6.96963686,-0.39370080,-0.07874016
6.97004486,0.00000000,0.00000000
6.97045286,0.00000000,0.00000000
6.97086086,0.00000000,0.00000000
6.97126886,0.39370080,0.00000000
6.97167686,0.39370080,0.00000000
6.97208486,0.78740160,-0.07874016
6.97249286,0.78740160,0.00000000
6.97290086,0.78740160,0.00000000
6.97330886,1.18110200,0.00000000
6.97371686,1.18110200,-0.07874016
6.97412486,1.18110200,0.00000000
6.97453286,1.57480300,-0.07874016
6.97494086,1.57480300,0.00000000
6.97534886,1.18110200,-0.07874016
6.97575686,1.57480300,0.00000000
6.97616486,1.18110200,-0.07874016
6.97657286,1.57480300,-0.07874016
6.97698086,1.96850400,-0.07874016
6.97738886,1.57480300,0.00000000
6.97779686,1.96850400,0.00000000
6.97820486,1.57480300,-0.07874016
6.97861286,1.96850400,-0.07874016
6.97902086,1.96850400,0.00000000
6.97942886,1.57480300,-0.07874016
6.97983686,1.57480300,0.00000000
6.98024486,1.57480300,-0.07874016
6.98065286,1.57480300,0.00000000
6.98106086,1.57480300,0.00000000
6.98146886,1.18110200,0.00000000
6.98187686,1.18110200,-0.07874016
6.98228486,1.18110200,0.00000000
6.98269286,0.78740160,-0.07874016
6.98310086,0.78740160,0.00000000
6.98350886,0.78740160,0.00000000
6.98391686,0.39370080,0.00000000
6.98432486,0.78740160,0.00000000
6.98473286,0.39370080,-0.07874016
6.98514086,0.00000000,-0.07874016
6.98554886,-0.39370080,0.00000000
6.98595686,0.00000000,0.00000000
6.98636486,-0.39370080,0.00000000
6.98677286,-0.78740160,0.00000000
6.98718086,-0.78740160,0.00000000
6.98758886,-0.78740160,0.00000000
6.98799686,-0.78740160,-0.07874016
6.98840486,-1.18110200,0.00000000
6.98881286,-0.78740160,0.00000000
6.98922086,-1.18110200,-0.07874016
6.98962886,-1.18110200,0.00000000
6.99003686,-0.78740160,0.00000000
6.99044486,-1.57480300,0.00000000
6.99085286,-1.18110200,-0.07874016
6.99126086,-1.18110200,0.00000000
6.99166886,-1.57480300,-0.07874016
6.99207686,-1.18110200,0.00000000
6.99248486,-1.18110200,-0.07874016
6.99289286,-0.78740160,0.00000000
6.99330086,-0.78740160,-0.07874016
6.99370886,-0.78740160,0.00000000
6.99411686,-0.39370080,0.00000000
6.99452486,-0.39370080,0.00000000
6.99493286,-0.39370080,-0.07874016
6.99534086,0.00000000,0.00000000
6.99574886,0.00000000,0.00000000
6.99615686,0.00000000,0.00000000
6.99656486,0.39370080,0.00000000
6.99697286,0.39370080,0.00000000
6.99738086,0.78740160,0.00000000
6.99778886,0.39370080,0.00000000
6.99819686,1.18110200,0.00000000
6.99860486,1.18110200,0.00000000
6.99901286,1.18110200,0.00000000
6.99942086,1.18110200,0.00000000
6.99982886,1.57480300,-0.07874016
7.00023686,1.57480300,-0.07874016
7.00064486,1.57480300,0.00000000
7.00105286,1.57480300,0.00000000
7.00146086,1.57480300,0.00000000
7.00186886,1.96850400,0.00000000
7.00227686,1.57480300,-0.07874016
7.00268486,1.96850400,0.00000000
7.00309286,1.96850400,0.00000000
7.00350086,1.57480300,0.00000000
7.00390886,1.96850400,-0.07874016
7.00431686,1.96850400,0.00000000
7.00472486,1.57480300,0.00000000
7.00513286,1.96850400,0.00000000
7.00554085,1.57480300,0.00000000
7.00594885,1.57480300,0.00000000
7.00635685,1.57480300,0.00000000
7.00676485,1.57480300,0.00000000
7.00717285,1.18110200,0.00000000
7.00758085,1.18110200,0.00000000
7.00798885,0.78740160,0.00000000
7.00839685,0.78740160,0.00000000
7.00880485,0.39370080,-0.07874016
7.00921285,0.00000000,-0.07874016
7.00962085,0.39370080,0.00000000
7.01002885,0.00000000,0.00000000
7.01043685,0.00000000,0.00000000
7.01084485,0.00000000,0.00000000
7.01125285,-0.39370080,0.00000000
7.01166085,-0.39370080,0.00000000
7.01206885,-0.78740160,0.00000000
7.01247685,-0.78740160,-0.07874016
7.01288485,-0.78740160,0.00000000
7.01329285,-1.18110200,0.00000000
7.01370085,-1.18110200,0.00000000
7.01410885,-0.78740160,0.00000000
7.01451685,-1.57480300,-0.07874016
7.01492485,-1.18110200,0.00000000
7.01533285,-1.18110200,0.00000000
7.01574085,-1.57480300,-0.07874016
7.01614885,-0.78740160,-0.07874016
7.01655685,-1.57480300,0.00000000
7.01696485,-1.18110200,0.00000000
7.01737285,-1.18110200,-0.07874016
7.01778085,-1.18110200,0.00000000
7.01818885,-1.18110200,-0.07874016
7.01859685,-0.78740160,0.00000000
7.01900485,-1.18110200,-0.07874016
7.01941285,-0.78740160,0.00000000
7.01982085,-0.78740160,0.00000000
7.02022885,-0.39370080,0.00000000
7.02063685,-0.39370080,0.00000000
7.02104485,0.00000000,0.00000000
7.02145285,0.00000000,0.00000000
7.02186085,0.39370080,0.00000000
7.02226885,0.78740160,0.00000000
7.02267685,0.39370080,0.00000000
7.02308485,0.39370080,-0.07874016
7.02349285,0.78740160,-0.07874016
7.02390085,1.18110200,0.00000000
7.02430885,1.57480300,0.00000000
7.02471685,1.57480300,0.00000000
7.02512485,1.57480300,0.00000000
7.02553285,1.57480300,0.00000000
7.02594085,1.96850400,0.00000000
7.02634885,1.96850400,-0.07874016
7.02675685,1.96850400,-0.07874016
7.02716485,1.96850400,0.00000000
7.02757285,1.96850400,0.00000000
7.02798085,2.36220500,0.00000000
7.02838885,1.96850400,0.00000000
7.02879685,1.96850400,-0.07874016
7.02920485,1.96850400,-0.07874016
7.02961285,1.96850400,0.00000000
7.03002085,2.36220500,0.00000000
7.03042885,1.57480300,0.00000000
7.03083685,1.57480300,0.00000000
7.03124485,1.57480300,0.00000000
7.03165285,1.57480300,0.00000000
7.03206085,1.57480300,0.00000000
7.03246885,1.18110200,0.00000000
7.03287685,1.18110200,-0.07874016
7.03328485,0.78740160,-0.07874016
7.03369285,1.18110200,0.00000000
7.03410085,0.39370080,-0.07874016
7.03450885,0.39370080,0.00000000
7.03491685,0.00000000,0.00000000
7.03532485,0.00000000,0.00000000
7.03573285,0.00000000,-0.07874016
7.03614085,-0.39370080,0.00000000
7.03654885,-0.78740160,0.00000000
7.03695685,-0.39370080,-0.07874016
7.03736485,-0.78740160,-0.07874016
7.03777285,-0.78740160,-0.07874016
7.03818085,-1.18110200,-0.07874016
7.03858885,-1.18110200,0.00000000
7.03899685,-1.18110200,-0.07874016
7.03940485,-1.57480300,0.00000000
7.03981285,-1.18110200,0.00000000
7.04022085,-1.57480300,-0.07874016
7.04062885,-1.57480300,0.00000000
7.04103685,-1.18110200,-0.07874016
7.04144485,-1.57480300,-0.07874016
7.04185285,-1.57480300,0.00000000
7.04226085,-1.57480300,-0.07874016
7.04266885,-1.57480300,0.00000000
7.04307685,-1.18110200,0.00000000
7.04348485,-1.18110200,0.00000000
7.04389285,-1.18110200,-0.07874016
7.04430085,-0.78740160,0.00000000
7.04470885,-0.78740160,0.00000000
7.04511685,-0.39370080,-0.07874016
7.04552485,-0.39370080,0.00000000
7.04593285,-0.39370080,0.00000000
7.04634085,0.00000000,0.00000000
7.04674885,0.39370080,0.00000000
7.04715685,0.39370080,0.00000000
7.04756485,0.39370080,0.00000000
7.04797285,0.39370080,-0.07874016
7.04838085,0.78740160,0.00000000
7.04878885,0.78740160,0.00000000
7.04919685,1.18110200,0.00000000
7.04960485,1.57480300,-0.07874016
7.05001285,1.57480300,0.00000000
7.05042085,1.57480300,0.00000000
7.05082885,1.96850400,0.00000000
7.05123685,1.96850400,-0.07874016
7.05164485,2.36220500,0.00000000
7.05205285,1.96850400,0.00000000
7.05246085,1.96850400,0.00000000
7.05286885,2.36220500,0.00000000
7.05327685,2.36220500,-0.07874016
7.05368485,2.36220500,0.00000000
7.05409285,2.36220500,0.00000000
7.05450085,1.96850400,0.00000000
7.05490885,1.96850400,0.00000000
7.05531685,1.96850400,0.00000000
7.05572485,1.96850400,0.00000000
7.05613285,1.96850400,0.00000000
7.05654085,1.57480300,0.00000000
7.05694885,1.57480300,-0.07874016
7.05735685,1.57480300,-0.07874016
7.05776485,1.57480300,-0.07874016
7.05817285,1.18110200,0.00000000
7.05858085,0.78740160,-0.07874016
7.05898885,0.78740160,0.00000000
7.05939685,0.39370080,0.00000000
7.05980485,0.00000000,0.00000000
7.06021285,0.39370080,0.00000000
7.06062085,0.00000000,-0.07874016
7.06102885,-0.39370080,-0.07874016
7.06143685,-0.39370080,0.00000000
7.06184485,-0.78740160,0.00000000
7.06225285,-0.78740160,0.00000000
7.06266085,-0.78740160,-0.07874016
7.06306885,-0.78740160,0.00000000
7.06347685,-1.18110200,-0.07874016
7.06388485,-1.57480300,0.00000000
7.06429285,-1.57480300,-0.07874016
7.06470085,-1.57480300,0.00000000
7.06510885,-1.96850400,0.00000000
7.06551685,-1.57480300,-0.07874016
7.06592485,-1.57480300,0.00000000
7.06633285,-1.57480300,0.00000000
7.06674085,-1.57480300,-0.07874016
7.06714885,-1.57480300,0.00000000
7.06755685,-1.57480300,0.00000000
7.06796485,-1.57480300,0.00000000
7.06837285,-1.57480300,0.00000000
7.06878085,-0.78740160,-0.07874016
7.06918885,-1.18110200,-0.07874016
7.06959685,-0.78740160,0.00000000
7.07000485,-0.78740160,0.00000000
7.07041285,-0.39370080,0.00000000
7.07082085,-0.39370080,-0.07874016
7.07122885,0.00000000,0.00000000
7.07163685,0.00000000,-0.07874016
7.07204485,0.00000000,0.00000000
7.07245285,0.39370080,0.00000000
7.07286085,0.78740160,0.00000000
7.07326885,1.18110200,0.00000000
7.07367685,1.18110200,0.00000000
7.07408485,1.57480300,-0.07874016
7.07449285,1.57480300,0.00000000
7.07490085,1.57480300,-0.07874016
7.07530885,1.96850400,-0.07874016
7.07571685,1.57480300,-0.07874016
7.07612485,1.96850400,-0.07874016
7.07653285,1.96850400,-0.07874016
7.07694085,2.36220500,-0.07874016
7.07734885,2.36220500,-0.07874016
7.07775685,1.96850400,0.00000000
7.07816485,2.36220500,0.00000000
7.07857285,2.36220500,0.00000000
7.07898085,2.36220500,-0.07874016
7.07938885,2.36220500,0.00000000
7.07979685,2.36220500,0.00000000
7.08020485,1.96850400,0.00000000
7.08061285,1.96850400,0.00000000
7.08102085,1.96850400,0.00000000
7.08142885,1.57480300,0.00000000
7.08183685,1.57480300,0.00000000
7.08224485,1.57480300,-0.07874016
7.08265285,1.57480300,0.00000000
7.08306085,1.18110200,0.00000000
7.08346885,0.78740160,-0.07874016
7.08387685,1.18110200,0.00000000
7.08428485,0.39370080,0.00000000
7.08469285,0.39370080,-0.07874016
7.08510085,0.39370080,0.00000000
7.08550885,0.00000000,-0.07874016
7.08591685,0.00000000,0.00000000
7.08632485,-0.39370080,0.00000000
7.08673285,-0.39370080,0.00000000
7.08714085,-0.78740160,0.00000000
7.08754885,-1.18110200,0.00000000
7.08795685,-1.18110200,0.00000000
7.08836485,-1.18110200,0.00000000
7.08877285,-1.57480300,0.00000000
7.08918085,-1.57480300,0.00000000
7.08958885,-1.57480300,0.00000000
7.08999685,-1.57480300,-0.07874016
7.09040485,-1.57480300,0.00000000
7.09081285,-1.96850400,0.00000000
7.09122085,-1.57480300,-0.07874016
7.09162885,-1.96850400,0.00000000
7.09203685,-1.96850400,0.00000000
7.09244485,-1.96850400,0.00000000
7.09285285,-1.57480300,0.00000000
7.09326085,-1.57480300,-0.07874016
7.09366885,-1.18110200,0.00000000
7.09407685,-1.18110200,0.00000000
7.09448485,-1.18110200,0.00000000
7.09489285,-0.78740160,0.00000000
7.09530085,-0.78740160,0.00000000
7.09570885,-0.39370080,0.00000000
7.09611685,-0.39370080,0.00000000
7.09652485,0.00000000,0.00000000
7.09693285,0.00000000,0.00000000
7.09734085,0.00000000,-0.07874016
7.09774885,0.78740160,-0.07874016
7.09815685,0.39370080,0.00000000
7.09856485,1.18110200,0.00000000
7.09897285,0.78740160,0.00000000
7.09938085,1.57480300,0.00000000
7.09978885,1.57480300,0.00000000
7.10019685,1.96850400,0.00000000
7.10060485,1.96850400,0.00000000
7.10101285,1.96850400,0.00000000
7.10142085,2.36220500,0.00000000
7.10182885,2.36220500,0.00000000
7.10223685,2.36220500,0.00000000
7.10264485,2.36220500,0.00000000
7.10305285,2.75590500,0.00000000
7.10346085,2.75590500,0.00000000
7.10386885,2.36220500,0.00000000
7.10427685,2.36220500,0.00000000
7.10468485,2.36220500,0.00000000
7.10509285,2.75590500,-0.07874016
7.10550085,2.36220500,0.00000000
7.10590885,1.96850400,-0.07874016
7.10631685,1.96850400,-0.07874016
7.10672485,1.96850400,0.00000000
7.10713285,1.57480300,0.00000000
7.10754085,1.57480300,0.00000000
7.10794885,1.18110200,0.00000000
7.10835685,1.18110200,0.00000000
7.10876485,0.78740160,0.00000000
7.10917285,0.78740160,-0.07874016
7.10958085,0.78740160,0.00000000
7.10998885,0.39370080,-0.07874016
7.11039685,0.00000000,0.00000000
7.11080485,-0.39370080,0.00000000
7.11121285,-0.39370080,0.00000000
7.11162085,-0.78740160,0.00000000
7.11202885,-0.78740160,0.00000000
7.11243685,-0.78740160,-0.07874016
7.11284485,-1.18110200,0.00000000
7.11325285,-1.18110200,-0.07874016
7.11366085,-1.57480300,0.00000000
7.11406885,-1.18110200,0.00000000
7.11447685,-1.96850400,0.00000000
7.11488485,-1.96850400,0.00000000
7.11529285,-1.57480300,0.00000000
7.11570085,-1.96850400,0.00000000
7.11610885,-1.96850400,0.00000000
7.11651685,-1.96850400,0.00000000
7.11692485,-1.96850400,0.00000000
7.11733285,-1.96850400,0.00000000
7.11774085,-1.18110200,0.00000000
7.11814885,-1.57480300,0.00000000
7.11855685,-1.57480300,-0.07874016
7.11896485,-1.57480300,0.00000000
7.11937285,-1.18110200,-0.07874016
7.11978085,-1.18110200,0.00000000
7.12018885,-0.78740160,0.00000000
7.12059685,-0.39370080,0.00000000
7.12100485,-0.39370080,0.00000000
7.12141285,-0.39370080,0.00000000
7.12182085,0.00000000,0.00000000
7.12222885,0.39370080,-0.07874016
7.12263685,0.39370080,0.00000000
7.12304485,0.78740160,-0.07874016
7.12345285,0.39370080,0.00000000
7.12386085,1.18110200,0.00000000
7.12426885,1.18110200,0.00000000
7.12467685,1.96850400,-0.07874016
7.12508485,1.57480300,0.00000000
7.12549285,1.96850400,-0.07874016
7.12590085,2.36220500,0.00000000
7.12630885,1.96850400,0.00000000
7.12671685,2.75590500,0.00000000
7.12712485,2.75590500,0.00000000
7.12753285,2.36220500,0.00000000
7.12794085,2.36220500,0.00000000
7.12834885,2.36220500,-0.07874016
7.12875685,2.75590500,0.00000000
7.12916485,2.75590500,0.00000000
7.12957285,2.36220500,0.00000000
7.12998085,2.75590500,0.00000000
7.13038885,2.36220500,0.00000000
7.13079685,2.36220500,0.00000000
7.13120485,2.36220500,0.00000000
7.13161285,1.96850400,0.00000000
7.13202085,1.57480300,0.00000000
7.13242885,1.57480300,0.00000000
7.13283685,1.57480300,0.00000000
7.13324485,1.18110200,0.00000000
7.13365285,1.18110200,0.00000000
7.13406085,0.78740160,0.00000000
7.13446885,0.78740160,-0.07874016
7.13487685,0.00000000,-0.07874016
7.13528485,0.00000000,0.00000000
7.13569285,0.00000000,0.00000000
7.13610085,-0.39370080,-0.07874016
7.13650885,-0.78740160,0.00000000
7.13691685,-0.78740160,0.00000000
7.13732485,-0.78740160,0.00000000
7.13773285,-1.18110200,0.00000000
7.13814085,-1.57480300,0.00000000
7.13854885,-1.57480300,-0.07874016
7.13895685,-1.57480300,0.00000000
7.13936485,-1.96850400,0.00000000
7.13977285,-1.96850400,0.00000000
7.14018085,-1.96850400,-0.07874016
7.14058885,-2.36220500,0.00000000
7.14099685,-1.96850400,0.00000000
7.14140485,-2.36220500,0.00000000
7.14181285,-1.96850400,0.00000000
7.14222085,-1.96850400,-0.07874016
7.14262885,-1.96850400,0.00000000
7.14303685,-1.96850400,-0.07874016
7.14344485,-1.57480300,-0.07874016
7.14385285,-1.57480300,0.00000000
7.14426085,-1.57480300,-0.07874016
7.14466885,-1.18110200,0.00000000
7.14507685,-1.18110200,0.00000000
7.14548485,-1.18110200,-0.07874016
7.14589285,-0.78740160,0.00000000
7.14630085,-0.39370080,-0.07874016
7.14670885,0.00000000,-0.07874016
7.14711685,0.00000000,0.00000000
7.14752485,0.39370080,0.00000000
7.14793285,0.78740160,0.00000000
7.14834085,0.78740160,0.00000000
7.14874885,1.18110200,0.00000000
7.14915685,1.18110200,0.00000000
7.14956485,1.57480300,-0.07874016
7.14997285,1.57480300,-0.07874016
7.15038085,1.96850400,0.00000000
7.15078885,1.96850400,0.00000000
7.15119685,1.96850400,0.00000000
7.15160485,1.96850400,0.00000000
7.15201285,2.75590500,0.00000000
7.15242085,2.36220500,0.00000000
7.15282885,2.36220500,0.00000000
7.15323685,2.75590500,0.00000000
7.15364485,2.36220500,0.00000000
7.15405285,2.75590500,-0.07874016
7.15446085,2.75590500,0.00000000
7.15486885,2.75590500,-0.07874016
7.15527685,2.36220500,0.00000000
7.15568485,2.36220500,0.00000000
7.15609285,2.36220500,0.00000000
7.15650085,1.96850400,0.00000000
7.15690885,1.96850400,-0.07874016
7.15731685,1.96850400,-0.07874016
7.15772485,1.96850400,0.00000000
7.15813285,1.18110200,-0.07874016
7.15854085,1.18110200,0.00000000
7.15894885,1.18110200,0.00000000
7.15935685,0.39370080,0.00000000
7.15976485,0.78740160,-0.07874016
7.16017285,0.39370080,0.00000000
7.16058085,-0.39370080,0.00000000
7.16098885,-0.39370080,0.00000000
7.16139685,0.00000000,0.00000000
7.16180485,-0.78740160,0.00000000
7.16221285,-0.78740160,0.00000000
7.16262085,-1.18110200,0.00000000
7.16302885,-1.18110200,0.00000000
7.16343685,-1.96850400,0.00000000
7.16384485,-1.57480300,0.00000000
7.16425285,-1.96850400,0.00000000
7.16466085,-1.96850400,0.00000000
7.16506885,-1.96850400,0.00000000
7.16547685,-2.36220500,-0.07874016
7.16588485,-2.75590500,0.00000000
7.16629285,-2.36220500,0.00000000
7.16670085,-1.96850400,0.00000000
7.16710885,-1.96850400,0.00000000
7.16751685,-1.96850400,0.00000000
7.16792485,-1.57480300,0.00000000
7.16833285,-1.57480300,0.00000000
7.16874085,-1.57480300,0.00000000
7.16914885,-1.57480300,0.00000000
7.16955685,-1.18110200,0.00000000
7.16996485,-1.18110200,0.00000000
7.17037285,-0.78740160,-0.07874016
7.17078085,-0.39370080,0.00000000
7.17118885,0.00000000,0.00000000
7.17159685,0.00000000,0.00000000
7.17200485,0.00000000,-0.07874016
7.17241285,0.00000000,0.00000000
7.17282085,0.39370080,-0.07874016
7.17322885,0.78740160,0.00000000
7.17363685,1.18110200,0.00000000
7.17404485,1.18110200,0.00000000
7.17445285,1.57480300,-0.07874016
7.17486085,1.57480300,-0.07874016
7.17526885,1.57480300,0.00000000
7.17567685,1.96850400,0.00000000
7.17608485,2.36220500,0.00000000
7.17649285,2.36220500,-0.07874016
7.17690085,2.36220500,0.00000000
7.17730885,2.75590500,0.00000000
7.17771685,2.75590500,-0.07874016
7.17812485,2.75590500,0.00000000
7.17853285,2.75590500,-0.07874016
7.17894085,2.36220500,0.00000000
7.17934885,2.75590500,-0.07874016
7.17975685,2.75590500,0.00000000
7.18016485,2.75590500,-0.07874016
7.18057285,2.36220500,0.00000000
7.18098085,2.36220500,0.00000000
7.18138885,2.36220500,-0.07874016
7.18179685,2.36220500,-0.07874016
7.18220484,1.57480300,0.00000000
7.18261284,1.96850400,-0.07874016
7.18302084,1.57480300,0.00000000
7.18342884,1.57480300,-0.07874016
7.18383684,1.18110200,0.00000000
7.18424484,0.78740160,0.00000000
7.18465284,0.78740160,0.00000000
7.18506084,0.00000000,0.00000000
7.18546884,0.00000000,0.00000000
7.18587684,-0.39370080,0.00000000
7.18628484,-0.39370080,0.00000000
7.18669284,-0.78740160,0.00000000
7.18710084,-1.18110200,0.00000000
7.18750884,-1.18110200,-0.07874016
7.18791684,-1.57480300,0.00000000
7.18832484,-1.57480300,0.00000000
7.18873284,-1.96850400,0.00000000
7.18914084,-1.96850400,-0.07874016
7.18954884,-1.96850400,0.00000000
7.18995684,-1.96850400,-0.07874016
7.19036484,-1.96850400,0.00000000
7.19077284,-2.36220500,-0.07874016
7.19118084,-1.96850400,0.00000000
7.19158884,-1.96850400,0.00000000
7.19199684,-1.96850400,-0.07874016
7.19240484,-2.36220500,0.00000000
7.19281284,-1.96850400,0.00000000
7.19322084,-1.96850400,-0.07874016
7.19362884,-1.96850400,-0.07874016
7.19403684,-1.57480300,-0.07874016
7.19444484,-1.57480300,0.00000000
7.19485284,-1.57480300,-0.07874016
7.19526084,-1.18110200,0.00000000
7.19566884,-0.78740160,0.00000000
7.19607684,-0.78740160,0.00000000
7.19648484,-0.39370080,0.00000000
7.19689284,0.00000000,0.00000000
7.19730084,0.00000000,0.00000000
7.19770884,0.39370080,0.00000000
7.19811684,0.78740160,0.00000000
7.19852484,1.18110200,0.00000000
7.19893284,1.18110200,0.00000000
7.19934084,1.57480300,0.00000000
7.19974884,1.96850400,0.00000000
7.20015684,1.57480300,-0.07874016
7.20056484,2.36220500,-0.07874016
7.20097284,2.36220500,-0.07874016
7.20138084,2.36220500,-0.07874016
7.20178884,2.75590500,0.00000000
7.20219684,2.75590500,0.00000000
7.20260484,2.75590500,0.00000000
7.20301284,3.14960600,0.00000000
7.20342084,2.75590500,-0.07874016
7.20382884,3.54330700,-0.07874016
7.20423684,2.75590500,0.00000000
7.20464484,2.75590500,-0.07874016
7.20505284,3.14960600,0.00000000
7.20546084,2.75590500,0.00000000
7.20586884,2.75590500,0.00000000
7.20627684,2.36220500,0.00000000
7.20668484,2.36220500,0.00000000
7.20709284,2.36220500,0.00000000
7.20750084,1.96850400,0.00000000
7.20790884,1.57480300,0.00000000
7.20831684,1.57480300,0.00000000
7.20872484,1.57480300,0.00000000
7.20913284,1.18110200,-0.07874016
7.20954084,0.78740160,0.00000000
7.20994884,0.00000000,0.00000000
7.21035684,0.00000000,-0.07874016
7.21076484,-0.39370080,0.00000000
7.21117284,0.00000000,-0.07874016
7.21158084,-0.78740160,0.00000000
7.21198884,-0.78740160,0.00000000
7.21239684,-1.18110200,-0.07874016
7.21280484,-1.18110200,0.00000000
7.21321284,-1.96850400,0.00000000
7.21362084,-1.57480300,0.00000000
7.21402884,-1.96850400,0.00000000
7.21443684,-1.96850400,0.00000000
7.21484484,-2.36220500,0.00000000
7.21525284,-2.36220500,-0.07874016
7.21566084,-1.96850400,0.00000000
7.21606884,-2.36220500,0.00000000
7.21647684,-2.36220500,0.00000000
7.21688484,-1.96850400,0.00000000
7.21729284,-2.36220500,-0.07874016
7.21770084,-1.96850400,-0.07874016
7.21810884,-1.96850400,0.00000000
7.21851684,-1.57480300,0.00000000
7.21892484,-1.96850400,0.00000000
7.21933284,-1.57480300,0.00000000
7.21974084,-1.18110200,0.00000000
7.22014884,-1.18110200,0.00000000
7.22055684,-1.18110200,0.00000000
7.22096484,-0.39370080,-0.07874016
7.22137284,-0.78740160,0.00000000
7.22178084,0.00000000,-0.07874016
7.22218884,0.00000000,0.00000000
7.22259684,0.39370080,-0.07874016
7.22300484,0.39370080,0.00000000
7.22341284,1.18110200,-0.07874016
7.22382084,1.57480300,0.00000000
7.22422884,1.57480300,-0.07874016
7.22463684,1.57480300,0.00000000
7.22504484,1.57480300,0.00000000
7.22545284,2.36220500,0.00000000
7.22586084,2.36220500,0.00000000
7.22626884,2.36220500,0.00000000
7.22667684,2.75590500,0.00000000
7.22708484,3.14960600,0.00000000
7.22749284,2.75590500,0.00000000
7.22790084,2.75590500,0.00000000
7.22830884,3.14960600,0.00000000
7.22871684,3.14960600,-0.07874016
7.22912484,3.14960600,-0.07874016
7.22953284,3.14960600,-0.07874016
7.22994084,3.14960600,0.00000000
7.23034884,2.75590500,0.00000000
7.23075684,2.36220500,-0.07874016
7.23116484,2.36220500,0.00000000
7.23157284,2.36220500,-0.07874016
7.23198084,1.96850400,0.00000000
7.23238884,1.96850400,-0.07874016
7.23279684,1.57480300,0.00000000
7.23320484,1.57480300,0.00000000
7.23361284,1.18110200,0.00000000
7.23402084,1.18110200,0.00000000
7.23442884,0.39370080,0.00000000
7.23483684,0.78740160,-0.07874016
7.23524484,0.39370080,0.00000000
7.23565284,0.00000000,0.00000000
7.23606084,0.00000000,0.00000000
7.23646884,-0.39370080,0.00000000
7.23687684,-0.78740160,0.00000000
7.23728484,-1.18110200,0.00000000
7.23769284,-1.57480300,0.00000000
7.23810084,-1.57480300,0.00000000
7.23850884,-1.96850400,0.00000000
7.23891684,-1.96850400,0.00000000
7.23932484,-2.36220500,0.00000000
7.23973284,-1.96850400,0.00000000
7.24014084,-1.96850400,0.00000000
7.24054884,-2.36220500,0.00000000
7.24095684,-2.36220500,0.00000000
7.24136484,-2.36220500,0.00000000
7.24177284,-1.96850400,0.00000000
7.24218084,-2.36220500,0.00000000
7.24258884,-2.36220500,0.00000000
7.24299684,-2.36220500,0.00000000
7.24340484,-1.96850400,0.00000000
7.24381284,-1.57480300,-0.07874016
7.24422084,-1.57480300,0.00000000
7.24462884,-1.18110200,0.00000000
7.24503684,-1.18110200,0.00000000
7.24544484,-1.18110200,0.00000000
7.24585284,-0.78740160,0.00000000
7.24626084,-0.39370080,-0.07874016
7.24666884,-0.39370080,0.00000000
7.24707684,0.00000000,0.00000000
7.24748484,0.00000000,0.00000000
7.24789284,0.39370080,0.00000000
7.24830084,0.78740160,0.00000000
7.24870884,0.78740160,-0.07874016
7.24911684,1.57480300,0.00000000
7.24952484,1.57480300,0.00000000
7.24993284,1.96850400,0.00000000
7.25034084,2.36220500,-0.07874016
7.25074884,2.36220500,0.00000000
7.25115684,2.75590500,0.00000000
7.25156484,2.75590500,0.00000000
7.25197284,2.75590500,-0.07874016
7.25238084,2.75590500,0.00000000
7.25278884,2.75590500,0.00000000
7.25319684,3.14960600,0.00000000
7.25360484,3.14960600,0.00000000
7.25401284,3.14960600,-0.07874016
7.25442084,3.14960600,-0.07874016
7.25482884,2.75590500,0.00000000
7.25523684,2.75590500,-0.07874016
7.25564484,2.75590500,0.00000000
7.25605284,2.36220500,-0.07874016
7.25646084,2.36220500,0.00000000
7.25686884,2.36220500,0.00000000
7.25727684,2.36220500,0.00000000
7.25768484,1.96850400,0.00000000
7.25809284,1.57480300,-0.07874016
7.25850084,1.57480300,-0.07874016
7.25890884,1.18110200,-0.07874016
7.25931684,0.78740160,0.00000000
7.25972484,0.39370080,0.00000000
7.26013284,0.00000000,0.00000000
7.26054084,0.00000000,0.00000000
7.26094884,0.00000000,0.00000000
7.26135684,-0.39370080,0.00000000
7.26176484,-0.78740160,-0.07874016
7.26217284,-1.18110200,0.00000000
7.26258084,-1.18110200,-0.07874016
7.26298884,-1.57480300,0.00000000
7.26339684,-1.57480300,-0.07874016
7.26380484,-1.96850400,-0.07874016
7.26421284,-1.96850400,0.00000000
7.26462084,-2.36220500,0.00000000
7.26502884,-2.36220500,0.00000000
7.26543684,-2.36220500,0.00000000
7.26584484,-2.36220500,0.00000000
7.26625284,-2.75590500,-0.07874016
7.26666084,-2.36220500,0.00000000
7.26706884,-2.36220500,0.00000000
7.26747684,-2.36220500,-0.07874016
7.26788484,-2.75590500,0.00000000
7.26829284,-2.36220500,0.00000000
7.26870084,-1.57480300,0.00000000
7.26910884,-1.96850400,0.00000000
7.26951684,-1.57480300,0.00000000
7.26992484,-1.18110200,0.00000000
7.27033284,-1.18110200,0.00000000
7.27074084,-0.78740160,0.00000000
7.27114884,-0.39370080,-0.07874016
7.27155684,-0.39370080,0.00000000
7.27196484,0.00000000,0.00000000
7.27237284,0.00000000,-0.07874016
7.27278084,0.39370080,-0.07874016
7.27318884,0.78740160,-0.07874016
7.27359684,0.78740160,-0.07874016
7.27400484,1.18110200,-0.07874016
7.27441284,1.57480300,0.00000000
7.27482084,1.96850400,-0.07874016
7.27522884,1.96850400,0.00000000
7.27563684,2.75590500,0.00000000
7.27604484,2.36220500,0.00000000
7.27645284,2.75590500,0.00000000
7.27686084,2.75590500,0.00000000
7.27726884,3.14960600,-0.07874016
7.27767684,3.14960600,0.00000000
7.27808484,3.14960600,0.00000000
7.27849284,3.14960600,0.00000000
7.27890084,3.14960600,0.00000000
7.27930884,2.75590500,0.00000000
7.27971684,3.14960600,0.00000000
7.28012484,3.14960600,0.00000000
7.28053284,3.14960600,0.00000000
7.28094084,2.75590500,0.00000000
7.28134884,2.36220500,0.00000000
7.28175684,2.36220500,0.00000000
7.28216484,1.96850400,0.00000000
7.28257284,2.36220500,-0.07874016
7.28298084,1.57480300,0.00000000
7.28338884,1.18110200,-0.07874016
7.28379684,1.18110200,0.00000000
7.28420484,0.78740160,0.00000000
7.28461284,0.78740160,0.00000000
7.28502084,0.39370080,0.00000000
7.28542884,0.00000000,0.00000000
7.28583684,0.00000000,-0.07874016
7.28624484,-0.39370080,0.00000000
7.28665284,-0.78740160,-0.07874016
7.28706084,-0.78740160,0.00000000
7.28746884,-1.57480300,-0.07874016
7.28787684,-1.57480300,-0.07874016
7.28828484,-1.57480300,0.00000000
7.28869284,-1.96850400,-0.07874016
7.28910084,-1.96850400,0.00000000
7.28950884,-1.96850400,-0.07874016
7.28991684,-2.36220500,0.00000000
7.29032484,-2.36220500,0.00000000
7.29073284,-2.36220500,0.00000000
7.29114084,-2.36220500,0.00000000
7.29154884,-1.96850400,-0.07874016
7.29195684,-2.75590500,0.00000000
7.29236484,-2.36220500,0.00000000
7.29277284,-2.36220500,-0.07874016
7.29318084,-2.36220500,-0.07874016
7.29358884,-1.96850400,-0.07874016
7.29399684,-1.57480300,0.00000000
7.29440484,-1.57480300,-0.07874016
7.29481284,-1.57480300,0.00000000
7.29522084,-1.57480300,0.00000000
7.29562884,-1.18110200,-0.07874016
7.29603684,-0.78740160,0.00000000
7.29644484,-0.39370080,0.00000000
7.29685284,0.00000000,0.00000000
7.29726084,0.00000000,0.00000000
7.29766884,0.39370080,0.00000000
7.29807684,0.39370080,0.00000000
7.29848484,1.18110200,0.00000000
7.29889284,1.18110200,0.00000000
7.29930084,1.96850400,-0.07874016
7.29970884,1.96850400,-0.07874016
7.30011684,1.96850400,0.00000000
7.30052484,2.36220500,0.00000000
7.30093284,2.75590500,0.00000000
7.30134084,2.36220500,0.00000000
7.30174884,2.75590500,0.00000000
7.30215684,2.75590500,-0.07874016
7.30256484,3.14960600,0.00000000
7.30297284,3.14960600,0.00000000
7.30338084,3.14960600,-0.07874016
7.30378884,3.14960600,0.00000000
7.30419684,3.54330700,-0.07874016
7.30460484,3.14960600,0.00000000
7.30501284,3.14960600,-0.07874016
7.30542084,3.14960600,0.00000000
7.30582884,2.36220500,-0.07874016
7.30623684,2.75590500,0.00000000
7.30664484,1.96850400,0.00000000
7.30705284,1.96850400,0.00000000
7.30746084,1.96850400,-0.07874016
7.30786884,1.57480300,0.00000000
7.30827684,1.57480300,0.00000000
7.30868484,1.18110200,0.00000000
7.30909284,1.57480300,-0.07874016
7.30950084,0.78740160,0.00000000
7.30990884,0.39370080,-0.07874016
7.31031684,0.00000000,-0.07874016
7.31072484,0.00000000,-0.07874016
7.31113284,-0.39370080,0.00000000
7.31154084,-0.39370080,0.00000000
7.31194884,-1.18110200,0.00000000
7.31235684,-1.18110200,0.00000000
7.31276484,-1.57480300,0.00000000
7.31317284,-1.57480300,0.00000000
7.31358084,-1.96850400,0.00000000
7.31398884,-2.36220500,0.00000000
7.31439684,-2.75590500,0.00000000
7.31480484,-2.36220500,0.00000000
7.31521284,-2.36220500,0.00000000
7.31562084,-2.36220500,0.00000000
7.31602884,-2.75590500,0.00000000
7.31643684,-2.75590500,0.00000000
7.31684484,-2.36220500,-0.07874016
7.31725284,-2.36220500,0.00000000
7.31766084,-2.36220500,0.00000000
7.31806884,-2.36220500,0.00000000
7.31847684,-1.96850400,0.00000000
7.31888484,-1.96850400,0.00000000
7.31929284,-1.96850400,0.00000000
7.31970084,-1.18110200,-0.07874016
7.32010884,-1.57480300,-0.07874016
7.32051684,-0.78740160,-0.07874016
7.32092484,-0.39370080,-0.07874016
7.32133284,-0.78740160,0.00000000
7.32174084,-0.39370080,-0.07874016
7.32214884,0.00000000,0.00000000
7.32255684,0.39370080,-0.07874016
7.32296484,0.78740160,0.00000000
7.32337284,0.78740160,0.00000000
7.32378084,1.18110200,0.00000000
7.32418884,1.57480300,0.00000000
7.32459684,1.57480300,0.00000000
7.32500484,1.96850400,0.00000000
7.32541284,2.36220500,0.00000000
7.32582084,2.75590500,0.00000000
7.32622884,2.75590500,0.00000000
7.32663684,2.75590500,-0.07874016
7.32704484,2.75590500,0.00000000
7.32745284,3.14960600,0.00000000
7.32786084,3.14960600,-0.07874016
7.32826884,3.14960600,0.00000000
7.32867684,3.54330700,0.00000000
7.32908484,3.14960600,0.00000000
7.32949284,3.14960600,-0.07874016
7.32990084,3.14960600,-0.07874016
7.33030884,3.14960600,-0.07874016
7.33071684,3.14960600,0.00000000
7.33112484,2.75590500,0.00000000
7.33153284,2.75590500,-0.07874016
7.33194084,2.36220500,0.00000000
7.33234884,1.96850400,0.00000000
7.33275684,1.57480300,-0.07874016
7.33316484,1.57480300,0.00000000
7.33357284,1.18110200,-0.07874016
7.33398084,1.18110200,-0.07874016
7.33438884,0.78740160,0.00000000
7.33479684,0.00000000,0.00000000
7.33520484,0.39370080,0.00000000
7.33561284,0.00000000,0.00000000
7.33602084,-0.39370080,0.00000000
7.33642884,-0.39370080,0.00000000
7.33683684,-1.18110200,0.00000000
7.33724484,-1.18110200,0.00000000
7.33765284,-1.57480300,-0.07874016
7.33806084,-1.96850400,0.00000000
7.33846884,-1.96850400,0.00000000
7.33887684,-1.96850400,0.00000000
7.33928484,-2.75590500,0.00000000
7.33969284,-2.36220500,-0.07874016
7.34010084,-2.36220500,0.00000000
7.34050884,-2.36220500,0.00000000
7.34091684,-2.36220500,-0.07874016
7.34132484,-2.75590500,0.00000000
7.34173284,-2.36220500,0.00000000
7.34214084,-2.36220500,0.00000000
7.34254884,-2.36220500,0.00000000
7.34295684,-1.96850400,0.00000000
7.34336484,-1.96850400,0.00000000
7.34377284,-1.96850400,0.00000000
7.34418084,-1.57480300,0.00000000
7.34458884,-1.57480300,0.00000000
7.34499684,-1.18110200,-0.07874016
7.34540484,-1.18110200,0.00000000
7.34581284,-1.18110200,-0.07874016
7.34622084,-0.39370080,0.00000000
7.34662884,0.00000000,0.00000000
7.34703684,0.00000000,0.00000000
7.34744484,0.39370080,0.00000000
7.34785284,0.78740160,0.00000000
7.34826084,0.78740160,-0.07874016
7.34866884,1.57480300,0.00000000
7.34907684,1.18110200,0.00000000
7.34948484,1.57480300,0.00000000
7.34989284,1.96850400,0.00000000
7.35030084,2.36220500,0.00000000
7.35070884,1.96850400,-0.07874016
7.35111684,2.75590500,0.00000000
7.35152484,2.75590500,0.00000000
7.35193284,2.75590500,0.00000000
7.35234084,2.75590500,0.00000000
7.35274884,3.54330700,0.00000000
7.35315684,3.54330700,0.00000000
7.35356484,3.54330700,0.00000000
7.35397284,3.14960600,-0.07874016
7.35438084,3.14960600,0.00000000
7.35478884,3.54330700,0.00000000
7.35519684,3.14960600,0.00000000
7.35560484,2.75590500,-0.07874016
7.35601284,2.75590500,0.00000000
7.35642084,2.36220500,0.00000000
7.35682884,2.36220500,0.00000000
7.35723684,2.36220500,0.00000000
7.35764484,1.96850400,0.00000000
7.35805284,1.96850400,0.00000000
7.35846084,1.57480300,0.00000000
7.35886883,1.18110200,-0.07874016
7.35927683,0.78740160,-0.07874016
7.35968483,0.00000000,0.00000000
7.36009283,0.39370080,0.00000000
7.36050083,0.00000000,0.00000000
7.36090883,0.00000000,0.00000000
7.36131683,-0.78740160,0.00000000
7.36172483,-0.78740160,0.00000000
7.36213283,-0.78740160,-0.07874016
7.36254083,-1.18110200,0.00000000
7.36294883,-1.57480300,-0.07874016
7.36335683,-1.96850400,-0.07874016
7.36376483,-1.96850400,0.00000000
7.36417283,-1.96850400,-0.07874016
7.36458083,-2.36220500,-0.07874016
7.36498883,-2.36220500,0.00000000
7.36539683,-2.75590500,-0.07874016
7.36580483,-2.75590500,0.00000000
7.36621283,-2.36220500,-0.07874016
7.36662083,-3.14960600,0.00000000
7.36702883,-2.36220500,-0.07874016
7.36743683,-2.36220500,0.00000000
7.36784483,-2.36220500,-0.07874016
7.36825283,-2.36220500,0.00000000
7.36866083,-1.96850400,0.00000000
7.36906883,-1.57480300,0.00000000
7.36947683,-1.57480300,0.00000000
7.36988483,-1.57480300,-0.07874016
7.37029283,-0.78740160,-0.07874016
7.37070083,-0.78740160,0.00000000
7.37110883,-0.78740160,-0.07874016
7.37151683,-0.78740160,0.00000000
7.37192483,0.00000000,-0.07874016
7.37233283,0.00000000,0.00000000
7.37274083,0.78740160,0.00000000
7.37314883,0.78740160,0.00000000
7.37355683,1.18110200,-0.07874016
7.37396483,1.57480300,0.00000000
7.37437283,1.57480300,-0.07874016
7.37478083,2.36220500,0.00000000
7.37518883,1.96850400,-0.07874016
7.37559683,2.75590500,0.00000000
7.37600483,2.36220500,0.00000000
7.37641283,2.75590500,-0.07874016
7.37682083,3.14960600,-0.07874016
7.37722883,3.14960600,0.00000000
7.37763683,3.14960600,-0.07874016
7.37804483,3.14960600,0.00000000
7.37845283,3.14960600,0.00000000
7.37886083,3.54330700,0.00000000
7.37926883,3.14960600,-0.07874016
7.37967683,3.14960600,-0.07874016
7.38008483,3.54330700,0.00000000
7.38049283,3.14960600,-0.07874016
7.38090083,2.75590500,0.00000000
7.38130883,2.75590500,0.00000000
7.38171683,2.36220500,0.00000000
7.38212483,2.36220500,0.00000000
7.38253283,1.96850400,0.00000000
7.38294083,1.57480300,0.00000000
7.38334883,1.57480300,-0.07874016
7.38375683,1.18110200,0.00000000
7.38416483,0.78740160,0.00000000
7.38457283,0.78740160,0.00000000
7.38498083,0.39370080,0.00000000
7.38538883,0.00000000,0.00000000
7.38579683,0.00000000,-0.07874016
7.38620483,-0.39370080,0.00000000
7.38661283,-0.78740160,0.00000000
7.38702083,-1.18110200,0.00000000
7.38742883,-1.57480300,0.00000000
7.38783683,-1.57480300,-0.07874016
7.38824483,-1.96850400,0.00000000
7.38865283,-1.96850400,0.00000000
7.38906083,-1.96850400,0.00000000
7.38946883,-2.36220500,0.00000000
7.38987683,-2.36220500,0.00000000
7.39028483,-2.36220500,0.00000000
7.39069283,-2.75590500,0.00000000
7.39110083,-2.36220500,0.00000000
7.39150883,-2.36220500,-0.07874016
7.39191683,-2.75590500,0.00000000
7.39232483,-2.36220500,0.00000000
7.39273283,-2.36220500,0.00000000
7.39314083,-2.36220500,0.00000000
7.39354883,-1.96850400,0.00000000
7.39395683,-1.96850400,-0.07874016
7.39436483,-1.57480300,0.00000000
7.39477283,-1.57480300,-0.07874016
7.39518083,-1.18110200,0.00000000
7.39558883,-1.18110200,0.00000000
7.39599683,-0.78740160,0.00000000
7.39640483,-0.78740160,0.00000000
7.39681283,-0.39370080,0.00000000
7.39722083,0.00000000,-0.07874016
7.39762883,0.39370080,0.00000000
7.39803683,0.78740160,-0.07874016
7.39844483,0.78740160,-0.07874016
7.39885283,1.57480300,0.00000000
7.39926083,1.96850400,0.00000000
7.39966883,1.96850400,0.00000000
7.40007683,1.96850400,0.00000000
7.40048483,2.36220500,-0.07874016
7.40089283,2.75590500,0.00000000
7.40130083,2.75590500,0.00000000
7.40170883,3.14960600,-0.07874016
7.40211683,3.14960600,0.00000000
7.40252483,3.14960600,0.00000000
7.40293283,3.54330700,0.00000000
7.40334083,3.54330700,0.00000000
7.40374883,3.54330700,0.00000000
7.40415683,3.54330700,0.00000000
7.40456483,3.54330700,0.00000000
7.40497283,3.54330700,0.00000000
7.40538083,3.14960600,-0.07874016
7.40578883,2.75590500,0.00000000
7.40619683,2.75590500,-0.07874016
7.40660483,2.36220500,0.00000000
7.40701283,2.75590500,0.00000000
7.40742083,2.36220500,0.00000000
7.40782883,1.96850400,-0.07874016
7.40823683,1.57480300,0.00000000
7.40864483,1.57480300,0.00000000
7.40905283,1.18110200,0.00000000
7.40946083,1.18110200,0.00000000
7.40986883,0.39370080,0.00000000
7.41027683,0.00000000,-0.07874016
7.41068483,0.00000000,0.00000000
7.41109283,-0.39370080,0.00000000
7.41150083,-0.78740160,0.00000000
7.41190883,-0.78740160,0.00000000
7.41231683,-1.57480300,-0.07874016
7.41272483,-1.57480300,-0.07874016
7.41313283,-2.36220500,0.00000000
7.41354083,-1.96850400,-0.07874016
7.41394883,-1.96850400,0.00000000
7.41435683,-1.96850400,0.00000000
7.41476483,-2.36220500,0.00000000
7.41517283,-2.36220500,-0.07874016
7.41558083,-2.75590500,0.00000000
7.41598883,-2.36220500,0.00000000
7.41639683,-2.36220500,0.00000000
7.41680483,-2.75590500,-0.07874016
7.41721283,-2.36220500,0.00000000
7.41762083,-2.36220500,0.00000000
7.41802883,-2.36220500,0.00000000
7.41843683,-2.36220500,-0.07874016
7.41884483,-1.96850400,0.00000000
7.41925283,-1.96850400,-0.07874016
7.41966083,-1.96850400,0.00000000
7.42006883,-1.18110200,-0.07874016
7.42047683,-1.18110200,0.00000000
7.42088483,-0.39370080,-0.07874016
7.42129283,-0.39370080,0.00000000
7.42170083,-0.39370080,-0.07874016
7.42210883,0.00000000,0.00000000
7.42251683,0.39370080,0.00000000
7.42292483,0.78740160,0.00000000
7.42333283,1.18110200,-0.07874016
7.42374083,1.57480300,0.00000000
7.42414883,1.57480300,-0.07874016
7.42455683,1.96850400,0.00000000
7.42496483,1.96850400,0.00000000
7.42537283,2.36220500,0.00000000
7.42578083,2.75590500,0.00000000
7.42618883,3.14960600,0.00000000
7.42659683,3.14960600,-0.07874016
7.42700483,2.75590500,0.00000000
7.42741283,3.54330700,0.00000000
7.42782083,3.14960600,0.00000000
7.42822883,3.54330700,-0.07874016
7.42863683,3.54330700,0.00000000
7.42904483,3.14960600,0.00000000
7.42945283,3.14960600,0.00000000
7.42986083,3.54330700,0.00000000
7.43026883,3.14960600,0.00000000
7.43067683,3.14960600,-0.07874016
7.43108483,3.14960600,0.00000000
7.43149283,2.75590500,0.00000000
7.43190083,2.36220500,0.00000000
7.43230883,1.96850400,0.00000000
7.43271683,1.96850400,0.00000000
7.43312483,1.57480300,0.00000000
7.43353283,1.18110200,0.00000000
7.43394083,0.78740160,0.00000000
7.43434883,0.78740160,0.00000000
7.43475683,0.39370080,0.00000000
7.43516483,0.00000000,0.00000000
7.43557283,0.00000000,-0.07874016
7.43598083,-0.39370080,0.00000000
7.43638883,-0.78740160,-0.07874016
7.43679683,-0.78740160,0.00000000
7.43720483,-1.18110200,0.00000000
7.43761283,-1.57480300,0.00000000
7.43802083,-1.96850400,-0.07874016
7.43842883,-1.96850400,-0.07874016
7.43883683,-2.36220500,-0.07874016
7.43924483,-2.36220500,0.00000000
7.43965283,-2.36220500,-0.07874016
7.44006083,-2.75590500,0.00000000
7.44046883,-2.36220500,-0.07874016
7.44087683,-2.75590500,0.00000000
7.44128483,-2.75590500,0.00000000
7.44169283,-2.75590500,0.00000000
7.44210083,-2.36220500,-0.07874016
7.44250883,-2.75590500,0.00000000
7.44291683,-2.36220500,-0.07874016
7.44332483,-2.36220500,0.00000000
7.44373283,-2.36220500,0.00000000
7.44414083,-1.96850400,0.00000000
7.44454883,-1.96850400,0.00000000
7.44495683,-1.57480300,-0.07874016
7.44536483,-1.18110200,0.00000000
7.44577283,-0.78740160,0.00000000
7.44618083,-0.39370080,-0.07874016
7.44658883,-0.39370080,0.00000000
7.44699683,0.00000000,-0.07874016
7.44740483,0.39370080,0.00000000
7.44781283,0.39370080,0.00000000
7.44822083,1.18110200,-0.07874016
7.44862883,1.18110200,0.00000000
7.44903683,1.57480300,0.00000000
7.44944483,1.96850400,0.00000000
7.44985283,1.96850400,0.00000000
7.45026083,2.36220500,0.00000000
7.45066883,2.75590500,0.00000000
7.45107683,2.36220500,0.00000000
7.45148483,3.14960600,0.00000000
7.45189283,3.14960600,0.00000000
7.45230083,3.14960600,-0.07874016
7.45270883,3.14960600,-0.07874016
7.45311683,3.14960600,0.00000000
7.45352483,3.14960600,-0.07874016
7.45393283,3.14960600,-0.07874016
7.45434083,3.54330700,-0.07874016
7.45474883,3.54330700,0.00000000
7.45515683,3.54330700,0.00000000
7.45556483,3.14960600,0.00000000
7.45597283,2.75590500,0.00000000
7.45638083,2.75590500,0.00000000
7.45678883,2.75590500,0.00000000
7.45719683,2.36220500,0.00000000
7.45760483,1.96850400,-0.07874016
7.45801283,1.57480300,0.00000000
7.45842083,1.57480300,0.00000000
7.45882883,1.18110200,-0.07874016
7.45923683,0.78740160,-0.07874016
7.45964483,0.39370080,0.00000000
7.46005283,0.39370080,0.00000000
7.46046083,0.00000000,0.00000000
7.46086883,0.00000000,0.00000000
7.46127683,-0.78740160,0.00000000
7.46168483,-0.78740160,0.00000000
7.46209283,-1.57480300,0.00000000
7.46250083,-1.57480300,0.00000000
7.46290883,-1.96850400,0.00000000
7.46331683,-1.96850400,0.00000000
7.46372483,-1.96850400,0.00000000
7.46413283,-2.75590500,0.00000000
7.46454083,-2.36220500,0.00000000
7.46494883,-2.75590500,0.00000000
7.46535683,-2.36220500,0.00000000
7.46576483,-2.36220500,0.00000000
7.46617283,-2.75590500,-0.07874016
7.46658083,-2.75590500,0.00000000
7.46698883,-2.75590500,0.00000000
7.46739683,-2.36220500,0.00000000
7.46780483,-2.36220500,0.00000000
7.46821283,-1.96850400,-0.07874016
7.46862083,-1.96850400,0.00000000
7.46902883,-1.96850400,0.00000000
7.46943683,-1.57480300,0.00000000
7.46984483,-1.96850400,0.00000000
7.47025283,-1.18110200,0.00000000
7.47066083,-1.18110200,0.00000000
7.47106883,-0.78740160,0.00000000
7.47147683,-0.39370080,-0.07874016
7.47188483,-0.39370080,-0.07874016
7.47229283,0.39370080,-0.07874016
7.47270083,0.78740160,0.00000000
7.47310883,0.78740160,0.00000000
7.47351683,1.18110200,0.00000000
7.47392483,1.18110200,-0.07874016
7.47433283,1.96850400,0.00000000
7.47474083,1.96850400,-0.07874016
7.47514883,1.96850400,0.00000000
7.47555683,2.36220500,-0.07874016
7.47596483,2.75590500,0.00000000
7.47637283,2.75590500,0.00000000
7.47678083,3.14960600,0.00000000
7.47718883,3.14960600,0.00000000
7.47759683,3.54330700,0.00000000
7.47800483,3.14960600,0.00000000
7.47841283,3.54330700,0.00000000
7.47882083,3.54330700,-0.07874016
7.47922883,3.54330700,0.00000000
7.47963683,3.54330700,0.00000000
7.48004483,3.14960600,0.00000000
7.48045283,3.14960600,0.00000000
7.48086083,2.75590500,0.00000000
7.48126883,3.14960600,0.00000000
7.48167683,2.36220500,0.00000000
7.48208483,2.36220500,-0.07874016
7.48249283,1.96850400,0.00000000
7.48290083,1.57480300,-0.07874016
7.48330883,1.57480300,0.00000000
7.48371683,1.18110200,0.00000000
7.48412483,0.78740160,0.00000000
7.48453283,0.78740160,-0.07874016
7.48494083,0.00000000,0.00000000
7.48534883,0.00000000,0.00000000
7.48575683,-0.39370080,0.00000000
7.48616483,-0.39370080,0.00000000
7.48657283,-0.78740160,0.00000000
7.48698083,-1.18110200,-0.07874016
7.48738883,-1.18110200,0.00000000
7.48779683,-1.57480300,-0.07874016
7.48820483,-1.96850400,0.00000000
7.48861283,-2.36220500,-0.07874016
7.48902083,-2.36220500,0.00000000
7.48942883,-2.36220500,0.00000000
7.48983683,-2.75590500,0.00000000
7.49024483,-2.36220500,0.00000000
7.49065283,-2.36220500,0.00000000
7.49106083,-2.36220500,-0.07874016
7.49146883,-2.36220500,0.00000000
7.49187683,-2.75590500,0.00000000
7.49228483,-2.36220500,0.00000000
7.49269283,-2.36220500,0.00000000
7.49310083,-2.36220500,0.00000000
7.49350883,-1.96850400,0.00000000
7.49391683,-1.96850400,0.00000000
7.49432483,-1.96850400,-0.07874016
7.49473283,-1.96850400,0.00000000
7.49514083,-1.18110200,-0.07874016
7.49554883,-0.78740160,0.00000000
7.49595683,-0.78740160,0.00000000
7.49636483,0.00000000,0.00000000
7.49677283,0.00000000,-0.07874016
7.49718083,0.00000000,0.00000000
7.49758883,0.39370080,0.00000000
7.49799683,0.39370080,0.00000000
7.49840483,0.78740160,-0.07874016
7.49881283,1.57480300,-0.07874016
7.49922083,1.57480300,0.00000000
7.49962883,1.96850400,0.00000000
7.50003683,1.96850400,0.00000000
7.50044483,2.75590500,0.00000000
7.50085283,2.75590500,-0.07874016
7.50126083,2.75590500,0.00000000
7.50166883,2.75590500,0.00000000
7.50207683,3.54330700,0.00000000
7.50248483,3.54330700,0.00000000
7.50289283,3.14960600,0.00000000
7.50330083,3.54330700,0.00000000
7.50370883,3.54330700,-0.07874016
7.50411683,3.54330700,0.00000000
7.50452483,3.54330700,0.00000000
7.50493283,3.14960600,0.00000000
7.50534083,3.54330700,0.00000000
7.50574883,2.75590500,-0.07874016
7.50615683,2.75590500,0.00000000
7.50656483,2.75590500,0.00000000
7.50697283,1.96850400,0.00000000
7.50738083,1.96850400,0.00000000
7.50778883,1.96850400,0.00000000
7.50819683,1.57480300,-0.07874016
7.50860483,1.18110200,-0.07874016
7.50901283,1.18110200,-0.07874016
7.50942083,0.78740160,0.00000000
7.50982883,0.00000000,0.00000000
7.51023683,0.00000000,0.00000000
7.51064483,0.00000000,-0.07874016
7.51105283,-0.39370080,0.00000000
7.51146083,-0.78740160,-0.07874016
7.51186883,-1.18110200,0.00000000
7.51227683,-1.57480300,-0.07874016
7.51268483,-1.57480300,0.00000000
7.51309283,-1.57480300,-0.07874016
7.51350083,-1.96850400,0.00000000
7.51390883,-1.96850400,-0.07874016
7.51431683,-2.36220500,0.00000000
7.51472483,-2.36220500,-0.07874016
7.51513283,-2.75590500,0.00000000
7.51554083,-2.75590500,-0.07874016
7.51594883,-2.75590500,0.00000000
7.51635683,-2.36220500,-0.07874016
7.51676483,-2.36220500,-0.07874016
7.51717283,-2.36220500,-0.07874016
7.51758083,-2.36220500,0.00000000
7.51798883,-2.36220500,-0.07874016
7.51839683,-1.96850400,0.00000000
7.51880483,-1.96850400,0.00000000
7.51921283,-1.96850400,0.00000000
7.51962083,-1.96850400,0.00000000
7.52002883,-1.18110200,0.00000000
7.52043683,-0.78740160,-0.07874016
7.52084483,-1.18110200,0.00000000
7.52125283,-0.39370080,0.00000000
7.52166083,0.00000000,0.00000000
7.52206883,0.00000000,-0.07874016
7.52247683,0.39370080,0.00000000
7.52288483,1.18110200,-0.07874016
7.52329283,1.18110200,0.00000000
7.52370083,1.18110200,0.00000000
7.52410883,1.57480300,0.00000000
7.52451683,1.57480300,0.00000000
7.52492483,1.96850400,0.00000000
7.52533283,2.36220500,-0.07874016
7.52574083,2.75590500,0.00000000
7.52614883,2.75590500,0.00000000
7.52655683,3.14960600,0.00000000
7.52696483,3.14960600,0.00000000
7.52737283,3.14960600,0.00000000
7.52778083,3.14960600,0.00000000
7.52818883,3.54330700,0.00000000
7.52859683,3.54330700,0.00000000
7.52900483,3.54330700,-0.07874016
7.52941283,3.54330700,-0.07874016
7.52982083,3.54330700,0.00000000
7.53022883,3.14960600,-0.07874016
7.53063683,3.14960600,0.00000000
7.53104483,2.75590500,-0.07874016
7.53145283,2.75590500,0.00000000
7.53186083,2.36220500,0.00000000
7.53226883,1.96850400,0.00000000
7.53267683,1.96850400,-0.07874016
7.53308483,1.57480300,0.00000000
7.53349283,1.18110200,-0.07874016
7.53390083,1.18110200,0.00000000
7.53430883,0.78740160,-0.07874016
7.53471683,0.39370080,0.00000000
7.53512483,0.39370080,0.00000000
7.53553283,-0.39370080,0.00000000
7.53594082,-0.78740160,-0.07874016
7.53634882,-0.39370080,0.00000000
7.53675682,-0.78740160,0.00000000
7.53716482,-1.18110200,0.00000000
7.53757282,-1.57480300,-0.07874016
7.53798082,-1.96850400,0.00000000
7.53838882,-1.96850400,0.00000000
7.53879682,-1.96850400,0.00000000
7.53920482,-2.75590500,0.00000000
7.53961282,-2.36220500,0.00000000
7.54002082,-2.36220500,0.00000000
7.54042882,-2.36220500,0.00000000
7.54083682,-2.36220500,0.00000000
7.54124482,-2.75590500,0.00000000
7.54165282,-2.75590500,-0.07874016
7.54206082,-2.36220500,0.00000000
7.54246882,-2.75590500,-0.07874016
7.54287682,-2.75590500,0.00000000
7.54328482,-2.36220500,0.00000000
7.54369282,-1.96850400,0.00000000
7.54410082,-1.96850400,0.00000000
7.54450882,-1.57480300,-0.07874016
7.54491682,-1.57480300,0.00000000
7.54532482,-1.18110200,0.00000000
7.54573282,-0.78740160,-0.07874016
7.54614082,-0.78740160,0.00000000
7.54654882,-0.39370080,-0.07874016
7.54695682,0.00000000,-0.07874016
7.54736482,0.00000000,0.00000000
7.54777282,0.78740160,0.00000000
7.54818082,0.78740160,-0.07874016
7.54858882,1.18110200,0.00000000
7.54899682,1.57480300,0.00000000
7.54940482,1.57480300,0.00000000
7.54981282,1.96850400,-0.07874016
7.55022082,1.96850400,-0.07874016
7.55062882,2.36220500,-0.07874016
7.55103682,2.36220500,0.00000000
7.55144482,2.75590500,0.00000000
7.55185282,3.14960600,0.00000000
7.55226082,3.14960600,0.00000000
7.55266882,3.14960600,0.00000000
7.55307682,3.14960600,0.00000000
7.55348482,3.14960600,0.00000000
7.55389282,3.14960600,-0.07874016
7.55430082,3.14960600,0.00000000
7.55470882,3.14960600,0.00000000
7.55511682,3.14960600,0.00000000
7.55552482,3.14960600,0.00000000
7.55593282,2.75590500,0.00000000
7.55634082,2.75590500,0.00000000
7.55674882,2.75590500,0.00000000
7.55715682,2.36220500,0.00000000
7.55756482,1.96850400,0.00000000
7.55797282,1.57480300,0.00000000
7.55838082,1.57480300,0.00000000
7.55878882,1.18110200,-0.07874016
7.55919682,0.78740160,0.00000000
7.55960482,0.39370080,0.00000000
7.56001282,0.39370080,0.00000000
7.56042082,0.00000000,0.00000000
7.56082882,0.00000000,0.00000000
7.56123682,-0.39370080,0.00000000
7.56164482,-1.18110200,-0.07874016
7.56205282,-1.57480300,-0.07874016
7.56246082,-1.18110200,0.00000000
7.56286882,-1.57480300,-0.07874016
7.56327682,-1.96850400,0.00000000
7.56368482,-1.96850400,0.00000000
7.56409282,-2.75590500,-0.07874016
7.56450082,-2.36220500,0.00000000
7.56490882,-2.75590500,0.00000000
7.56531682,-2.75590500,0.00000000
7.56572482,-2.75590500,0.00000000
7.56613282,-2.36220500,0.00000000
7.56654082,-2.36220500,0.00000000
7.56694882,-2.36220500,-0.07874016
7.56735682,-2.36220500,0.00000000
7.56776482,-1.96850400,-0.07874016
7.56817282,-2.36220500,-0.07874016
7.56858082,-1.96850400,0.00000000
7.56898882,-1.96850400,0.00000000
7.56939682,-1.57480300,0.00000000
7.56980482,-1.57480300,0.00000000
7.57021282,-1.18110200,0.00000000
7.57062082,-1.18110200,0.00000000
7.57102882,-0.78740160,0.00000000
7.57143682,-0.39370080,0.00000000
7.57184482,0.00000000,-0.07874016
7.57225282,0.39370080,0.00000000
7.57266082,0.39370080,-0.07874016
7.57306882,0.78740160,0.00000000
7.57347682,1.18110200,0.00000000
7.57388482,1.57480300,0.00000000
7.57429282,1.57480300,0.00000000
7.57470082,1.96850400,0.00000000
7.57510882,1.96850400,0.00000000
7.57551682,1.96850400,-0.07874016
7.57592482,2.75590500,0.00000000
7.57633282,2.75590500,0.00000000
7.57674082,3.14960600,0.00000000
7.57714882,2.75590500,0.00000000
7.57755682,2.75590500,-0.07874016
7.57796482,3.54330700,0.00000000
7.57837282,3.14960600,-0.07874016
7.57878082,3.14960600,0.00000000
7.57918882,3.54330700,-0.07874016
7.57959682,3.14960600,-0.07874016
7.58000482,3.14960600,0.00000000
7.58041282,3.14960600,0.00000000
7.58082082,3.14960600,0.00000000
7.58122882,2.36220500,0.00000000
7.58163682,2.36220500,0.00000000
7.58204482,2.36220500,0.00000000
7.58245282,1.96850400,-0.07874016
7.58286082,1.96850400,0.00000000
7.58326882,1.57480300,0.00000000
7.58367682,1.57480300,0.00000000
7.58408482,1.18110200,-0.07874016
7.58449282,0.78740160,0.00000000
7.58490082,0.39370080,0.00000000
7.58530882,0.00000000,0.00000000
7.58571682,0.00000000,0.00000000
7.58612482,-0.39370080,0.00000000
7.58653282,-0.78740160,0.00000000
7.58694082,-1.18110200,0.00000000
7.58734882,-1.18110200,0.00000000
7.58775682,-1.57480300,0.00000000
7.58816482,-1.96850400,-0.07874016
7.58857282,-1.96850400,0.00000000
7.58898082,-1.96850400,-0.07874016
7.58938882,-1.96850400,0.00000000
7.58979682,-2.36220500,-0.07874016
7.59020482,-1.96850400,0.00000000
7.59061282,-2.36220500,0.00000000
7.59102082,-2.75590500,0.00000000
7.59142882,-1.96850400,-0.07874016
7.59183682,-2.75590500,0.00000000
7.59224482,-2.36220500,-0.07874016
7.59265282,-2.75590500,0.00000000
7.59306082,-2.36220500,0.00000000
7.59346882,-1.96850400,-0.07874016
7.59387682,-1.96850400,-0.07874016
7.59428482,-1.57480300,0.00000000
7.59469282,-1.57480300,-0.07874016
7.59510082,-1.57480300,0.00000000
7.59550882,-1.18110200,-0.07874016
7.59591682,-0.78740160,0.00000000
7.59632482,-0.78740160,0.00000000
7.59673282,0.00000000,-0.07874016
7.59714082,0.00000000,0.00000000
7.59754882,0.00000000,0.00000000
7.59795682,0.39370080,-0.07874016
7.59836482,1.18110200,0.00000000
7.59877282,1.18110200,0.00000000
7.59918082,1.57480300,0.00000000
7.59958882,1.57480300,0.00000000
7.59999682,2.36220500,0.00000000
7.60040482,2.36220500,0.00000000
7.60081282,2.36220500,0.00000000
7.60122082,2.75590500,0.00000000
7.60162882,2.75590500,0.00000000
7.60203682,3.14960600,0.00000000
7.60244482,3.14960600,0.00000000
7.60285282,3.54330700,0.00000000
7.60326082,3.54330700,0.00000000
7.60366882,3.54330700,-0.07874016
7.60407682,3.54330700,0.00000000
7.60448482,3.54330700,0.00000000
7.60489282,3.14960600,0.00000000
7.60530082,3.14960600,0.00000000
7.60570882,3.14960600,0.00000000
7.60611682,2.75590500,-0.07874016
7.60652482,2.75590500,0.00000000
7.60693282,2.36220500,-0.07874016
7.60734082,1.96850400,-0.07874016
7.60774882,1.96850400,-0.07874016
7.60815682,1.96850400,0.00000000
7.60856482,1.57480300,0.00000000
7.60897282,1.18110200,0.00000000
7.60938082,1.18110200,0.00000000
7.60978882,0.78740160,0.00000000
7.61019682,0.39370080,0.00000000
7.61060482,0.00000000,0.00000000
7.61101282,0.00000000,0.00000000
7.61142082,-0.78740160,0.00000000
7.61182882,-0.78740160,-0.07874016
7.61223682,-0.78740160,0.00000000
7.61264482,-1.18110200,0.00000000
7.61305282,-1.96850400,0.00000000
7.61346082,-1.57480300,0.00000000
7.61386882,-1.96850400,0.00000000
7.61427682,-1.96850400,0.00000000
7.61468482,-1.96850400,0.00000000
7.61509282,-2.75590500,0.00000000
7.61550082,-2.36220500,0.00000000
7.61590882,-2.36220500,0.00000000
7.61631682,-2.75590500,0.00000000
7.61672482,-2.36220500,0.00000000
7.61713282,-2.75590500,0.00000000
7.61754082,-2.36220500,0.00000000
7.61794882,-2.36220500,-0.07874016
7.61835682,-2.36220500,0.00000000
7.61876482,-1.96850400,0.00000000
7.61917282,-1.96850400,0.00000000
7.61958082,-1.57480300,0.00000000
7.61998882,-1.18110200,-0.07874016
7.62039682,-1.18110200,-0.07874016
7.62080482,-0.78740160,0.00000000
7.62121282,-0.39370080,0.00000000
7.62162082,-0.39370080,0.00000000
7.62202882,-0.39370080,0.00000000
7.62243682,0.39370080,0.00000000
7.62284482,0.39370080,0.00000000
7.62325282,1.18110200,-0.07874016
7.62366082,1.18110200,0.00000000
7.62406882,1.18110200,-0.07874016
7.62447682,1.57480300,0.00000000
7.62488482,1.96850400,-0.07874016
7.62529282,2.36220500,0.00000000
7.62570082,2.36220500,0.00000000
7.62610882,2.75590500,0.00000000
7.62651682,2.36220500,0.00000000
7.62692482,2.75590500,0.00000000
7.62733282,2.75590500,0.00000000
7.62774082,3.14960600,0.00000000
7.62814882,3.14960600,-0.07874016
7.62855682,3.14960600,0.00000000
7.62896482,3.14960600,-0.07874016
7.62937282,3.14960600,0.00000000
7.62978082,3.14960600,0.00000000
7.63018882,3.14960600,0.00000000
7.63059682,3.14960600,0.00000000
7.63100482,2.75590500,0.00000000
7.63141282,2.75590500,0.00000000
7.63182082,2.36220500,-0.07874016
7.63222882,1.96850400,0.00000000
7.63263682,1.96850400,0.00000000
7.63304482,1.57480300,0.00000000
7.63345282,1.57480300,0.00000000
7.63386082,1.18110200,0.00000000
7.63426882,0.78740160,0.00000000
7.63467682,0.78740160,-0.07874016
7.63508482,0.39370080,0.00000000
7.63549282,0.00000000,0.00000000
7.63590082,0.00000000,0.00000000
7.63630882,-0.78740160,-0.07874016
7.63671682,-0.39370080,0.00000000
